2.525 0.0 0.05 0.005 0.0 1.0 0.0 1.0 0.0 0.0 1 2
2.575 0.0 0.05 0.005 0.0 1.0 0.0 1.0 0.0 0.0 1 2
2.625 0.0 0.05 0.005 0.0 1.0 0.0 1.0 0.0 0.0 1 2
2.675 0.0 0.05 0.005 0.0 1.0 0.0 1.0 0.0 0.0 1 2
2.725 0.0 0.05 0.005 0.0 1.0 0.0 1.0 0.0 0.0 1 2
2.775 0.0 0.05 0.005 0.0 1.0 0.0 1.0 0.0 0.0 1 2
2.825 0.0 0.05 0.005 0.0 1.0 0.0 1.0 0.0 0.0 1 2
2.875 0.0 0.05 0.005 0.0 1.0 0.0 1.0 0.0 0.0 1 2
2.925 0.0 0.05 0.005 0.0 1.0 0.0 1.0 0.0 0.0 1 2
2.975 0.0 0.05 0.005 0.0 1.0 0.0 1.0 0.0 0.0 1 2
3.025 0.0 0.05 0.005 0.0 1.0 0.0 1.0 0.0 0.0 1 2
3.075 0.0 0.05 0.005 0.0 1.0 0.0 1.0 0.0 0.0 1 2
3.125 0.0 0.05 0.005 0.0 1.0 0.0 1.0 0.0 0.0 1 2
3.175 0.0 0.05 0.005 0.0 1.0 0.0 1.0 0.0 0.0 1 2
3.225 0.0 0.05 0.005 0.0 1.0 0.0 1.0 0.0 0.0 1 2
3.275 0.0 0.05 0.005 0.0 1.0 0.0 1.0 0.0 0.0 1 2
3.325 0.0 0.05 0.005 0.0 1.0 0.0 1.0 0.0 0.0 1 2
3.375 0.0 0.05 0.005 0.0 1.0 0.0 1.0 0.0 0.0 1 2
3.425 0.0 0.05 0.005 0.0 1.0 0.0 1.0 0.0 0.0 1 2
3.475 0.0 0.05 0.005 0.0 1.0 0.0 1.0 0.0 0.0 1 2
3.525 0.0 0.05 0.005 0.0 1.0 0.0 1.0 0.0 0.0 1 2
3.575 0.0 0.05 0.005 0.0 1.0 0.0 1.0 0.0 0.0 1 2
3.625 0.0 0.05 0.005 0.0 1.0 0.0 1.0 0.0 0.0 1 2
3.675 0.0 0.05 0.005 0.0 1.0 0.0 1.0 0.0 0.0 1 2
3.725 0.0 0.05 0.005 0.0 1.0 0.0 1.0 0.0 0.0 1 2
3.775 0.0 0.05 0.005 0.0 1.0 0.0 1.0 0.0 0.0 1 2
3.825 0.0 0.05 0.005 0.0 1.0 0.0 1.0 0.0 0.0 1 2
3.875 0.0 0.05 0.005 0.0 1.0 0.0 1.0 0.0 0.0 1 2
3.925 0.0 0.05 0.005 0.0 1.0 0.0 1.0 0.0 0.0 1 2
3.975 0.0 0.05 0.005 0.0 1.0 0.0 1.0 0.0 0.0 1 2
4.025 0.0 0.05 0.005 0.0 1.0 0.0 1.0 0.0 0.0 1 2
4.075 0.0 0.05 0.005 0.0 1.0 0.0 1.0 0.0 0.0 1 2
4.125 0.0 0.05 0.005 0.0 1.0 0.0 1.0 0.0 0.0 1 2
4.175 0.0 0.05 0.005 0.0 1.0 0.0 1.0 0.0 0.0 1 2
4.225 0.0 0.05 0.005 0.0 1.0 0.0 1.0 0.0 0.0 1 2
4.275 0.0 0.05 0.005 0.0 1.0 0.0 1.0 0.0 0.0 1 2
4.325 0.0 0.05 0.005 0.0 1.0 0.0 1.0 0.0 0.0 1 2
4.375 0.0 0.05 0.005 0.0 1.0 0.0 1.0 0.0 0.0 1 2
4.425 0.0 0.05 0.005 0.0 1.0 0.0 1.0 0.0 0.0 1 2
4.475 0.0 0.05 0.005 0.0 1.0 0.0 1.0 0.0 0.0 1 2
4.525 0.0 0.05 0.005 0.0 1.0 0.0 1.0 0.0 0.0 1 2
4.575 0.0 0.05 0.005 0.0 1.0 0.0 1.0 0.0 0.0 1 2
4.625 0.0 0.05 0.005 0.0 1.0 0.0 1.0 0.0 0.0 1 2
4.675 0.0 0.05 0.005 0.0 1.0 0.0 1.0 0.0 0.0 1 2
4.725 0.0 0.05 0.005 0.0 1.0 0.0 1.0 0.0 0.0 1 2
4.775 0.0 0.05 0.005 0.0 1.0 0.0 1.0 0.0 0.0 1 2
4.825 0.0 0.05 0.005 0.0 1.0 0.0 1.0 0.0 0.0 1 2
4.875 0.0 0.05 0.005 0.0 1.0 0.0 1.0 0.0 0.0 1 2
4.925 0.0 0.05 0.005 0.0 1.0 0.0 1.0 0.0 0.0 1 2
4.975 0.0 0.05 0.005 0.0 1.0 0.0 1.0 0.0 0.0 1 2
5.025 0.0 0.05 0.005 0.0 1.0 0.0 1.0 0.0 0.0 1 2
5.075 0.0 0.05 0.005 0.0 1.0 0.0 1.0 0.0 0.0 1 2
5.125 0.0 0.05 0.005 0.0 1.0 0.0 1.0 0.0 0.0 1 2
5.175 0.0 0.05 0.005 0.0 1.0 0.0 1.0 0.0 0.0 1 2
5.225 0.0 0.05 0.005 0.0 1.0 0.0 1.0 0.0 0.0 1 2
5.275 0.0 0.05 0.005 0.0 1.0 0.0 1.0 0.0 0.0 1 2
5.325 0.0 0.05 0.005 0.0 1.0 0.0 1.0 0.0 0.0 1 2
5.375 0.0 0.05 0.005 0.0 1.0 0.0 1.0 0.0 0.0 1 2
5.425 0.0 0.05 0.005 0.0 1.0 0.0 1.0 0.0 0.0 1 2
5.475 0.0 0.05 0.005 0.0 1.0 0.0 1.0 0.0 0.0 1 2
5.525 0.0 0.05 0.005 0.0 1.0 0.0 1.0 0.0 0.0 1 2
5.575 0.0 0.05 0.005 0.0 1.0 0.0 1.0 0.0 0.0 1 2
5.625 0.0 0.05 0.005 0.0 1.0 0.0 1.0 0.0 0.0 1 2
5.675 0.0 0.05 0.005 0.0 1.0 0.0 1.0 0.0 0.0 1 2
5.725 0.0 0.05 0.005 0.0 1.0 0.0 1.0 0.0 0.0 1 2
5.775 0.0 0.05 0.005 0.0 1.0 0.0 1.0 0.0 0.0 1 2
5.825 0.0 0.05 0.005 0.0 1.0 0.0 1.0 0.0 0.0 1 2
5.875 0.0 0.05 0.005 0.0 1.0 0.0 1.0 0.0 0.0 1 2
5.925 0.0 0.05 0.005 0.0 1.0 0.0 1.0 0.0 0.0 1 2
5.975 0.0 0.05 0.005 0.0 1.0 0.0 1.0 0.0 0.0 1 2
6.025 0.0 0.05 0.005 0.0 1.0 0.0 1.0 0.0 0.0 1 2
6.075 0.0 0.05 0.005 0.0 1.0 0.0 1.0 0.0 0.0 1 2
6.125 0.0 0.05 0.005 0.0 1.0 0.0 1.0 0.0 0.0 1 2
6.175 0.0 0.05 0.005 0.0 1.0 0.0 1.0 0.0 0.0 1 2
6.225 0.0 0.05 0.005 0.0 1.0 0.0 1.0 0.0 0.0 1 2
6.275 0.0 0.05 0.005 0.0 1.0 0.0 1.0 0.0 0.0 1 2
6.325 0.0 0.05 0.005 0.0 1.0 0.0 1.0 0.0 0.0 1 2
6.375 0.0 0.05 0.005 0.0 1.0 0.0 1.0 0.0 0.0 1 2
6.425 0.0 0.05 0.005 0.0 1.0 0.0 1.0 0.0 0.0 1 2
6.475 0.0 0.05 0.005 0.0 1.0 0.0 1.0 0.0 0.0 1 2
6.525 0.0 0.05 0.005 0.0 1.0 0.0 1.0 0.0 0.0 1 2
6.575 0.0 0.05 0.005 0.0 1.0 0.0 1.0 0.0 0.0 1 2
6.625 0.0 0.05 0.005 0.0 1.0 0.0 1.0 0.0 0.0 1 2
6.675 0.0 0.05 0.005 0.0 1.0 0.0 1.0 0.0 0.0 1 2
6.725 0.0 0.05 0.005 0.0 1.0 0.0 1.0 0.0 0.0 1 2
6.775 0.0 0.05 0.005 0.0 1.0 0.0 1.0 0.0 0.0 1 2
6.825 0.0 0.05 0.005 0.0 1.0 0.0 1.0 0.0 0.0 1 2
6.875 0.0 0.05 0.005 0.0 1.0 0.0 1.0 0.0 0.0 1 2
6.925 0.0 0.05 0.005 0.0 1.0 0.0 1.0 0.0 0.0 1 2
6.975 0.0 0.05 0.005 0.0 1.0 0.0 1.0 0.0 0.0 1 2
7.025 0.0 0.05 0.005 0.0 1.0 0.0 1.0 0.0 0.0 1 2
7.075 0.0 0.05 0.005 0.0 1.0 0.0 1.0 0.0 0.0 1 2
7.125 0.0 0.05 0.005 0.0 1.0 0.0 1.0 0.0 0.0 1 2
7.175 0.0 0.05 0.005 0.0 1.0 0.0 1.0 0.0 0.0 1 2
7.225 0.0 0.05 0.005 0.0 1.0 0.0 1.0 0.0 0.0 1 2
7.275 0.0 0.05 0.005 0.0 1.0 0.0 1.0 0.0 0.0 1 2
7.325 0.0 0.05 0.005 0.0 1.0 0.0 1.0 0.0 0.0 1 2
7.375 0.0 0.05 0.005 0.0 1.0 0.0 1.0 0.0 0.0 1 2
7.425 0.0 0.05 0.005 0.0 1.0 0.0 1.0 0.0 0.0 1 2
7.475 0.0 0.05 0.005 0.0 1.0 0.0 1.0 0.0 0.0 1 2
7.525 0.0 0.05 0.005 0.0 1.0 0.0 1.0 0.0 0.0 1 2
7.575 0.0 0.05 0.005 0.0 1.0 0.0 1.0 0.0 0.0 1 2
7.625 0.0 0.05 0.005 0.0 1.0 0.0 1.0 0.0 0.0 1 2
7.675 0.0 0.05 0.005 0.0 1.0 0.0 1.0 0.0 0.0 1 2
7.725 0.0 0.05 0.005 0.0 1.0 0.0 1.0 0.0 0.0 1 2
7.775 0.0 0.05 0.005 0.0 1.0 0.0 1.0 0.0 0.0 1 2
7.825 0.0 0.05 0.005 0.0 1.0 0.0 1.0 0.0 0.0 1 2
7.875 0.0 0.05 0.005 0.0 1.0 0.0 1.0 0.0 0.0 1 2
7.925 0.0 0.05 0.005 0.0 1.0 0.0 1.0 0.0 0.0 1 2
7.975 0.0 0.05 0.005 0.0 1.0 0.0 1.0 0.0 0.0 1 2
8.025 0.0 0.05 0.005 0.0 1.0 0.0 1.0 0.0 0.0 1 2
8.075 0.0 0.05 0.005 0.0 1.0 0.0 1.0 0.0 0.0 1 2
8.125 0.0 0.05 0.005 0.0 1.0 0.0 1.0 0.0 0.0 1 2
8.175 0.0 0.05 0.005 0.0 1.0 0.0 1.0 0.0 0.0 1 2
8.225 0.0 0.05 0.005 0.0 1.0 0.0 1.0 0.0 0.0 1 2
8.275 0.0 0.05 0.005 0.0 1.0 0.0 1.0 0.0 0.0 1 2
8.325 0.0 0.05 0.005 0.0 1.0 0.0 1.0 0.0 0.0 1 2
8.375 0.0 0.05 0.005 0.0 1.0 0.0 1.0 0.0 0.0 1 2
8.425 0.0 0.05 0.005 0.0 1.0 0.0 1.0 0.0 0.0 1 2
8.475 0.0 0.05 0.005 0.0 1.0 0.0 1.0 0.0 0.0 1 2
8.525 0.0 0.05 0.005 0.0 1.0 0.0 1.0 0.0 0.0 1 2
8.575 0.0 0.05 0.005 0.0 1.0 0.0 1.0 0.0 0.0 1 2
8.625 0.0 0.05 0.005 0.0 1.0 0.0 1.0 0.0 0.0 1 2
8.675 0.0 0.05 0.005 0.0 1.0 0.0 1.0 0.0 0.0 1 2
8.725 0.0 0.05 0.005 0.0 1.0 0.0 1.0 0.0 0.0 1 2
8.775 0.0 0.05 0.005 0.0 1.0 0.0 1.0 0.0 0.0 1 2
8.825 0.0 0.05 0.005 0.0 1.0 0.0 1.0 0.0 0.0 1 2
8.875 0.0 0.05 0.005 0.0 1.0 0.0 1.0 0.0 0.0 1 2
8.925 0.0 0.05 0.005 0.0 1.0 0.0 1.0 0.0 0.0 1 2
8.975 0.0 0.05 0.005 0.0 1.0 0.0 1.0 0.0 0.0 1 2
9.025 0.0 0.05 0.005 0.0 1.0 0.0 1.0 0.0 0.0 1 2
9.075 0.0 0.05 0.005 0.0 1.0 0.0 1.0 0.0 0.0 1 2
9.125 0.0 0.05 0.005 0.0 1.0 0.0 1.0 0.0 0.0 1 2
9.175 0.0 0.05 0.005 0.0 1.0 0.0 1.0 0.0 0.0 1 2
9.225 0.0 0.05 0.005 0.0 1.0 0.0 1.0 0.0 0.0 1 2
9.275 0.0 0.05 0.005 0.0 1.0 0.0 1.0 0.0 0.0 1 2
9.325 0.0 0.05 0.005 0.0 1.0 0.0 1.0 0.0 0.0 1 2
9.375 0.0 0.05 0.005 0.0 1.0 0.0 1.0 0.0 0.0 1 2
9.425 0.0 0.05 0.005 0.0 1.0 0.0 1.0 0.0 0.0 1 2
9.475 0.0 0.05 0.005 0.0 1.0 0.0 1.0 0.0 0.0 1 2
9.525 0.0 0.05 0.005 0.0 1.0 0.0 1.0 0.0 0.0 1 2
9.575 0.0 0.05 0.005 0.0 1.0 0.0 1.0 0.0 0.0 1 2
9.625 0.0 0.05 0.005 0.0 1.0 0.0 1.0 0.0 0.0 1 2
9.675 0.0 0.05 0.005 0.0 1.0 0.0 1.0 0.0 0.0 1 2
9.725 0.0 0.05 0.005 0.0 1.0 0.0 1.0 0.0 0.0 1 2
9.775 0.0 0.05 0.005 0.0 1.0 0.0 1.0 0.0 0.0 1 2
9.825 0.0 0.05 0.005 0.0 1.0 0.0 1.0 0.0 0.0 1 2
9.875 0.0 0.05 0.005 0.0 1.0 0.0 1.0 0.0 0.0 1 2
9.925 0.0 0.05 0.005 0.0 1.0 0.0 1.0 0.0 0.0 1 2
9.975 0.0 0.05 0.005 0.0 1.0 0.0 1.0 0.0 0.0 1 2
10.025 0.0 0.05 0.005 0.0 1.0 0.0 1.0 0.0 0.0 1 2
10.075 0.0 0.05 0.005 0.0 1.0 0.0 1.0 0.0 0.0 1 2
10.125 0.0 0.05 0.005 0.0 1.0 0.0 1.0 0.0 0.0 1 2
10.175 0.0 0.05 0.005 0.0 1.0 0.0 1.0 0.0 0.0 1 2
10.225 0.0 0.05 0.005 0.0 1.0 0.0 1.0 0.0 0.0 1 2
10.275 0.0 0.05 0.005 0.0 1.0 0.0 1.0 0.0 0.0 1 2
10.325 0.0 0.05 0.005 0.0 1.0 0.0 1.0 0.0 0.0 1 2
10.375 0.0 0.05 0.005 0.0 1.0 0.0 1.0 0.0 0.0 1 2
10.425 0.0 0.05 0.005 0.0 1.0 0.0 1.0 0.0 0.0 1 2
10.475 0.0 0.05 0.005 0.0 1.0 0.0 1.0 0.0 0.0 1 2
10.525 0.0 0.05 0.005 0.0 1.0 0.0 1.0 0.0 0.0 1 2
10.575 0.0 0.05 0.005 0.0 1.0 0.0 1.0 0.0 0.0 1 2
10.625 0.0 0.05 0.005 0.0 1.0 0.0 1.0 0.0 0.0 1 2
10.675 0.0 0.05 0.005 0.0 1.0 0.0 1.0 0.0 0.0 1 2
10.725 0.0 0.05 0.005 0.0 1.0 0.0 1.0 0.0 0.0 1 2
10.775 0.0 0.05 0.005 0.0 1.0 0.0 1.0 0.0 0.0 1 2
10.825 0.0 0.05 0.005 0.0 1.0 0.0 1.0 0.0 0.0 1 2
10.875 0.0 0.05 0.005 0.0 1.0 0.0 1.0 0.0 0.0 1 2
10.925 0.0 0.05 0.005 0.0 1.0 0.0 1.0 0.0 0.0 1 2
10.975 0.0 0.05 0.005 0.0 1.0 0.0 1.0 0.0 0.0 1 2
11.025 0.0 0.05 0.005 0.0 1.0 0.0 1.0 0.0 0.0 1 2
11.075 0.0 0.05 0.005 0.0 1.0 0.0 1.0 0.0 0.0 1 2
11.125 0.0 0.05 0.005 0.0 1.0 0.0 1.0 0.0 0.0 1 2
11.175 0.0 0.05 0.005 0.0 1.0 0.0 1.0 0.0 0.0 1 2
11.225 0.0 0.05 0.005 0.0 1.0 0.0 1.0 0.0 0.0 1 2
11.275 0.0 0.05 0.005 0.0 1.0 0.0 1.0 0.0 0.0 1 2
11.325 0.0 0.05 0.005 0.0 1.0 0.0 1.0 0.0 0.0 1 2
11.375 0.0 0.05 0.005 0.0 1.0 0.0 1.0 0.0 0.0 1 2
11.425 0.0 0.05 0.005 0.0 1.0 0.0 1.0 0.0 0.0 1 2
11.475 0.0 0.05 0.005 0.0 1.0 0.0 1.0 0.0 0.0 1 2
11.525 0.0 0.05 0.005 0.0 1.0 0.0 1.0 0.0 0.0 1 2
11.575 0.0 0.05 0.005 0.0 1.0 0.0 1.0 0.0 0.0 1 2
11.625 0.0 0.05 0.005 0.0 1.0 0.0 1.0 0.0 0.0 1 2
11.675 0.0 0.05 0.005 0.0 1.0 0.0 1.0 0.0 0.0 1 2
11.725 0.0 0.05 0.005 0.0 1.0 0.0 1.0 0.0 0.0 1 2
11.775 0.0 0.05 0.005 0.0 1.0 0.0 1.0 0.0 0.0 1 2
11.825 0.0 0.05 0.005 0.0 1.0 0.0 1.0 0.0 0.0 1 2
11.875 0.0 0.05 0.005 0.0 1.0 0.0 1.0 0.0 0.0 1 2
11.925 0.0 0.05 0.005 0.0 1.0 0.0 1.0 0.0 0.0 1 2
11.975 0.0 0.05 0.005 0.0 1.0 0.0 1.0 0.0 0.0 1 2
