3.028000E-02	1.521000E-02	4.912700E-06	1.000000E+00
2.972100E-02	4.520900E-02	1.000100E-05	1.000000E+00
2.915500E-02	7.464700E-02	1.560100E-05	1.000000E+00
2.859800E-02	1.035200E-01	2.287100E-05	1.000000E+00
2.802900E-02	1.318400E-01	3.325900E-05	1.000000E+00
2.747600E-02	1.595900E-01	4.816300E-05	1.000000E+00
2.690500E-02	1.867800E-01	6.879300E-05	1.000000E+00
2.635700E-02	2.134100E-01	9.547600E-05	1.000000E+00
2.578500E-02	2.394800E-01	1.310600E-04	1.000000E+00
2.524300E-02	2.649900E-01	1.731100E-04	1.000000E+00
2.467300E-02	2.899500E-01	2.205300E-04	1.000000E+00
2.413700E-02	3.143500E-01	2.751300E-04	1.000000E+00
2.356900E-02	3.382000E-01	3.355300E-04	1.000000E+00
2.304100E-02	3.615100E-01	4.003100E-04	1.000000E+00
2.247800E-02	3.842700E-01	4.752400E-04	1.000000E+00
2.195800E-02	4.064800E-01	5.583600E-04	1.000000E+00
2.140000E-02	4.281600E-01	6.514700E-04	1.000000E+00
2.089000E-02	4.493100E-01	7.595400E-04	1.000000E+00
2.033900E-02	4.699200E-01	8.848300E-04	1.000000E+00
1.983900E-02	4.900100E-01	1.029000E-03	1.000000E+00
1.929500E-02	5.095700E-01	1.188300E-03	1.000000E+00
1.880600E-02	5.286200E-01	1.362600E-03	1.000000E+00
1.827200E-02	5.471600E-01	1.555300E-03	1.000000E+00
1.779500E-02	5.651900E-01	1.783700E-03	1.000000E+00
1.727100E-02	5.827300E-01	2.035900E-03	1.000000E+00
1.680600E-02	5.997600E-01	2.317700E-03	1.000000E+00
1.629300E-02	6.163100E-01	2.630700E-03	1.000000E+00
1.584000E-02	6.323800E-01	2.969900E-03	1.000000E+00
1.534000E-02	6.479700E-01	3.341500E-03	1.000000E+00
1.490100E-02	6.630900E-01	3.762200E-03	1.000000E+00
1.441300E-02	6.777400E-01	4.220000E-03	1.000000E+00
1.398800E-02	6.919400E-01	4.715500E-03	1.000000E+00
1.351400E-02	7.056900E-01	5.270400E-03	1.000000E+00
1.310300E-02	7.190000E-01	5.888400E-03	1.000000E+00
1.264300E-02	7.318700E-01	6.568800E-03	1.000000E+00
1.224700E-02	7.443200E-01	7.310400E-03	1.000000E+00
1.180300E-02	7.563400E-01	8.112500E-03	1.000000E+00
1.142100E-02	7.679500E-01	8.987500E-03	1.000000E+00
1.099200E-02	7.791600E-01	9.946200E-03	1.000000E+00
1.062600E-02	7.899700E-01	1.099700E-02	1.000000E+00
1.021300E-02	8.003800E-01	1.215100E-02	1.000000E+00
9.862300E-03	8.104200E-01	1.345000E-02	1.000000E+00
9.465400E-03	8.200800E-01	1.491700E-02	1.000000E+00
9.130300E-03	8.293800E-01	1.649400E-02	1.000000E+00
8.750000E-03	8.383200E-01	1.822300E-02	1.000000E+00
8.430400E-03	8.469100E-01	2.007800E-02	1.000000E+00
8.067100E-03	8.551600E-01	2.216200E-02	1.000000E+00
7.763000E-03	8.630700E-01	2.453200E-02	1.000000E+00
7.416700E-03	8.706600E-01	2.712600E-02	1.000000E+00
7.128200E-03	8.779300E-01	2.995100E-02	1.000000E+00
6.799000E-03	8.849000E-01	3.330400E-02	1.000000E+00
6.525900E-03	8.915600E-01	3.707600E-02	1.000000E+00
6.213900E-03	8.979300E-01	4.131000E-02	1.000000E+00
5.956100E-03	9.040100E-01	4.597000E-02	1.000000E+00
5.661200E-03	9.098200E-01	5.120100E-02	1.000000E+00
5.418500E-03	9.153600E-01	5.718400E-02	1.000000E+00
5.140500E-03	9.206400E-01	6.389700E-02	1.000000E+00
4.912700E-03	9.256600E-01	7.154500E-02	1.000000E+00
4.651500E-03	9.304400E-01	7.988800E-02	1.000000E+00
4.438300E-03	9.349900E-01	8.949600E-02	1.000000E+00
4.193700E-03	9.393000E-01	1.001100E-01	1.000000E+00
3.994700E-03	9.434000E-01	1.115200E-01	1.000000E+00
3.766400E-03	9.472800E-01	1.241200E-01	1.000000E+00
3.581300E-03	9.509500E-01	1.381500E-01	1.000000E+00
3.368900E-03	9.544200E-01	1.526400E-01	1.000000E+00
3.197400E-03	9.577100E-01	1.676900E-01	1.000000E+00
3.000400E-03	9.608000E-01	1.834300E-01	1.000000E+00
2.842000E-03	9.637200E-01	2.005400E-01	1.000000E+00
2.660100E-03	9.664700E-01	2.186600E-01	1.000000E+00
2.514400E-03	9.690600E-01	2.370700E-01	1.000000E+00
2.347100E-03	9.714900E-01	2.572900E-01	1.000000E+00
2.213500E-03	9.737700E-01	2.792200E-01	1.000000E+00
2.060200E-03	9.759100E-01	3.028400E-01	1.000000E+00
1.938300E-03	9.779100E-01	3.277400E-01	1.000000E+00
1.798600E-03	9.797700E-01	3.550200E-01	1.000000E+00
1.687800E-03	9.815200E-01	3.845000E-01	1.000000E+00
1.560900E-03	9.831400E-01	4.160600E-01	1.000000E+00
1.460800E-03	9.846500E-01	4.483000E-01	1.000000E+00
1.346200E-03	9.860500E-01	4.824400E-01	1.000000E+00
1.256100E-03	9.873500E-01	5.182300E-01	1.000000E+00
1.153100E-03	9.885600E-01	5.567300E-01	1.000000E+00
1.072500E-03	9.896700E-01	5.992800E-01	1.000000E+00
9.805400E-04	9.907000E-01	6.490400E-01	1.000000E+00
9.088500E-04	9.916400E-01	7.013400E-01	1.000000E+00
8.271900E-04	9.925100E-01	7.590000E-01	1.000000E+00
7.638200E-04	9.933000E-01	8.207800E-01	1.000000E+00
6.918000E-04	9.940300E-01	8.864400E-01	1.000000E+00
6.361800E-04	9.947000E-01	9.595200E-01	1.000000E+00
5.731300E-04	9.953000E-01	1.035400E+00	1.000000E+00
5.246700E-04	9.958500E-01	1.120800E+00	1.000000E+00
4.699000E-04	9.963500E-01	1.226900E+00	1.000000E+00
4.280300E-04	9.967900E-01	1.348700E+00	1.000000E+00
3.808600E-04	9.972000E-01	1.489200E+00	1.000000E+00
3.450100E-04	9.975600E-01	1.644500E+00	1.000000E+00
3.047800E-04	9.978900E-01	1.806500E+00	1.000000E+00
2.743900E-04	9.981700E-01	1.976900E+00	1.000000E+00
2.404500E-04	9.984300E-01	2.159000E+00	1.000000E+00
2.149700E-04	9.986600E-01	2.359100E+00	1.000000E+00
1.866700E-04	9.988600E-01	2.546300E+00	1.000000E+00
1.655800E-04	9.990400E-01	2.763100E+00	1.000000E+00
1.423000E-04	9.991900E-01	3.025300E+00	1.000000E+00
1.250900E-04	9.993200E-01	3.338500E+00	1.000000E+00
1.062400E-04	9.994400E-01	3.681200E+00	1.000000E+00
9.242500E-05	9.995400E-01	4.118200E+00	1.000000E+00
7.741700E-05	9.996200E-01	4.565600E+00	1.000000E+00
6.653900E-05	9.996900E-01	4.913300E+00	1.000000E+00
5.483800E-05	9.997600E-01	5.216100E+00	1.000000E+00
4.646000E-05	9.998100E-01	5.526300E+00	1.000000E+00
3.755700E-05	9.998500E-01	5.809500E+00	1.000000E+00
3.127400E-05	9.998800E-01	6.117700E+00	1.000000E+00
2.469500E-05	9.999100E-01	6.348000E+00	1.000000E+00
2.013200E-05	9.999300E-01	6.533100E+00	1.000000E+00
1.544000E-05	9.999500E-01	6.897000E+00	1.000000E+00
1.225600E-05	9.999600E-01	7.596900E+00	1.000000E+00
9.057900E-06	9.999700E-01	8.109500E+00	1.000000E+00
6.945700E-06	9.999800E-01	9.538900E+00	1.000000E+00
4.888300E-06	9.999900E-01	1.111700E+01	1.000000E+00
3.578000E-06	9.999900E-01	1.255800E+01	1.000000E+00
2.353800E-06	1.000000E+00	1.414100E+01	1.000000E+00
1.612600E-06	1.000000E+00	1.528600E+01	1.000000E+00
9.606500E-07	1.000000E+00	1.674100E+01	1.000000E+00
5.946600E-07	1.000000E+00	1.713600E+01	1.000000E+00
3.017200E-07	1.000000E+00	1.781300E+01	1.000000E+00
1.566700E-07	1.000000E+00	1.848000E+01	1.000000E+00
5.863300E-08	1.000000E+00	1.902000E+01	1.000000E+00
2.082700E-08	1.000000E+00	1.955300E+01	1.000000E+00
3.484500E-09	1.000000E+00	1.955300E+01	9.992000E-14
2.844300E-10	1.000000E+00	1.955300E+01	9.992000E-14
