2.847300E-01	1.496600E-01	4.225000E-05	1.000000E+00
2.277200E-01	4.047300E-01	5.515200E-04	1.000000E+00
1.706300E-01	6.031100E-01	2.379000E-03	1.000000E+00
1.254800E-01	7.501400E-01	7.680800E-03	1.000000E+00
8.274100E-02	8.532100E-01	2.163500E-02	1.000000E+00
5.409100E-02	9.208400E-01	6.419700E-02	1.000000E+00
2.960100E-02	9.617600E-01	1.889000E-01	1.000000E+00
1.598700E-02	9.840600E-01	4.357000E-01	1.000000E+00
6.298700E-03	9.946200E-01	9.506900E-01	1.000000E+00
2.293300E-03	9.986900E-01	2.388100E+00	1.000000E+00
3.947000E-04	9.998300E-01	5.685300E+00	1.000000E+00
3.260000E-05	9.999900E-01	1.188200E+01	1.000000E+00
