2
0.01
CO2
46
296  2.92329e-22  2.21752e-10  0.247819
320  2.80009e-22  3.7201e-10  0.225198
340  2.75628e-22  3.35343e-10  0.209974
350  2.75307e-22  2.4962e-10  0.205079
357  2.75755e-22  3.29722e-10  0.20328
378  2.80013e-22  3.99843e-10  0.20139
400  2.88178e-22  4.90369e-10  0.203621
424  2.99879e-22  5.39333e-10  0.209195
449  3.13526e-22  5.66856e-10  0.217291
475  3.27755e-22  6.51705e-10  0.227163
500  3.40342e-22  6.21458e-10  0.236848
533  3.52975e-22  7.41163e-10  0.248832
565  3.62763e-22  8.533e-10  0.259471
600  3.69557e-22  8.71055e-10  0.268766
634  3.72074e-22  1.29068e-09  0.275156
650  3.71911e-22  1.27358e-09  0.277187
672  3.7037e-22  1.23501e-09  0.278957
700  3.66384e-22  1.18882e-09  0.279556
711  3.64253e-22  1.16852e-09  0.279306
754  3.53313e-22  1.1465e-09  0.275956
800  3.37928e-22  1.19508e-09  0.268767
846  3.1994e-22  1.20394e-09  0.258672
900  2.96901e-22  1.14552e-09  0.24422
949  2.75251e-22  1.12264e-09  0.229642
1000  2.52783e-22  1.13911e-09  0.213716
1064  2.25536e-22  9.86866e-10  0.19348
1100  2.10931e-22  9.15028e-10  0.182319
1128  1.99998e-22  8.5517e-10  0.173836
1200  1.73766e-22  7.53823e-10  0.153168
1300  1.42005e-22  5.85386e-10  0.127448
1400  1.15492e-22  5.90972e-10  0.105606
1500  9.36859e-23  4.6315e-10  0.0873219
1600  7.38641e-23  3.68915e-10  0.0703676
1700  5.93376e-23  3.21426e-10  0.0578591
1800  4.7672e-23  2.87761e-10  0.0476761
1900  3.82695e-23  2.58268e-10  0.0393623
2000  3.07003e-23  2.19639e-10  0.0325259
2100  2.46248e-23  1.81578e-10  0.0269218
2200  1.97629e-23  1.56852e-10  0.0223482
2300  1.58811e-23  1.42969e-10  0.0186343
2400  1.27861e-23  1.30482e-10  0.0156062
2500  1.03194e-23  1.19658e-10  0.0131033
2600  8.35228e-24  1.18259e-10  0.0110896
2700  6.78154e-24  1.18123e-10  0.00941909
2800  5.52486e-24  1.16052e-10  0.0080206
2900  4.51699e-24  1.14131e-10  0.00685781
H2O
40
296  5.91769e-22  4.75436e-06  0.468214
318  5.04513e-22  5.85232e-06  0.403733
337  4.45747e-22  6.67959e-06  0.360034
350  4.1219e-22  7.16249e-06  0.334946
357  3.9595e-22  7.39218e-06  0.322758
378  3.53526e-22  7.95475e-06  0.290748
400  3.1711e-22  8.35904e-06  0.263016
424  2.84326e-22  8.6195e-06  0.23778
450  2.5487e-22  8.72434e-06  0.214831
475  2.31015e-22  8.67278e-06  0.196013
500  2.10531e-22  8.48228e-06  0.179665
533  1.87496e-22  8.04488e-06  0.161052
565  1.6857e-22  7.44276e-06  0.145565
600  1.50891e-22  6.61908e-06  0.130935
634  1.36146e-22  5.7034e-06  0.118612
650  1.29906e-22  5.25458e-06  0.113362
672  1.21961e-22  4.63427e-06  0.10665
700  1.12795e-22  3.87501e-06  0.098868
711  1.09454e-22  3.5907e-06  0.096021
754  9.76226e-23  2.6045e-06  0.0858936
800  8.68047e-23  1.79221e-06  0.0765743
846  7.75242e-23  1.21253e-06  0.0685356
900  6.82094e-23  7.65897e-07  0.0604282
949  6.09579e-23  5.21288e-07  0.0540909
1000  5.44069e-23  3.56077e-07  0.0483476
1064  4.73769e-23  2.27791e-07  0.0421651
1100  4.39197e-23  1.79723e-07  0.0391166
1128  4.14493e-23  1.50582e-07  0.0369344
1200  3.58761e-23  9.79649e-08  0.0319956
1265  3.16855e-23  6.83086e-08  0.0282594
1300  2.97165e-23  5.68555e-08  0.0264929
1400  2.50354e-23  3.48633e-08  0.0222463
1500  2.32427e-23  2.75248e-08  0.0206901
1600  1.88615e-23  1.50077e-08  0.0164375
1800  1.53378e-23  7.16051e-09  0.0129148
2000  1.31292e-23  3.71432e-09  0.0106747
2200  1.14805e-23  2.30998e-09  0.00914814
2400  1.00445e-23  1.54792e-09  0.00802416
2600  8.70489e-24  1.1162e-09  0.00713573
2900  6.85841e-24  6.69662e-10  0.00605966
