5
30
0.0001 0.000177828 0.000316228 0.000562341 0.001 0.00177828 0.00316228 0.00562341 0.01 0.0177828 0.0316228 0.0562341 0.1 0.177828 0.316228 0.562341 1 1.77828 3.16228 5.62341 10 17.7828 31.6228 56.2341 100 177.828 316.228 562.341 1000 1778.28 
CO2
46
296  26.270685  8.8433402e-08  19.663623  17.012273  14.359845  11.986128  9.7643146  7.5539646  5.5066068  3.8215299  2.5208153  1.5589643  0.91070797  0.52002484  0.2993603  0.17161479  0.097735735  0.056171238  0.032241521  0.018480716  0.011209422  0.0074340986  0.0051579629  0.0035725875  0.0024119352  0.0015792554  0.0010045238  0.00061779018  0.00036700912  0.00021425919  0.00012461396  7.0738439e-05  
320  25.163587  1.4801047e-07  18.796524  16.246132  13.655316  11.326443  9.2168635  7.1763359  5.291633  3.7250692  2.5008098  1.5792079  0.93863755  0.53485532  0.3010518  0.17049904  0.098232027  0.057841474  0.034134586  0.020367302  0.012936206  0.0087913118  0.0060853127  0.0041391815  0.002741508  0.0017699793  0.0011090546  0.00067139333  0.00039821249  0.00023555301  0.00013733365  7.6690739e-05  
340  24.769865  1.3372884e-07  18.372798  15.838591  13.250384  10.909961  8.8343672  6.8847061  5.1042294  3.6224189  2.4584457  1.5734012  0.94608149  0.53936606  0.29984213  0.16909222  0.098685486  0.05920648  0.035685624  0.021941712  0.014329812  0.0098172303  0.0067388426  0.0045294261  0.0029735386  0.0019011856  0.0011734656  0.00070242723  0.0004164282  0.00024579982  0.00014151878  7.7854241e-05  
350  24.741005  9.9402645e-08  18.268756  15.720566  13.116329  10.754055  8.6758772  6.7539929  5.0137701  3.5681874  2.4319671  1.5650865  0.94572851  0.5396136  0.29875913  0.16841258  0.098952726  0.059871134  0.036442154  0.022712776  0.014990335  0.010280143  0.0070258068  0.004703007  0.0030776935  0.0019565334  0.0011979757  0.00071340099  0.00042187849  0.00024769197  0.00014160719  7.7537128e-05  
357  24.78124  1.3131435e-07  18.237941  15.672004  13.049855  10.666264  8.5789699  6.6696993  4.9528702  3.5300197  2.4120926  1.5576752  0.9442013  0.53915399  0.29789023  0.16797151  0.099155403  0.060326391  0.036961983  0.023241844  0.015433425  0.01058303  0.0072127025  0.00481748  0.0031458767  0.0019909397  0.0012121897  0.00071912868  0.00042401037  0.00024778601  0.00014103333  7.7143484e-05  
378  25.163947  1.5916325e-07  18.342761  15.689453  12.982695  10.507906  8.3603246  6.4567591  4.7866149  3.4183246  2.3489226  1.529895  0.93478024  0.53535901  0.29501281  0.1668753  0.099813921  0.061630702  0.038469478  0.024758132  0.016652517  0.01139186  0.0077153901  0.0051304886  0.0033253935  0.0020727779  0.0012404999  0.00072570935  0.00042201965  0.0002429422  0.00013718149  7.5944945e-05  
400  25.897689  1.9515401e-07  18.733292  15.947199  13.109752  10.502059  8.2459923  6.3016194  4.6445608  3.3113995  2.2817836  1.495601  0.91972488  0.52883792  0.29195573  0.16609925  0.10053488  0.062890513  0.039950658  0.026196948  0.017741914  0.012099946  0.0081679865  0.005411499  0.0034701063  0.0021249718  0.0012468791  0.00071549313  0.0004086865  0.00023262202  0.00013239617  7.5943878e-05  
424  26.949209  2.1459296e-07  19.416471  16.458976  13.44424  10.659464  8.2455789  6.2116772  4.5316982  3.2121252  2.2124289  1.4562173  0.90031234  0.52041904  0.28895832  0.16566127  0.10132841  0.06414469  0.041421713  0.027555146  0.018725189  0.012746471  0.0085911731  0.0056587638  0.0035761662  0.002144269  0.0012277373  0.00068797824  0.00038643008  0.00022021949  0.0001291662  7.7611282e-05  
449  28.175636  2.2550423e-07  20.32245  17.180669  13.961221  10.970495  8.3641736  6.1994604  4.4611593  3.1309202  2.1478581  1.4162182  0.87944594  0.51156606  0.28640905  0.16559245  0.10214624  0.065319505  0.042761943  0.028728073  0.019559369  0.013311457  0.0089553568  0.0058461609  0.0036309871  0.0021253184  0.001183925  0.00064841563  0.00036161197  0.00021043146  0.00012867496  8.0383909e-05  
475  29.454414  2.5921705e-07  21.376291  18.058908  14.624762  11.411355  8.5901277  6.2624614  4.4349431  3.0710517  2.0909845  1.3780967  0.8590765  0.50320598  0.28443042  0.16585091  0.1029854  0.066403778  0.043934847  0.029710398  0.020265343  0.013797945  0.0092469131  0.0059653215  0.0036316165  0.0020699682  0.0011218978  0.00060454241  0.00034032515  0.00020523699  0.00013019293  8.3578849e-05  
500  30.585523  2.4716254e-07  22.412783  18.957793  15.332196  11.90942  8.8800202  6.3815486  4.4486499  3.0355085  2.0468764  1.3461549  0.8418377  0.49640876  0.28318048  0.16636816  0.10378863  0.067317871  0.044856223  0.030462678  0.020818089  0.014170945  0.0094418859  0.0060109545  0.0035848008  0.0019919054  0.0010560427  0.00056700171  0.00032697829  0.00020402021  0.0001324372  8.6556345e-05  
533  31.72078  2.9473719e-07  23.648308  20.087954  16.26525  12.600954  9.3187825  6.595409  4.5089438  3.0145475  2.0023023  1.3110004  0.82293885  0.48942872  0.28242585  0.16732787  0.10477806  0.068277108  0.045746892  0.031186695  0.021357459  0.014507133  0.0095703355  0.0059773511  0.003467904  0.0018693378  0.00097387348  0.00053111813  0.00031895052  0.00020516146  0.00013534828  9.0001215e-05  
565  32.600385  3.3930114e-07  24.7429  21.136748  17.170419  13.302036  9.7948245  6.8572893  4.610626  3.0234346  1.9767218  1.2866598  0.80960843  0.48497696  0.28269666  0.16867967  0.10583744  0.069092713  0.046410599  0.031715133  0.021738518  0.014704719  0.0095860224  0.0058668308  0.0033152984  0.0017460433  0.0009094777  0.0005122712  0.00031832692  0.00020757343  0.00013793397  9.2933131e-05  
600  33.210961  3.4789236e-07  25.716356  22.130379  18.076215  14.036378  10.320903  7.1698183  4.7497304  3.0553775  1.9638021  1.2688379  0.79967994  0.48240751  0.28399711  0.17052143  0.10703131  0.0698244  0.046918766  0.032099721  0.021990373  0.014779963  0.0094933408  0.0056791102  0.003127766  0.0016243135  0.00086188722  0.00050551142  0.00032145236  0.00021025908  0.00014021826  9.5573772e-05  
634  33.437148  5.1519859e-07  26.392428  22.890195  18.822162  14.675052  10.802607  7.4741602  4.8972637  3.1002585  1.962175  1.2581969  0.79363343  0.48175556  0.28604596  0.17254738  0.10816781  0.070371281  0.047213392  0.032293141  0.022080264  0.014725864  0.0093134459  0.0054548917  0.002946916  0.0015298304  0.00083652217  0.00050730589  0.00032570283  0.00021238728  0.00014184686  9.7514619e-05  
650  33.42256  5.0841667e-07  26.613566  23.169688  19.118407  14.941739  11.011938  7.6118908  4.9672583  3.1240205  1.9639918  1.2548309  0.79168974  0.48192288  0.28720189  0.17354318  0.10868066  0.070573038  0.047290146  0.032327684  0.022073619  0.014661708  0.0092050181  0.0053422981  0.0028671487  0.0014944146  0.00083015552  0.00050970223  0.00032770496  0.00021317588  0.00014240682  9.8201826e-05  
672  33.284053  4.9305226e-07  26.816106  23.469226  19.463513  15.267864  11.276824  7.7916789  5.0615963  3.157929  1.9682592  1.2513817  0.78967852  0.48250879  0.28891902  0.17492435  0.10935252  0.070794308  0.047337256  0.0323204  0.022016672  0.014537954  0.0090376075  0.0051857508  0.0027658138  0.0014547092  0.00082571055  0.0005138106  0.00033027474  0.00021403453  0.00014296297  9.89104e-05  
700  32.92582  4.7465664e-07  26.90902  23.708544  19.79472  15.609941  11.570469  8.000016  5.1753498  3.2011086  1.9753252  1.2481877  0.78781037  0.48363262  0.29120992  0.17666041  0.11014108  0.070988694  0.047308905  0.032224647  0.021869347  0.014329355  0.0088034443  0.004990701  0.0026530231  0.0014175347  0.00082520417  0.00051955179  0.000333101  0.00021476981  0.00014332801  9.9432812e-05  
711  32.734294  4.6656564e-07  26.89717  23.759876  19.89139  15.721084  11.671454  8.0746062  5.2174045  3.217598  1.9782693  1.247102  0.78717994  0.48412862  0.29211203  0.17732552  0.110429  0.071041017  0.047272904  0.032161682  0.021790142  0.014234262  0.0087075525  0.0049169881  0.002613896  0.0014064199  0.00082608222  0.00052179601  0.00033405707  0.00021495597  0.00014337141  9.952816e-05  
754  31.751146  4.5569588e-07  26.61301  23.743782  20.093065  16.028648  11.984368  8.3219206  5.3634592  3.2765998  1.9886656  1.2425309  0.78456602  0.48596696  0.29548464  0.17978977  0.11144206  0.071138521  0.047008758  0.031786837  0.021379516  0.013810239  0.0083276274  0.0046521392  0.0024877182  0.0013773415  0.00083259383  0.00052977491  0.0003369414  0.00021518533  0.00014305552  9.9371947e-05  
800  30.368513  4.7501247e-07  25.946044  23.383417  20.018129  16.140409  12.173376  8.5026276  5.4810342  3.3252079  1.9945367  1.2350657  0.7802957  0.48705988  0.29855099  0.18212838  0.11235705  0.071084867  0.046517098  0.031178465  0.020795728  0.013300519  0.0079371159  0.004416756  0.0023934291  0.0013632305  0.00084110534  0.00053617327  0.00033862946  0.00021468764  0.0001419966  9.8427021e-05  
846  28.751998  4.7857692e-07  24.986799  22.731362  19.68123  16.046251  12.218065  8.5953382  5.5542255  3.35436  1.9917409  1.2230446  0.77333677  0.48659563  0.30082774  0.18412682  0.11312857  0.070872536  0.045817109  0.03039164  0.02011099  0.012773902  0.0075838821  0.0042303795  0.0023300565  0.0013578064  0.00084803337  0.00054003268  0.00033907892  0.00021360339  0.00014039123  9.6891678e-05  
900  26.68157  4.5529918e-07  23.596863  21.683851  19.014012  15.709025  12.104132  8.5974503  5.582875  3.3616071  1.9754708  1.2018314  0.76093475  0.48363901  0.30232886  0.18600762  0.11382896  0.070391226  0.044754488  0.029299309  0.019237174  0.012170683  0.0072256636  0.0040638379  0.0022809928  0.0013548863  0.00085232104  0.00054145848  0.00033828867  0.00021178983  0.00013805549  9.459238e-05  
949  24.735914  4.4631524e-07  22.180009  20.549849  18.215303  15.229719  11.866854  8.509389  5.5582917  3.3435965  1.9486826  1.1758681  0.74557339  0.47859962  0.30251684  0.18722342  0.114204  0.069721179  0.043606687  0.028205296  0.018420413  0.011654218  0.0069496846  0.0039489686  0.0022499975  0.0013515004  0.00085216164  0.00054015307  0.00033653748  0.00020977411  0.00013569054  9.2234524e-05  
1000  22.716769  4.528766e-07  20.625935  19.256578  17.247691  14.596103  11.508895  8.3393918  5.4868438  3.3023402  1.910076  1.1428906  0.72578128  0.471047  0.30146849  0.18789363  0.11425454  0.068798643  0.042279642  0.027011967  0.017574005  0.011152119  0.0067021239  0.0038538448  0.0022242291  0.0013452915  0.00084809585  0.00053651188  0.00033380991  0.00020738812  0.00013311108  8.9659652e-05  
1064  20.268224  3.9208783e-07  18.652021  17.560233  15.915542  13.664921  10.937004  8.0341671  5.3410081  3.2229352  1.8492544  1.094941  0.6964471  0.45849249  0.29828915  0.18772175  0.11376344  0.067364914  0.040501897  0.025493582  0.016540197  0.010567876  0.0064313937  0.0037547969  0.0021944837  0.0013326667  0.00083808182  0.0005291143  0.0003292092  0.00020403601  0.00012981492  8.6405892e-05  
1100  18.955662  3.6374596e-07  17.560574  16.601821  15.138339  13.098274  10.571365  7.8271474  5.2364134  3.1672238  1.8104971  1.0657029  0.67823644  0.45008024  0.2955808  0.18708359  0.11321204  0.066452113  0.03947818  0.024648445  0.015977725  0.01025758  0.0062917389  0.0037040713  0.0021771833  0.0013231832  0.0008304199  0.00052376713  0.00032608678  0.00020198472  0.00012795947  8.4608247e-05  
1128  17.973207  3.3998151e-07  16.730402  15.864502  14.530162  12.6448  10.271148  7.6522854  5.1458268  3.1194184  1.7787136  1.042231  0.66343294  0.4429385  0.29302268  0.18631013  0.11265206  0.065701935  0.038681072  0.024001135  0.015550504  0.010023524  0.0061870424  0.0036656006  0.0021629837  0.0013146878  0.00082360203  0.00051909515  0.00032340928  0.00020030667  0.0001265186  8.3235858e-05  
1200  15.615806  2.9976674e-07  14.697768  14.032546  12.985166  11.45813  9.4584765  7.1618017  4.8839079  2.982548  1.6927378  0.98042745  0.62362498  0.42250435  0.28471635  0.18323339  0.11073133  0.063660757  0.036663492  0.02239283  0.014493878  0.0094443438  0.0059262553  0.0035664438  0.0021225773  0.001288935  0.00080330227  0.00050533574  0.00031558089  0.0001956489  0.00012282107  7.9831998e-05  
1300  12.761546  2.3286665e-07  12.171702  11.710522  10.966821  9.842693  8.2981969  6.4271334  4.475936  2.7712976  1.5695892  0.89521532  0.56670509  0.39045282  0.26956574  0.17660107  0.10709751  0.060696259  0.034024097  0.020328102  0.013126081  0.0086786417  0.0055682064  0.003419698  0.0020559156  0.0012456297  0.00077040906  0.00048312697  0.00030279314  0.0001883703  0.0001176646  7.5412067e-05  
1400  10.378866  2.3518438e-07  10.018654  9.697627  9.1703148  8.3500747  7.1766183  5.6838664  4.0477375  2.5499839  1.4488889  0.81513208  0.51108248  0.35618925  0.25132866  0.16778697  0.10262377  0.05773347  0.031648238  0.0184865  0.011873659  0.0079472277  0.0052045892  0.0032578798  0.0019778301  0.0011963496  0.0007345493  0.00045881726  0.00028838219  0.00018025891  0.00011243337  7.1309774e-05  
1500  8.4192517  1.8429903e-07  8.2231394  7.9981472  7.6232905  7.0268052  6.1444007  4.9720081  3.6236946  2.3294777  1.3345985  0.74265456  0.45914334  0.32171612  0.23133448  0.15748264  0.097573068  0.054860927  0.029560959  0.016874746  0.010738124  0.0072504958  0.0048359177  0.003082391  0.0018907579  0.0011436587  0.00069777056  0.00043379137  0.00027306633  0.00017153708  0.00010711528  6.7464555e-05  
1600  6.63793  1.4678388e-07  6.568801  6.4180369  6.1637036  5.7506765  5.1202603  4.2454623  3.1848608  2.1071472  1.2289804  0.67836664  0.40922446  0.28502407  0.20828241  0.14514946  0.091888733  0.052197968  0.027819705  0.015451775  0.0096471462  0.0065325345  0.0044327256  0.0028813769  0.0017905067  0.0010857302  0.00065878334  0.00040702293  0.00025607091  0.00016161927  0.00010123584  6.347531e-05  
1700  5.3324811  1.2787907e-07  5.3482213  5.2426204  5.0628961  4.7667155  4.3040298  3.6399092  2.7987915  1.9007176  1.1301637  0.62281743  0.36778376  0.25355617  0.1873679  0.13324645  0.086108827  0.049564287  0.02629994  0.014283621  0.0087394445  0.0059088965  0.0040621989  0.0026862841  0.0016912318  0.0010303809  0.00062325046  0.00038291121  0.00024043323  0.00015225492  9.5750165e-05  5.9955514e-05  
1800  4.2841281  1.1454263e-07  4.360762  4.2862613  4.1585771  3.9456623  3.6066453  3.1057688  2.4458099  1.7066245  1.038304  0.57449103  0.33221616  0.22522663  0.16748479  0.12140037  0.080211304  0.04699668  0.024988639  0.013310051  0.0079524348  0.0053400817  0.0037070867  0.0024913065  0.0015903851  0.00097558116  0.00058943675  0.00036024111  0.00022547924  0.00014306739  9.0353461e-05  5.660958e-05  
1900  3.4391564  1.0286965e-07  3.5585404  3.5057642  3.4147998  3.2616472  3.0138808  2.638614  2.1261908  1.5253121  0.95253249  0.53219959  0.30203564  0.20016441  0.14895795  0.10985923  0.074285323  0.044469684  0.023842429  0.012507278  0.0072777377  0.0048266517  0.0033709898  0.0022994819  0.0014894084  0.00092170209  0.00055741977  0.00033912095  0.00021137692  0.00013419167  8.508828e-05  5.341794e-05  
2000  2.7589375  7.3414035e-08  2.7834951  2.747557  2.6853278  2.579721  2.4065884  2.1387184  1.7611124  1.2988041  0.83440678  0.47331387  0.26463583  0.17059286  0.12622176  0.094445313  0.065343023  0.040054233  0.021765705  0.011299417  0.0063921163  0.0041611879  0.0029093851  0.002009337  0.001319478  0.00082402069  0.00049912987  0.00030207762  0.00018702482  0.00011836834  7.5115712e-05  4.7153282e-05  
2100  2.2129506  7.2307255e-08  2.3783309  2.351594  2.3051185  2.2257188  2.0940703  1.8865819  1.5856163  1.2018978  0.79596753  0.46094591  0.25546126  0.15981408  0.1168542  0.088480152  0.062667471  0.039454949  0.021864382  0.011316534  0.0062353528  0.0039689641  0.0027692082  0.0019360798  0.001292049  0.00081765287  0.0004986207  0.00030163204  0.00018615263  0.00011782499  7.5155346e-05  4.7489411e-05  
2200  1.7760237  6.2196391e-08  1.950284  1.93115  1.8977838  1.8404627  1.7445133  1.5908802  1.3623767  1.0600807  0.72409341  0.42983385  0.23767575  0.14421114  0.10347805  0.078922768  0.057122186  0.036951146  0.020951379  0.01087584  0.0058495492  0.0036231961  0.0025080477  0.0017687516  0.0011977478  0.00076784379  0.00047160911  0.00028514644  0.0001750985  0.00011047152  7.0570297e-05  4.4756984e-05  
2300  1.4271837  5.6655076e-08  1.6038983  1.5901429  1.5660919  1.52458  1.4545315  1.3408389  1.1679854  0.93154094  0.65622338  0.40061879  0.22258327  0.13127994  0.091874425  0.070229615  0.051838884  0.034458343  0.02004853  0.010503053  0.0055395574  0.003329471  0.0022746438  0.0016129833  0.0011074484  0.00071970761  0.00044598237  0.00027000645  0.00016505291  0.00010370827  6.6276554e-05  4.2181887e-05  
2400  1.1490481  5.1664833e-08  1.3235469  1.3136065  1.2961866  1.2660012  1.2147157  1.1305022  0.99999132  0.81604554  0.59240546  0.37275543  0.20950053  0.12066283  0.081952692  0.062429876  0.046869093  0.031994332  0.019137637  0.010174199  0.0052931796  0.0030838945  0.0020687927  0.0014696744  0.0010217632  0.00067337059  0.00042157843  0.00025605208  0.00015595128  9.7528622e-05  6.2285461e-05  3.9764324e-05  
2500  0.92736898  4.735888e-08  1.0963917  1.0891664  1.0764805  1.0544244  1.0167319  0.9542178  0.85570874  0.71312835  0.53278589  0.34592724  0.19783738  0.11198046  0.073579322  0.055518112  0.042250479  0.029581394  0.018209441  0.0098689751  0.0050978995  0.0028817456  0.0018894704  0.001339237  0.00094113859  0.00062896392  0.00039827519  0.00024311931  0.00014771099  9.1910956e-05  5.8599265e-05  3.7504013e-05  
2600  0.75059221  4.6777426e-08  0.91198162  0.90669689  0.89740314  0.8811988  0.85336863  0.8068141  0.73238567  0.62210104  0.4775153  0.32000003  0.18711632  0.10485671  0.066594013  0.049462679  0.038006894  0.027243463  0.017262419  0.009571609  0.0049416169  0.0027178298  0.0017351243  0.0012217189  0.00086589549  0.00058660693  0.0003759836  0.00023105184  0.00014023711  8.6820105e-05  5.5209758e-05  3.5397085e-05  
2700  0.6094348  4.6735063e-08  0.76187426  0.7579835  0.75113178  0.73915627  0.71850126  0.68369372  0.62734341  0.54210409  0.42669088  0.29497419  0.17698215  0.098940919  0.06082276  0.044212561  0.034148733  0.025003069  0.016300543  0.009270657  0.0048131481  0.0025866688  0.001603782  0.001116799  0.00079619077  0.00054638316  0.00035464231  0.00021971344  0.00013343514  8.2217721e-05  5.2105402e-05  3.344018e-05  
2800  0.49650066  4.5902915e-08  0.63929924  0.63641539  0.63133088  0.62242565  0.60701001  0.58086622  0.53807876  0.4721718  0.38032409  0.27093155  0.1671938  0.093922015  0.056089048  0.039704078  0.03067444  0.022879283  0.015331604  0.0089588745  0.0047028532  0.002482893  0.0014933286  0.0010239669  0.0007320941  0.00050836864  0.00033421872  0.00020898939  0.00012720931  7.8059887e-05  4.9269525e-05  3.1626465e-05  
2900  0.405927  4.5123291e-08  0.5388474  0.53669523  0.53289692  0.5262325  0.51465958  0.49492482  0.46231988  0.41129305  0.3383332  0.24799105  0.15760951  0.089536656  0.052221536  0.035866626  0.027573227  0.020886725  0.014365448  0.0086323923  0.0046026262  0.002401307  0.001401502  0.00094252173  0.00067357199  0.00047262153  0.00031470109  0.00019879214  0.00012147022  7.4300712e-05  4.6683942e-05  2.9948141e-05  
H2O
40
296  53.180368  0.0019017339  46.82134  43.035547  37.94474  31.879081  25.448993  19.287078  13.883065  9.5074253  6.2566341  4.0189624  2.5429037  1.5856155  0.97441129  0.59873628  0.37645957  0.23859869  0.14791164  0.089640186  0.053523549  0.031825994  0.019223579  0.012086159  0.0078708169  0.0051996833  0.0034888739  0.0023810059  0.0016340891  0.0011158276  0.00076444398  0.00052783289  
318  45.338964  0.002340916  40.373199  37.381509  33.314107  28.399388  23.0931  17.879499  13.170171  9.2341105  6.2039515  4.0492635  2.5962439  1.635483  1.010164  0.61950767  0.38552714  0.24126668  0.14840161  0.089853598  0.053968189  0.032561797  0.020163851  0.013027976  0.008657467  0.0058219591  0.0039642587  0.0027230442  0.0018710372  0.0012842527  0.000886363  0.00060890008  
337  40.057812  0.0026718195  36.00335  33.535602  30.148157  26.004491  21.462073  16.908838  12.694846  9.0765189  6.2057392  4.1061269  2.6606566  1.6891461  1.0479175  0.64230859  0.39639308  0.24538543  0.15002274  0.090809455  0.05485743  0.033540106  0.021211696  0.013988025  0.0094273001  0.006407387  0.0043836564  0.0030154235  0.0020772845  0.0014310045  0.00098382448  0.00065861013  
350  37.042188  0.0028649784  33.494515  31.320208  28.315806  24.609522  20.505362  16.338313  12.419977  8.9940628  6.2207294  4.1534422  2.7095836  1.7288277  1.0760413  0.65971749  0.40503891  0.24894383  0.15161349  0.091779488  0.055696268  0.034377409  0.022045  0.014707357  0.009983289  0.0068111095  0.0046628838  0.003211787  0.0022156278  0.001524061  0.0010353791  0.00066986912  
357  35.582706  0.0029568564  32.275778  30.241508  27.42061  23.924824  20.033074  16.055436  12.284128  8.9550098  6.2311966  4.1801832  2.7366013  1.7506561  1.0916582  0.66952289  0.41000452  0.25105793  0.15259345  0.092388206  0.056215871  0.034881904  0.02252791  0.015109489  0.010286325  0.0070245268  0.0048094938  0.003315698  0.002287236  0.0015687367  0.0010544915  0.0006660645  
378  31.770212  0.0031818815  29.074759  27.398366  25.048943  22.097483  18.760162  15.284799  11.911165  8.8490432  6.2649099  4.2605891  2.817309  1.8162026  1.1393125  0.69992493  0.42575602  0.2580083  0.15591184  0.094523223  0.058038411  0.036606535  0.02408742  0.016346826  0.011181817  0.0076351429  0.0052320393  0.0036112632  0.0024752015  0.0016625204  0.0010624738  0.00061578055  
400  28.497693  0.0033435968  26.301586  24.920338  22.963203  20.469515  17.605173  14.568428  11.55308  8.7401969  6.2927003  4.3375231  2.8965668  1.8820202  1.1884314  0.73183969  0.44280113  0.26585869  0.15980409  0.097166774  0.060337222  0.038699367  0.025822662  0.017629202  0.012056742  0.0082196536  0.0056348659  0.0038646899  0.002592857  0.001668253  0.00099077252  0.00053128439  
424  25.551427  0.0034477793  23.77801  22.649302  21.031217  18.938099  16.493908  13.855899  11.17719  8.6085454  6.3031416  4.4049584  2.9718446  1.947271  1.2385024  0.7649453  0.46108029  0.27460054  0.16431308  0.1004089  0.063218901  0.041181679  0.027708903  0.018929779  0.012906099  0.0087780908  0.0059858214  0.0040198342  0.0025894334  0.0015649107  0.00086461734  0.00045332111  
450  22.904377  0.0034897188  21.483078  20.567248  19.238223  17.491472  15.416448  13.136896  10.771503  8.441248  6.2843817  4.4534723  3.0366592  2.0074546  1.2863434  0.79734552  0.4796278  0.28385985  0.16937326  0.10426732  0.066599942  0.043892665  0.02961705  0.020167887  0.013679247  0.0092444368  0.0061942974  0.0040029697  0.0024403401  0.0013846901  0.00073904941  0.00040409198  
475  20.7606  0.0034690919  19.601305  18.845808  17.737085  16.258284  14.473506  12.481806  10.376535  8.2538797  6.2355868  4.4749011  3.0813772  2.0535608  1.3247525  0.82424256  0.49560689  0.29224924  0.17432613  0.10819201  0.069887113  0.046348008  0.03124189  0.021158254  0.014242342  0.0095016544  0.0061891763  0.0038244491  0.002218314  0.0012124268  0.00065519514  0.00038401981  
500  18.919715  0.0033928913  17.966485  17.33858  16.407209  15.147332  13.603413  11.855102  9.9763833  8.042551  6.1583978  4.4725261  3.1090904  2.0879978  1.3554533  0.84665336  0.50944957  0.30001262  0.17928401  0.11213044  0.073003008  0.048541149  0.032611523  0.02192066  0.01459435  0.0095438912  0.0060026612  0.0035508536  0.0019848835  0.0010742962  0.00060556833  0.0003785454  
533  16.84964  0.0032179291  16.105153  15.608212  14.861277  13.832941  12.548314  11.067204  9.4448352  7.7344305  6.0194155  4.4369079  3.1216339  2.1165725  1.3846807  0.86948013  0.52437958  0.30920661  0.18559024  0.11700619  0.07661783  0.050935963  0.033986671  0.022555189  0.014715242  0.0093039797  0.0055799785  0.00315245  0.0017206852  0.00095237739  0.00057345006  0.00037989065  
565  15.148843  0.002977076  14.556493  14.156397  13.547827  12.696494  11.61404  10.345544  8.9332607  7.4141594  5.8531335  4.3729348  3.1111542  2.1280268  1.4019467  0.88481882  0.53541967  0.31683338  0.19110665  0.12109318  0.079460718  0.052683225  0.034851425  0.022775332  0.014505777  0.0088538175  0.0051009569  0.002803426  0.0015329985  0.00088335941  0.00055977355  0.00038301468  
600  13.560089  0.0026475928  13.093516  12.774631  12.283745  11.585805  10.682077  9.605167  8.3870581  7.0516137  5.6464451  4.2773423  3.0790206  2.1254077  1.4102844  0.89499042  0.54400446  0.32355693  0.19616431  0.12467018  0.081796758  0.053976927  0.035311349  0.022643798  0.014022458  0.008251752  0.0046012073  0.0024992686  0.0013952722  0.0008396115  0.0005518515  0.00038496449  
634  12.23503  0.0022813092  11.861146  11.602944  11.201232  10.621711  9.8587484  8.9355254  7.8766368  6.6968231  5.4299223  4.1655522  3.031556  2.1106375  1.4097366  0.89942542  0.54934813  0.32845166  0.19995284  0.12722396  0.083339524  0.054678583  0.035354211  0.022249069  0.013412317  0.0076592171  0.0041859919  0.0022810595  0.001308016  0.00081277028  0.00054585181  0.00038456017  
650  11.674194  0.0021017779  11.336198  11.101721  10.73522  10.203078  9.4972518  8.6372122  7.6447022  6.5311269  5.3248045  4.1081207  3.0047684  2.1002381  1.4070133  0.89994056  0.55097185  0.33022553  0.20135265  0.1281271  0.083839583  0.054845901  0.035267449  0.022001061  0.013104765  0.0073954891  0.0040182522  0.0022003083  0.0012772883  0.00080286078  0.0005429594  0.00038357859  
672  10.960203  0.0018536448  10.66503  10.459058  10.135154  9.6608787  9.0255657  8.2442182  7.3351534  6.3059925  5.1783893  4.025313  2.9641128  2.0828893  1.4010716  0.89923169  0.55237803  0.33213891  0.20289232  0.12908153  0.084314528  0.05493096  0.035060101  0.021616164  0.012679029  0.0070567674  0.0038156142  0.0021075151  0.0012422286  0.0007907325  0.00053861491  0.00038142197  
700  10.136509  0.0015499369  9.8867762  9.7113118  9.4334043  9.0223703  8.4651591  7.7719929  6.9574876  6.0255418  4.9907407  3.9150487  2.9070589  2.0564293  1.390325  0.89625469  0.55292941  0.33375925  0.20425101  0.12985337  0.084604033  0.054836765  0.034681713  0.021081109  0.012152051  0.0066705716  0.0036000479  0.0020132757  0.0012060132  0.00077676403  0.00053237579  0.0003775001  
711  9.8362958  0.0014362132  9.6020781  9.4370979  9.1751051  8.7861575  8.2565077  7.5947418  6.814187  5.9175545  4.917043  3.8706057  2.8832785  2.0448692  1.3852521  0.89452596  0.55280374  0.33416612  0.20461669  0.13003307  0.08463195  0.054747335  0.034505494  0.020863276  0.011953172  0.0065328305  0.0035267374  0.0019819562  0.0011936073  0.00077151952  0.00052968648  0.00037562484  
754  8.7730351  0.0010417363  8.5893274  8.4587467  8.2494125  7.9344027  7.4982517  6.9442439  6.2813826  5.508882  4.6314361  3.6929896  2.7845313  1.9944589  1.3615462  0.88518851  0.55068842  0.33466068  0.20525787  0.1301648  0.084353756  0.054173733  0.033713331  0.02000518  0.011234156  0.006066364  0.0032903707  0.0018815318  0.0011513997  0.00075151103  0.00051797803  0.00036680532  
800  7.8008591  0.00071682853  7.6573764  7.5545118  7.3881729  7.1346671  6.7779787  6.3172995  5.7580022  5.0970283  4.3336511  3.4995831  2.6712954  1.9330859  1.3305115  0.87135272  0.5459514  0.33354068  0.2047839  0.12948443  0.083514166  0.053263588  0.03275986  0.019124745  0.010577735  0.0056779328  0.003103643  0.0017995641  0.0011128661  0.00073031676  0.00050367267  0.00035532357  
846  6.9668526  0.00048496965  6.8534759  6.7715441  6.6380794  6.43243  6.1388676  5.753738  5.2795748  4.7120268  4.0469132  3.306202  2.553053  1.8659912  1.2949102  0.85433312  0.53908791  0.33102784  0.20339616  0.12819359  0.082289003  0.052154852  0.031766538  0.01831675  0.010031612  0.0053767133  0.0029610465  0.0017330157  0.0010782423  0.0007090993  0.0004880977  0.00034246198  
900  6.1297586  0.0003062542  6.042677  5.9791145  5.8748341  5.7123887  5.4770037  5.1628883  4.7700683  4.2934706  3.7265627  3.0825078  2.4108151  1.7820656  1.2486674  0.8311157  0.52878327  0.32663528  0.20089094  0.12613312  0.080521098  0.050702198  0.030609236  0.017472705  0.0095068798  0.0051015732  0.0028292088  0.0016667982  0.0010405013  0.00068397898  0.00046863922  0.0003262267  
949  5.4780873  0.00020843152  5.4088893  5.3577828  5.2734973  5.1411112  4.9470151  4.6843459  4.3515335  3.943313  3.4520056  2.8847913  2.2807296  1.7027338  1.2035586  0.80757742  0.51764881  0.32152441  0.19798939  0.12390815  0.078719186  0.049314499  0.029598244  0.016798575  0.0091151006  0.004902524  0.0027311013  0.001613759  0.0010079371  0.00066105154  0.00045041984  0.00031111078  
1000  4.8893768  0.00014236581  4.8344787  4.7931891  4.7248006  4.6166385  4.4564457  4.2369455  3.955524  3.6069339  3.1828569  2.6859063  2.1461026  1.6183752  1.1543219  0.7810937  0.50456435  0.3152517  0.1944721  0.12134986  0.076727654  0.047849395  0.028598722  0.01617626  0.0087709258  0.0047300805  0.0026433186  0.0015634628  0.00097546669  0.00063742891  0.0004314611  0.00029554832  
1064  4.2576148  9.1069461e-05  4.2161069  4.1836773  4.1297894  4.0441076  3.9161894  3.7390947  3.5096034  3.22245  2.8689849  2.4479859  1.9804426  1.5117346  1.0903989  0.74565797  0.48637611  0.30622717  0.18948748  0.11790548  0.074148286  0.046030068  0.027426073  0.015488394  0.0084050913  0.0045472514  0.0025469505  0.0015054073  0.00093650279  0.0006085142  0.00040828188  0.00027682382  
1100  3.9469207  7.1850017e-05  3.9111833  3.8823551  3.8344503  3.7582674  3.6444548  3.486613  3.2813821  3.0233739  2.7039363  2.3203967  1.8896379  1.4520375  1.0538592  0.72492993  0.47544869  0.30067917  0.18645551  0.11589119  0.072686267  0.045029456  0.026804876  0.015138308  0.0082233469  0.0044561015  0.0024975969  0.0014747055  0.00091541251  0.00059271935  0.00039569891  0.00026683677  
1128  3.7249126  6.0199061e-05  3.6929047  3.6662734  3.6220843  3.5519578  3.4474403  3.3026875  3.1142584  2.8766131  2.5811786  2.2244236  1.8204579  1.4059888  1.0253219  0.70851859  0.46666508  0.29616218  0.18400022  0.11429923  0.071553025  0.044265902  0.026339477  0.014881257  0.0080913822  0.0043896757  0.0024611756  0.0014517288  0.00089944327  0.00058070908  0.00038617911  0.00025935682  
1200  3.2240717  3.9162445e-05  3.1988544  3.175662  3.1376955  3.0785955  2.992468  2.8751787  2.7229514  2.5297555  2.2874697  1.9911607  1.6492511  1.2899733  0.95213815  0.66559643  0.44319912  0.28387672  0.17735697  0.11013809  0.068677808  0.042368155  0.025207583  0.014270979  0.0077821266  0.0042330227  0.0023739761  0.001395857  0.00086013064  0.00055111947  0.00036298643  0.00024141223  
1265  2.8474788  2.7306452e-05  2.8250757  2.802475  2.7665357  2.7128228  2.6380402  2.5395086  2.4128459  2.2516648  2.0484158  1.7975923  1.5039334  1.1892438  0.88717451  0.62655458  0.42129569  0.27215814  0.17103833  0.10633653  0.066150077  0.040739442  0.024258583  0.013771738  0.007532445  0.0041053448  0.0023017105  0.0013489823  0.00082694231  0.00052624797  0.00034376824  0.00022679809  
1300  2.670524  2.2727872e-05  2.6483488  2.6251547  2.5890965  2.5368835  2.466676  2.3763834  2.261202  2.1146378  1.9294646  1.7000487  1.4295979  1.1369223  0.85293073  0.60564085  0.4093609  0.26567931  0.16754119  0.10428206  0.064819941  0.039895289  0.023772952  0.013519513  0.0074071938  0.0040408524  0.0022648907  0.0013249999  0.00080996129  0.00051359224  0.00033409597  0.00021951956  
1400  2.2498481  1.3936458e-05  2.2234559  2.1954352  2.155292  2.1035272  2.0422418  1.9699348  1.8805533  1.7676299  1.6248035  1.4465096  1.2328939  0.99584348  0.75892437  0.54710695  0.3752583  0.24682921  0.15732027  0.09842017  0.061144211  0.037602589  0.022470146  0.012851037  0.007077735  0.003870054  0.0021668209  0.0012612488  0.0007649953  0.00048037824  0.00030907  0.0002009265  
1500  2.0887456  1.100248e-05  2.0675629  2.0372407  1.9945843  1.9413294  1.8812979  1.8138929  1.7328083  1.6311418  1.5022481  1.3403403  1.145101  0.92735302  0.70895951  0.51311725  0.3536422  0.23385111  0.14980776  0.094075594  0.058530408  0.035956161  0.021432821  0.012238592  0.0067531813  0.0037145353  0.0020955406  0.0012269433  0.00074602665  0.00046792248  0.00029972432  0.00019348789  
1600  1.6950226  5.9994426e-06  1.6421699  1.5946038  1.5365914  1.4773862  1.4233652  1.370455  1.3112884  1.2401796  1.1520736  1.0423185  0.90855681  0.75448467  0.59233244  0.43956691  0.31009551  0.20949306  0.13670287  0.086912257  0.054322513  0.033492549  0.020172195  0.011690372  0.0065147148  0.0035768113  0.0019968419  0.0011522064  0.00068938341  0.00042570394  0.00026897098  0.00017192177  
1800  1.3783569  2.8626804e-06  1.2895762  1.2183152  1.1405088  1.0723493  1.0194104  0.97421866  0.92941703  0.88014054  0.82224251  0.75202095  0.66678351  0.56666356  0.45707213  0.34867353  0.25261333  0.17514312  0.11711586  0.076001733  0.048130637  0.029905122  0.01818608  0.010695803  0.0060448389  0.0033370264  0.001856525  0.0010628321  0.0006291186  0.00038355327  0.00023896449  0.00015076486  
2000  1.1799797  1.3396289e-06  1.0201429  0.9330214  0.84407886  0.77243155  0.7209899  0.68054013  0.64430704  0.60819081  0.56886398  0.52346787  0.46971641  0.40650129  0.33555298  0.26247294  0.19482681  0.13823282  0.094473738  0.062513583  0.040172902  0.025194504  0.015459297  0.009225317  0.0053135952  0.0029819496  0.0016773265  0.00096842688  0.00057672486  0.00035162553  0.00021741188  0.00013545605  
2200  1.0317136  9.2259929e-07  0.91221435  0.80876219  0.7068341  0.62807534  0.57360598  0.5327661  0.49869563  0.46749805  0.43620624  0.40237609  0.36403332  0.31972286  0.26948633  0.21611969  0.16464079  0.11983139  0.083974841  0.056932679  0.037405125  0.023878837  0.014866572  0.009006945  0.0052647072  0.0029685479  0.0016494703  0.00092989551  0.00054036087  0.00032335842  0.00019766217  0.00012246637  
2400  0.90266553  6.1760867e-07  0.7994343  0.69076205  0.5850335  0.5046439  0.45008204  0.41034558  0.37868941  0.35145883  0.32604134  0.30038491  0.272871  0.24213595  0.20748735  0.16998602  0.13256524  0.098724481  0.07071418  0.048959069  0.032814019  0.021310592  0.013454744  0.0082690593  0.0049179342  0.0028164897  0.0015732432  0.00088190803  0.00050756835  0.00030125173  0.0001828891  0.00011259476  
2600  0.78228068  4.4576594e-07  0.71022519  0.60224653  0.4967751  0.41654211  0.36262072  0.32413922  0.29439867  0.26990683  0.24829793  0.22780264  0.20708053  0.18497294  0.16056389  0.13397928  0.10677592  0.081298587  0.059470244  0.04200838  0.02871074  0.018988009  0.012173675  0.0075884721  0.0045880859  0.0026732065  0.0015078676  0.00084335861  0.00048080225  0.00028280207  0.00017062974  0.00010451378  
2900  0.61634355  2.6748862e-07  0.60220004  0.5028279  0.40307329  0.32545631  0.27352146  0.23733301  0.21018131  0.18873846  0.17088654  0.15513353  0.14042383  0.12590315  0.11071971  0.094415066  0.077400078  0.060793593  0.045839175  0.033318719  0.023412235  0.015912033  0.010456849  0.0066605371  0.004119539  0.0024635128  0.0014195021  0.00079812656  0.00045021693  0.00026079395  0.00015569107  9.4752716e-05  
CO
41
296  0.62806401  1.3762263e-06  0.53259114  0.47479874  0.39758106  0.31056016  0.23085212  0.16913972  0.12403295  0.090751529  0.065661024  0.046340836  0.031337151  0.019851909  0.011515845  0.0061147416  0.0031444315  0.0017023496  0.00098144365  0.00058874865  0.00036645371  0.00023159341  0.00014461003  8.8954023e-05  5.4161095e-05  3.2312074e-05  1.869138e-05  1.0619463e-05  5.9828053e-06  3.3362327e-06  1.8525574e-06  1.0379049e-06  
318  0.90106641  1.6763756e-06  0.76948319  0.68897372  0.5801464  0.4555146  0.33940478  0.2486446  0.18229746  0.13349048  0.096841495  0.068719712  0.046885565  0.03008486  0.017699666  0.0094197296  0.0046973681  0.0023990843  0.0013093211  0.0007467031  0.00044178046  0.00026690479  0.00016084474  9.6851263e-05  5.860786e-05  3.5027392e-05  2.0293515e-05  1.1484413e-05  6.4049796e-06  3.5317528e-06  1.9520586e-06  1.1008173e-06  
337  1.1637912  1.8677612e-06  0.99939011  0.89794838  0.75956375  0.59902953  0.44736419  0.32779699  0.24034127  0.17616092  0.12812993  0.091388761  0.062871286  0.040841959  0.024418836  0.0131688  0.0065245836  0.0032245929  0.0016967987  0.00093647405  0.00053446485  0.00031191617  0.0001829279  0.00010833723  6.5099593e-05  3.8809892e-05  2.2436483e-05  1.261172e-05  6.9623153e-06  3.8148118e-06  2.1160334e-06  1.2030237e-06  
357  1.5404403  0.00016973965  1.5273544  1.5168216  1.4982776  1.465882  1.4100652  1.3162263  1.165188  0.94010842  0.64712716  0.34510846  0.13305085  0.046863096  0.022757034  0.012865639  0.0075503025  0.0044386891  0.0025407138  0.0014123081  0.00077262507  0.00042370275  0.00023745927  0.000135663  7.7022647e-05  4.3071482e-05  2.3878752e-05  1.325591e-05  7.3974748e-06  4.142312e-06  2.3240881e-06  1.2995034e-06  
378  1.9753132  0.0001548721  1.9584865  1.9450345  1.9213486  1.8799632  1.8086352  1.6886566  1.4953786  1.2069631  0.83081151  0.44213372  0.16865303  0.057650733  0.027234404  0.01519564  0.0088233469  0.0051174501  0.0028937784  0.0015957291  0.00087260643  0.00048275734  0.00027313803  0.00015551731  8.739786e-05  4.8605513e-05  2.6869794e-05  1.4851344e-05  8.2283197e-06  4.5692545e-06  2.542424e-06  1.4074343e-06  
400  2.4673267  9.4239149e-05  2.4463249  2.4296289  2.4002277  2.3488453  2.2602557  2.1111497  1.8707023  1.5113135  1.0414762  0.55447556  0.21062537  0.070771264  0.032832908  0.018139339  0.010398917  0.005927013  0.0033103354  0.0018231821  0.0010033763  0.0005601262  0.00031777023  0.0001794285  0.00010019604  5.5523453e-05  3.0531408e-05  1.6721897e-05  9.1637124e-06  5.0621013e-06  2.8102364e-06  1.555015e-06  
424  3.0279591  0.00011063519  3.0022836  2.9819699  2.9461931  2.8836535  2.7757817  2.5940893  2.3007365  1.8614174  1.2854169  0.68602708  0.26077792  0.08692885  0.039856609  0.021823805  0.012316878  0.0068935222  0.0038215345  0.002115776  0.0011738429  0.00065860389  0.00037175715  0.00020846133  0.00011621167  6.4041343e-05  3.4839759e-05  1.8847373e-05  1.0278517e-05  5.6915218e-06  3.1779258e-06  1.7758766e-06  
449  3.6166775  8.1945978e-05  3.5861964  3.562176  3.5198644  3.4458823  3.3182153  3.1030119  2.7550947  2.2329538  1.5461721  0.82834575  0.3161894  0.10535001  0.048026028  0.026113398  0.014522194  0.0080051728  0.004424311  0.0024649252  0.0013748077  0.00077020602  0.00043184517  0.00024176184  0.00013439769  7.3261627e-05  3.9343595e-05  2.1169863e-05  1.1609858e-05  6.5024137e-06  3.6809905e-06  2.0599676e-06  
475  2.9844958  5.7531825e-07  2.6423395  2.421286  2.1041763  1.708358  1.3006384  0.95791969  0.70342354  0.51834591  0.38175002  0.27889575  0.19984973  0.13844169  0.09110083  0.055676997  0.030773407  0.015288091  0.0072105746  0.0035096667  0.0018014974  0.00096449844  0.00053446369  0.00030115987  0.00016781116  9.2182867e-05  5.1086425e-05  2.8561861e-05  1.5948208e-05  8.9106683e-06  4.98606e-06  2.7881038e-06  
504  3.2266613  5.5468705e-07  2.8707712  2.63916  2.3042157  1.8810401  1.43841  1.0613927  0.7800751  0.57561386  0.42486332  0.31141604  0.22419924  0.15632224  0.10386639  0.064504556  0.036536675  0.018590377  0.0087911372  0.0042100147  0.0021437028  0.0011511316  0.00063918826  0.00035852532  0.00019805054  0.00010820109  5.972253e-05  3.3226632e-05  1.8499446e-05  1.031395e-05  5.763251e-06  3.204633e-06  
533  3.4066945  5.6346752e-07  3.0447676  2.8076334  2.4621325  2.0206543  1.5521132  1.1477837  0.84449845  0.62411876  0.46171371  0.33946149  0.24534093  0.17189885  0.11501711  0.072310181  0.041814977  0.021803052  0.010420948  0.004943435  0.0025002083  0.0013456298  0.00074783793  0.00041790522  0.00023028788  0.00012579466  6.8957888e-05  3.8023403e-05  2.1070182e-05  1.1717633e-05  6.5410525e-06  3.614959e-06  
565  3.5365962  5.2090433e-07  3.1757955  2.9377514  2.5882407  2.1363527  1.649329  1.2229891  0.90116271  0.66725615  0.4948759  0.36494885  0.26465661  0.18614808  0.12526435  0.079614178  0.04693999  0.025117573  0.012231361  0.005784988  0.0028994711  0.0015611507  0.00086828976  0.00048416359  0.00026719238  0.0001460392  7.9398884e-05  4.3322494e-05  2.3859169e-05  1.3263869e-05  7.400867e-06  4.0578616e-06  
600  3.6057601  4.8958368e-07  3.2535877  3.019586  2.6732941  2.2201114  1.723765  1.2824516  0.94679316  0.70261908  0.52252187  0.38643038  0.28097456  0.19815846  0.13395514  0.085948616  0.051555489  0.028293706  0.014119706  0.0067214499  0.0033430835  0.0017948833  0.00099839115  0.00055657721  0.00030787382  0.00016819238  9.075254e-05  4.9037278e-05  2.6906151e-05  1.498025e-05  8.3262584e-06  4.5246222e-06  
634  3.6118249  6.3454167e-07  3.2734775  3.0472141  2.7099664  2.2636939  1.767535  1.3197155  0.97637679  0.72622894  0.54141753  0.40126423  0.29220062  0.20637933  0.13999811  0.090520612  0.055051607  0.030866953  0.015789838  0.0076131203  0.0037638788  0.002001919  0.0011105922  0.00062124411  0.00034570629  0.00018930146  0.0001017946  5.4754866e-05  3.0025158e-05  1.6701345e-05  9.2188685e-06  4.9826341e-06  
672  3.5620462  7.7123938e-07  3.2433973  3.0288722  2.7067102  2.2753757  1.7880571  1.3408237  0.99460276  0.74170048  0.55432132  0.41151456  0.2998805  0.21200988  0.14432345  0.094012591  0.057899287  0.033117573  0.017374843  0.0085270714  0.0042064172  0.0022151012  0.0012266557  0.0006898614  0.00038591587  0.0002118118  0.00011402403  6.1400559e-05  3.3636528e-05  1.8596766e-05  1.0188201e-05  5.4925803e-06  
711  3.4642185  4.4575108e-07  3.1685121  2.9681447  2.6650618  2.2546361  1.7835471  1.3437989  0.99970062  0.74743266  0.55979147  0.41596491  0.30311421  0.214454  0.14647903  0.096004655  0.059683656  0.034637499  0.018538567  0.0092725017  0.0046079745  0.0024250878  0.0013457233  0.00076010233  0.00042642788  0.00023459531  0.00012674568  6.838285e-05  3.7327488e-05  2.0485925e-05  1.1155332e-05  5.982983e-06  
754  3.3181348  5.1612481e-07  3.0490595  2.8655161  2.5857989  2.2025064  1.7551382  1.3296878  0.99250541  0.74402684  0.5582272  0.41488842  0.30215305  0.21397081  0.14669964  0.096735686  0.060653706  0.035628714  0.019383236  0.0098737352  0.0049769759  0.0026394427  0.0014715164  0.00083361459  0.00046820629  0.00025831725  0.00014026577  7.5816079e-05  4.1206647e-05  2.2453093e-05  1.2127516e-05  6.4402285e-06  
800  3.1339411  6.685952e-07  2.8932885  2.7280222  2.4742654  2.1223675  1.7045336  1.2992389  0.97328902  0.73144827  0.54945074  0.40814253  0.29697633  0.2105722  0.14494185  0.096142921  0.060781063  0.036128079  0.019973752  0.01035404  0.0052883648  0.0028268872  0.0015845895  0.00090075986  0.00050741449  0.00028151986  0.00015392269  8.338441e-05  4.5090325e-05  2.4346256e-05  1.3012186e-05  6.8332535e-06  
846  2.934658  6.4841729e-07  2.7212215  2.5736932  2.345574  2.0256364  1.6394439  1.257424  0.94535619  0.71195441  0.53511158  0.39707106  0.28868793  0.20504191  0.14170654  0.094537464  0.060234157  0.036189459  0.02029568  0.010687995  0.0055255137  0.0029750404  0.0016755505  0.00095608125  0.00054124672  0.00030245786  0.00016636863  9.0143672e-05  4.8438364e-05  2.5925928e-05  1.3720299e-05  7.1159507e-06  
900  2.6948393  4.671683e-07  2.510933  2.3828556  2.1832751  1.8998382  1.5513083  1.1986  0.90482952  0.68274758  0.51314016  0.3801541  0.27621032  0.19664858  0.13654767  0.091676381  0.058898708  0.035775989  0.020354462  0.010902295  0.0057199692  0.0031061025  0.0017562147  0.001005401  0.00057298299  0.00032331754  0.00017915575  9.7088741e-05  5.1799831e-05  2.7419712e-05  1.4311629e-05  7.3113066e-06  
950  2.4761113  3.7273598e-07  2.3168338  2.2050993  2.0298123  1.778137  1.4635363  1.1384656  0.86256985  0.65170892  0.48955307  0.36211333  0.26305457  0.18775078  0.13093445  0.088408611  0.057218958  0.03508632  0.020202432  0.01096918  0.0058206207  0.0031815514  0.0018064263  0.0010384082  0.00059570574  0.00033899342  0.00018903229  0.00010246152  5.4288315e-05  2.8394658e-05  1.4624039e-05  7.4038331e-06  
1000  2.2661739  3.5353114e-07  2.12885  2.0317348  1.8784145  1.6559822  1.3735152  1.0756012  0.81778817  0.61843276  0.46416281  0.34283153  0.24909858  0.17825711  0.12483134  0.084734766  0.055214899  0.034157025  0.019885999  0.010932311  0.0058613476  0.0032222649  0.0018365434  0.0010602376  0.00061214132  0.00035107248  0.00019690021  0.0001067534  5.6159998e-05  2.9002489e-05  1.477991e-05  7.4711274e-06  
1064  2.0151688  3.3154605e-07  1.902246  1.8213688  1.6927106  1.5037043  1.2590134  0.9942255  0.75915788  0.57450535  0.43062526  0.3175701  0.23091816  0.16580877  0.11669914  0.079711062  0.052351399  0.03271376  0.019288059  0.01075794  0.0058381839  0.0032306028  0.0018504866  0.0010752991  0.00062602728  0.00036210957  0.00020420573  0.00011066796  5.7701025e-05  2.9366972e-05  1.4843489e-05  7.535565e-06  
1128  1.7867425  3.5642724e-07  1.6945023  1.6272891  1.5196079  1.3595498  1.1485122  0.91436968  0.70105604  0.53072003  0.39723624  0.29260642  0.21300716  0.15345678  0.10851961  0.074557218  0.049317045  0.031094752  0.018537759  0.010472229  0.0057472763  0.0032005332  0.0018417696  0.0010771511  0.00063198827  0.00036815215  0.00020840741  0.00011277796  5.8389621e-05  2.9467782e-05  1.4863169e-05  7.5938816e-06  
1200  1.5574884  4.0902628e-07  1.4847438  1.4302017  1.3421723  1.2097  1.0316089  0.82859416  0.63815779  0.48316753  0.3610687  0.26573553  0.19375056  0.14008661  0.099567198  0.068831495  0.045863392  0.029175606  0.017585448  0.010064441  0.0055885986  0.0031312818  0.0018095541  0.0010655388  0.00063025499  0.00036957352  0.00020986242  0.00011342081  5.848082e-05  2.9405276e-05  1.4838991e-05  7.6468959e-06  
1265  1.374741  4.4391887e-07  1.3167588  1.2715658  1.1981716  1.0865691  0.93403602  0.75602881  0.58462613  0.44265052  0.33034862  0.24301591  0.17745575  0.12869542  0.091866696  0.063849433  0.042804114  0.027423886  0.016671845  0.0096393146  0.005404496  0.0030457617  0.0017665837  0.0010454316  0.00062221479  0.00036678084  0.00020884784  0.00011292133  5.8190738e-05  2.9250386e-05  1.4795824e-05  7.6992819e-06  
1340  1.1901926  4.9450645e-07  1.1465367  1.110094  1.0505163  0.95890493  0.83143436  0.67878497  0.52737473  0.39933261  0.29761081  0.21888248  0.16011787  0.11649874  0.08354669  0.058404427  0.039407272  0.025433705  0.015597583  0.0091124834  0.0051621712  0.0029289762  0.0017053536  0.0010135846  0.00060657917  0.00035951505  0.0002056065  0.00011151146  5.7569723e-05  2.8962162e-05  1.4711619e-05  7.7561214e-06  
1420  1.0211062  5.2787344e-07  0.99016805  0.96111293  0.91330211  0.83897067  0.73369111  0.60429466  0.47193609  0.35744925  0.26606079  0.19567433  0.14340142  0.10466516  0.075403317  0.053017894  0.036002611  0.023405649  0.014480711  0.008547147  0.0048883511  0.0027888827  0.0016281661  0.00097193746  0.00058506807  0.00034870313  0.00020051107  0.00010929515  5.6634411e-05  2.8578534e-05  1.4611179e-05  7.801541e-06  
1500  0.87697326  5.4954123e-07  0.85664392  0.8333903  0.79489669  0.73444151  0.6473962  0.53776791  0.42224642  0.31999436  0.23792682  0.17499669  0.12846008  0.094026615  0.068024399  0.048090489  0.032852546  0.021499016  0.013407093  0.007986427  0.0046073843  0.0026421732  0.0015455961  0.00092562625  0.00056010198  0.00033570843  0.00019421265  0.00010648357  5.541183e-05  2.8076422e-05  1.4464509e-05  7.8105443e-06  
1600  0.72620856  5.9912185e-07  0.71680305  0.69911192  0.6696264  0.62277973  0.55404121  0.46497212  0.36770532  0.27903023  0.20725583  0.15246633  0.11213106  0.082339848  0.059857116  0.042586497  0.029301053  0.019324286  0.012161496  0.007318986  0.0042620659  0.0024583526  0.0014417284  0.00086629908  0.000527095  0.00031797532  0.00018535508  0.00010242985  5.364148e-05  2.7363019e-05  1.4234657e-05  7.7695877e-06  
1687  0.618522  5.3767657e-07  0.61685075  0.6027807  0.57920703  0.54141647  0.48514459  0.41057706  0.32675427  0.24834923  0.18431875  0.13559161  0.099848554  0.073498033  0.053631213  0.038354602  0.026547091  0.017618066  0.011165136  0.0067705034  0.0039701669  0.0023001504  0.0013515655  0.00081449519  0.00049821513  0.00030226804  0.00017727057  9.8676756e-05  5.2039766e-05  2.6702544e-05  1.3968505e-05  7.670579e-06  
1787  0.5159514  5.349275e-07  0.52156977  0.51066961  0.49230779  0.46259853  0.41767831  0.35673356  0.28604799  0.21794613  0.16163307  0.11887669  0.08763645  0.064663245  0.047369213  0.034065173  0.023734861  0.015859458  0.010122898  0.006186102  0.0036530277  0.0021252965  0.0012507346  0.00075593776  0.00046515739  0.0002841449  0.00016789785  9.4325203e-05  5.0206869e-05  2.5927834e-05  1.3617129e-05  7.5126045e-06  
1900  0.42217288  5.42327e-07  0.43432654  0.42607292  0.41209393  0.3892654  0.354213  0.30549992  0.24711813  0.1889698  0.14006446  0.10295802  0.075963876  0.056180962  0.041322973  0.029896919  0.020986269  0.014128956  0.0090855206  0.0055959999  0.0033285554  0.0019453173  0.0011462918  0.00069389814  0.00042908497  0.00026403227  0.00015744871  8.9442487e-05  4.8119495e-05  2.50103e-05  1.3162296e-05  7.2809828e-06  
2000  0.35486058  5.6314097e-07  0.37154328  0.36503207  0.35395744  0.33573991  0.30742582  0.26731619  0.21793868  0.16731329  0.12398515  0.091066798  0.067211643  0.0497927  0.036744705  0.02672012  0.01887698  0.012790119  0.008272587  0.0051260551  0.0030666256  0.0017990067  0.0010613926  0.00064332141  0.00039934045  0.00024726047  0.0001486627  8.5305342e-05  4.6330759e-05  2.4201556e-05  1.274339e-05  7.0560066e-06  
2125  0.28704633  5.9134684e-07  0.3080187  0.3031218  0.29475409  0.28087871  0.25902133  0.22738712  0.18722602  0.14457172  0.10715438  0.078597227  0.058000339  0.043041505  0.031882311  0.023324534  0.01660531  0.011336334  0.0073796935  0.0046020706  0.0027710971  0.0016335141  0.00096590987  0.0005863065  0.00036535877  0.00022784099  0.00013834403  8.0349514e-05  4.4156309e-05  2.3207142e-05  1.2214296e-05  6.7625133e-06  
2250  0.23347195  6.3787238e-07  0.25747957  0.25375182  0.24735617  0.23667666  0.21965445  0.19454603  0.16176658  0.12575087  0.093285345  0.068307433  0.050371861  0.037428664  0.027820784  0.020469374  0.014679683  0.010095182  0.0066114618  0.0041462263  0.0025114434  0.0014873405  0.00088154155  0.0005357515  0.0003348679  0.00021014204  0.00012872408  7.5580963e-05  4.2017688e-05  2.2238297e-05  1.1697915e-05  6.4653394e-06  
2382  0.18879826  6.6580938e-07  0.21491636  0.21208692  0.20721452  0.1990263  0.18583238  0.16602306  0.13946272  0.10926859  0.081201402  0.059337196  0.043698367  0.032499778  0.024237562  0.017933714  0.012956236  0.0089781174  0.0059166565  0.0037302617  0.0022724376  0.0013521524  0.00080314312  0.0004884754  0.00030614229  0.00019334495  0.00011947486  7.0880325e-05  3.9856705e-05  2.1269509e-05  1.1194373e-05  6.1685941e-06  
2525  0.15096204  7.2465942e-07  0.17836882  0.176242  0.17256688  0.16635357  0.15623895  0.14079483  0.11954372  0.094532389  0.070462342  0.051371414  0.037751057  0.028089771  0.021015992  0.015638087  0.011382898  0.007952038  0.0052756755  0.0033431144  0.0020475669  0.0012244903  0.00072921773  0.00044384328  0.00027880302  0.00017716384  0.00011042914  6.6143995e-05  3.758891e-05  2.0243572e-05  1.0681645e-05  5.8706588e-06  
2675  0.12021735  7.5109024e-07  0.14812698  0.1465289  0.14375885  0.1390503  0.13131381  0.11931716  0.10240529  0.081817055  0.061257699  0.044563328  0.032651571  0.024292988  0.018228576  0.013638076  0.010001104  0.0070457482  0.0047083669  0.0029987804  0.0018455213  0.0011089024  0.00066204158  0.00040315361  0.00025371337  0.00016216885  0.0001019649  6.1643657e-05  3.5374202e-05  1.922341e-05  1.017853e-05  5.5784481e-06  
2832  0.09539926  7.8772304e-07  0.12315203  0.12195095  0.11986324  0.11629722  0.11038869  0.10109683  0.087700515  0.07085351  0.053372129  0.038761035  0.028292889  0.021032548  0.015821346  0.011897786  0.0087881206  0.0062445735  0.0042054404  0.0026922027  0.0016637336  0.0010040782  0.00060113223  0.00036635533  0.00023095058  0.00014842832  9.4113326e-05  5.7409843e-05  3.3244831e-05  1.8225676e-05  9.6946787e-06  5.3030997e-06  
3000  0.075061358  8.1474026e-07  0.10210638  0.10120916  0.09964565  0.096963076  0.092483909  0.08534735  0.074838229  0.061197557  0.046467437  0.033721931  0.024501013  0.018181833  0.013704644  0.010356681  0.007705208  0.0055246889  0.0037532798  0.0024169022  0.0014995708  0.00090867189  0.00054536786  0.00033242911  0.00020978039  0.00013552953  8.6674632e-05  5.3353953e-05  3.1167346e-05  1.7231798e-05  9.2104763e-06  5.0307463e-06  
NO
40
296  0.70879625  8.4579449e-07  0.6775263  0.65455071  0.61703599  0.5594233  0.47924626  0.38275608  0.28603724  0.20472367  0.1437166  0.099688268  0.06786803  0.04476829  0.028072015  0.016390653  0.0089715046  0.0049282262  0.0029332728  0.0018695212  0.0012140878  0.00077853998  0.0004856493  0.00029421427  0.00017504253  0.00010402425  6.2194056e-05  3.7184751e-05  2.2185711e-05  1.3244681e-05  7.837778e-06  4.5493341e-06  
318  0.9261179  8.1159494e-07  0.88801829  0.85993091  0.81378705  0.74219775  0.64097854  0.51646051  0.38857114  0.27904688  0.19616919  0.13620561  0.092829455  0.061303365  0.038485815  0.02240025  0.011972666  0.0061800446  0.0034050323  0.0020540124  0.0012874314  0.00080655102  0.00049516733  0.00029629066  0.00017438422  0.00010252347  6.0800579e-05  3.6276255e-05  2.1703545e-05  1.302757e-05  7.8037889e-06  4.6089233e-06  
337  1.1146704  6.950581e-07  1.0713474  1.0393285  0.98648464  0.90387409  0.78566417  0.63776098  0.48286063  0.3480978  0.24532071  0.17076124  0.11675488  0.077430437  0.048897354  0.028645778  0.01527621  0.0076591184  0.004001451  0.0023070042  0.0014031242  0.00086161274  0.00052165989  0.00030882403  0.00018007241  0.00010496984  6.1813788e-05  3.6748022e-05  2.1953947e-05  1.3173311e-05  7.9348824e-06  4.7388267e-06  
357  1.3055443  5.2249361e-07  1.2575833  1.2220526  1.1631639  1.0704499  0.93628598  0.7656983  0.58360071  0.42260238  0.29878233  0.20868842  0.1433126  0.095588609  0.06084191  0.03601775  0.019343615  0.0095719396  0.0047979433  0.0026500591  0.0015657333  0.00094348833  0.00056362749  0.00032999149  0.00019054985  0.00011021678  6.4492861e-05  3.8129651e-05  2.2660857e-05  1.3560779e-05  8.1914501e-06  4.9324918e-06  
378  1.4906214  5.1190309e-07  1.4388248  1.4003673  1.3363776  1.2349684  1.0866739  0.89521925  0.68701515  0.49989379  0.35469869  0.24872404  0.17168088  0.11527549  0.074020805  0.044346717  0.024106146  0.011910004  0.0057962393  0.0030788607  0.0017706786  0.001049043  0.00061896631  0.00035831338  0.0002049619  0.00011773547  6.8457093e-05  4.015917e-05  2.3701593e-05  1.4144113e-05  8.5565452e-06  5.1838747e-06  
400  1.662296  4.3607354e-07  1.6076086  1.5669205  1.4989739  1.3906363  1.2306517  1.0211046  0.78909184  0.57709976  0.41105425  0.28945726  0.20088378  0.1358523  0.088052424  0.053411664  0.029446952  0.014635155  0.0069905244  0.0035872039  0.0020117205  0.0011735636  0.0006844204  0.00039196325  0.00022227148  0.00012685021  7.3237384e-05  4.2592126e-05  2.4980632e-05  1.4878322e-05  9.0127912e-06  5.4832149e-06  
425  1.8260193  3.5774861e-07  1.7693397  1.7270811  1.6562569  1.5426407  1.3731987  1.1479772  0.89388553  0.65751288  0.47036869  0.33278758  0.23235207  0.15838633  0.10371577  0.063754654  0.035712592  0.017947049  0.0084849125  0.004218003  0.0023047457  0.0013232861  0.00076243481  0.00043210563  0.00024302064  0.00013774918  7.8901578e-05  4.5506409e-05  2.6557514e-05  1.5803408e-05  9.5876942e-06  5.8407887e-06  
475  2.0515691  3.0328858e-07  1.9942331  1.9513362  1.8790142  1.7618219  1.5841533  1.3420476  1.0598166  0.7884348  0.56891674  0.40617767  0.2867873  0.19829372  0.13219241  0.083100509  0.047867628  0.024702209  0.011684219  0.0055704982  0.0029038125  0.0016164547  0.000911407  0.00050898787  0.00028332612  0.0001590712  9.0026361e-05  5.1333077e-05  2.9784237e-05  1.7746217e-05  1.0778002e-05  6.5481381e-06  
500  2.1177362  2.7214461e-07  2.0612962  2.0190082  1.9475376  1.8312391  1.6537091  1.409223  1.1201186  0.83788962  0.60718215  0.43538823  0.3090105  0.21499458  0.14438635  0.091562355  0.053345792  0.027900825  0.013277976  0.0062510776  0.0031899104  0.0017493167  0.00097758808  0.00054362417  0.00030200176  0.00016910991  9.5295285e-05  5.4110705e-05  3.1371713e-05  1.872832e-05  1.1368795e-05  6.8974949e-06  
533  2.1484447  2.0005084e-07  2.0948348  2.0545862  1.9863447  1.8746936  1.7027147  1.4625337  1.1729798  0.88423907  0.64448899  0.46474425  0.33200545  0.23274508  0.15766733  0.10100752  0.059672677  0.031789466  0.015316936  0.0071333102  0.0035444812  0.0019066956  0.0010555798  0.0005854154  0.00032525485  0.00018182373  0.00010199279  5.767845e-05  3.3482349e-05  2.0027408e-05  1.212743e-05  7.3517626e-06  
565  2.1422223  2.0717904e-07  2.0918737  2.0540089  1.9896355  1.8838252  1.7195863  1.4874334  1.2027741  0.91337846  0.66943891  0.48525396  0.34866643  0.24596009  0.16774453  0.10830561  0.06470873  0.035036979  0.017115655  0.0079360746  0.0038588674  0.0020401193  0.0011221145  0.0006223097  0.00034648957  0.00019376286  0.00010840021  6.120477e-05  3.5603579e-05  2.1291166e-05  1.2855183e-05  7.7997146e-06  
600  2.1005178  1.6235907e-07  2.0541873  2.0192841  1.9597875  1.8615441  1.7078793  1.4880246  1.2137259  0.92910041  0.68509614  0.49928133  0.36078696  0.25597759  0.17559939  0.11417456  0.06896025  0.037956007  0.018839479  0.0087406166  0.0041710214  0.0021668595  0.0011857637  0.00065920029  0.00036894144  0.00020692944  0.00011561935  6.5259585e-05  3.8000514e-05  2.2674596e-05  1.3665549e-05  8.3211549e-06  
634  2.0344292  1.6459314e-07  1.9921708  1.9602862  1.9058072  1.8154841  1.6732444  1.4675142  1.2067474  0.93090995  0.69044451  0.50564904  0.36716616  0.26168835  0.18030642  0.11791285  0.071903411  0.04015195  0.020241082  0.0094399004  0.0044476158  0.0022754005  0.0012401743  0.00069240987  0.00039058554  0.00022008238  0.00012295301  6.9434805e-05  4.0422833e-05  2.4069878e-05  1.4523914e-05  8.8854705e-06  
672  1.9404099  1.9702581e-07  1.9026582  1.8741282  1.8252641  1.743915  1.614913  1.4262247  1.1830578  0.92043462  0.68707833  0.50573991  0.36894907  0.26401055  0.18259138  0.12008903  0.073963738  0.041911505  0.021484941  0.010116881  0.0047282465  0.002383439  0.0012944671  0.00072801935  0.0004150685  0.00023520571  0.00013161559  7.4434359e-05  4.3253807e-05  2.5725963e-05  1.5588554e-05  9.5912668e-06  
711  1.8304866  1.9625655e-07  1.7971372  1.7718942  1.7285635  1.6561468  1.5405556  1.3696759  1.1459139  0.89921809  0.67560529  0.49966167  0.3659729  0.26269788  0.18223593  0.12051161  0.07494524  0.04304998  0.022425109  0.010685294  0.0049824349  0.0024840168  0.0013459099  0.00076384763  0.00044040308  0.00025122191  0.00014120079  8.0039778e-05  4.6427459e-05  2.763398e-05  1.6840956e-05  1.0398063e-05  
754  1.7017777  1.4991512e-07  1.6728969  1.650998  1.613323  1.550113  1.4485476  1.2967668  1.0947045  0.86700066  0.65596202  0.48743022  0.35828948  0.25783686  0.1793595  0.1192996  0.074947205  0.04365009  0.023116604  0.011169636  0.0052208661  0.0025861977  0.0014005945  0.00080264768  0.00046821381  0.00026950564  0.00015265609  8.6827316e-05  5.033221e-05  3.004912e-05  1.8393822e-05  1.1324331e-05  
800  1.5625535  1.252838e-07  1.5379411  1.519239  1.4869936  1.4326874  1.3448616  1.2122033  1.0326576  0.82572652  0.62929319  0.4697349  0.34632152  0.24971626  0.17416832  0.11655884  0.073992071  0.043691533  0.023517418  0.011536702  0.005431194  0.0026871406  0.0014572782  0.00084298817  0.00049755777  0.00028966983  0.00016578604  9.4743043e-05  5.4988482e-05  3.2923656e-05  2.0147442e-05  1.2327484e-05  
846  1.4269091  1.1992789e-07  1.4060312  1.3901217  1.3626366  1.3161867  1.2406189  1.1253447  0.96689993  0.78031459  0.59890534  0.44887748  0.33172352  0.239549  0.16750487  0.11278069  0.072303878  0.043244758  0.023631374  0.011771593  0.0055992754  0.0027794921  0.0015123815  0.00088245371  0.00052670652  0.00031028669  0.00017939409  0.00010310446  6.0033349e-05  3.5957674e-05  2.194076e-05  1.3360413e-05  
900  1.2764961  1.0498096e-07  1.2593703  1.2462503  1.2235358  1.1850057  1.1219213  1.0246588  0.88869472  0.72468136  0.56071287  0.42208206  0.31259919  0.22607325  0.15858127  0.10752916  0.069688944  0.042260184  0.023480181  0.011911616  0.0057490904  0.0028756647  0.0015743083  0.00092713648  0.0005600142  0.00033433695  0.00019549116  0.00011319075  6.6167804e-05  3.9606162e-05  2.4100967e-05  1.4573114e-05  
950  1.1479214  9.8750763e-08  1.1337366  1.122775  1.1037633  1.071413  1.0181597  0.9353057  0.8177878  0.67299695  0.5245276  0.39632396  0.29400774  0.21290921  0.14981609  0.10223599  0.06687032  0.041026468  0.023133637  0.011939904  0.0058491437  0.002952782  0.0016280065  0.00096639862  0.0005893834  0.00035581827  0.00021004073  0.00012245321  7.1895934e-05  4.3052336e-05  2.6086426e-05  1.563725e-05  
1000  1.030487  9.5308827e-08  1.0188137  1.009656  0.99374678  0.96659771  0.92168366  0.85121499  0.74989952  0.62254365  0.48867703  0.37057056  0.27531084  0.19965096  0.14095539  0.096782388  0.063838173  0.039592192  0.022646826  0.011892018  0.0059171615  0.0030181521  0.0016768427  0.0010029808  0.00061699025  0.00037606835  0.00022383444  0.00013138182  7.7538342e-05  4.6434232e-05  2.7973557e-05  1.6629594e-05  
1064  0.89639774  8.0746264e-08  0.88743771  0.88015403  0.86747634  0.84576914  0.80964857  0.75241524  0.66879762  0.56112478  0.44442499  0.33856097  0.25199189  0.18311125  0.12985886  0.089830299  0.059834261  0.037590558  0.021883683  0.011740738  0.0059620317  0.0030851764  0.0017319944  0.001045469  0.00064911478  0.00039954397  0.00024008527  0.0001422284  8.4422356e-05  5.046895e-05  3.0194116e-05  1.7802478e-05  
1128  0.77954623  7.5647277e-08  0.77286968  0.76706222  0.75693651  0.73954637  0.71045683  0.66394972  0.59499761  0.50419938  0.40286532  0.30834729  0.22994993  0.16748126  0.11932124  0.083112782  0.055852732  0.035518636  0.02102608  0.011512952  0.0059661028  0.0031341218  0.0017777563  0.0010822285  0.0006771226  0.00042002761  0.00025469386  0.00015217232  9.0626165e-05  5.403881e-05  3.2158308e-05  1.886237e-05  
1200  0.66670583  6.4304161e-08  0.6622278  0.65770837  0.64981471  0.63621636  0.61334807  0.57645282  0.52092242  0.44608067  0.35991256  0.27701177  0.20708984  0.15127382  0.10833636  0.076006008  0.051548233  0.033204072  0.019999898  0.011189646  0.0059324676  0.0031712029  0.0018181612  0.00111611  0.00070336269  0.00043952078  0.00026898695  0.00016195817  9.6707558e-05  5.7578974e-05  3.4140658e-05  1.9989989e-05  
1265  0.57974023  5.8026088e-08  0.57700663  0.57338705  0.56705613  0.55612276  0.53765629  0.50764067  0.46190367  0.39906212  0.32477324  0.25131179  0.1883556  0.13798644  0.099279693  0.070074779  0.047897335  0.031188163  0.019056201  0.010856797  0.0058733241  0.0031896143  0.0018454726  0.0011402303  0.00072246603  0.00045403403  0.00027984729  0.00016946806  0.00010146363  6.041278e-05  3.5785601e-05  2.1000414e-05  
1340  0.49450459  4.7808622e-08  0.49358147  0.49076393  0.4858286  0.47728337  0.46278537  0.43903714  0.40237991  0.35097824  0.28845794  0.22469647  0.16897931  0.12423349  0.089853094  0.063837691  0.044007104  0.02899199  0.017986012  0.010448498  0.0057781964  0.0031940367  0.0018672414  0.0011612497  0.00073952219  0.0004672971  0.00028996194  0.00017665529  0.00010616955  6.3302084e-05  3.7571501e-05  2.2176147e-05  
1420  0.41866573  4.5420614e-08  0.41949515  0.41732288  0.41351255  0.40689902  0.39563026  0.37703511  0.34797504  0.30641705  0.25443067  0.19970004  0.15080879  0.11131725  0.080944903  0.057887303  0.040248504  0.026823232  0.016890578  0.010001553  0.005652431  0.0031817274  0.0018803843  0.0011764384  0.00075251155  0.00047781944  0.0002982264  0.00018281396  0.00011037103  6.6025916e-05  3.93834e-05  2.3410313e-05  
1500  0.3557372  4.1668726e-08  0.35817008  0.35648257  0.35351888  0.34836368  0.33954631  0.32490052  0.30175807  0.26807044  0.22482803  0.17789432  0.13498246  0.10004769  0.073125757  0.052619854  0.036880942  0.024842045  0.015861557  0.0095594633  0.0055111699  0.0031556431  0.0018841135  0.0011847682  0.00076085914  0.00048517786  0.00030436483  0.00018769474  0.00011391012  6.8488517e-05  4.1092141e-05  2.459636e-05  
1600  0.29003016  3.4731311e-08  0.29426441  0.29303522  0.2908734  0.2871036  0.28062755  0.26978899  0.2524418  0.22666111  0.19253483  0.15406149  0.11773578  0.087748363  0.064539575  0.046790089  0.033112406  0.022588513  0.014664072  0.0090205833  0.0053189499  0.0031054441  0.0018752126  0.0011857293  0.00076507868  0.00049028717  0.0003093802  0.00019213415  0.00011751669  7.1209963e-05  4.3053848e-05  2.5973905e-05  
1687  0.24527945  3.0139212e-08  0.25091916  0.24996765  0.24829248  0.24536605  0.2403229  0.23183614  0.21812599  0.19743829  0.16941696  0.13687694  0.10529757  0.078856095  0.058294473  0.042514698  0.030313592  0.020883264  0.013732901  0.0085810252  0.005148074  0.0030530807  0.0018612875  0.0011826943  0.0007661586  0.00049300638  0.00031248201  0.00019515626  0.00012023564  7.3396019e-05  4.4663011e-05  2.7102952e-05  
1787  0.20354653  2.8478707e-08  0.21061569  0.20989869  0.2086351  0.20642368  0.20260058  0.19613134  0.18558154  0.16941383  0.14698687  0.1201017  0.093162797  0.070168601  0.052161689  0.038287466  0.027519145  0.019157435  0.012771391  0.0081108131  0.0049526975  0.0029853076  0.0018390143  0.0011749346  0.00076453989  0.00049430503  0.00031478073  0.00019780565  0.00012288351  7.5653041e-05  4.636127e-05  2.8314791e-05  
1900  0.16617472  2.8462595e-08  0.1746228  0.17409455  0.17316267  0.1715289  0.16869569  0.16387558  0.15594222  0.14359652  0.12605651  0.10432174  0.0817459  0.061987304  0.046356623  0.034258278  0.024830003  0.017474018  0.011813839  0.0076265834  0.0047389803  0.0029035242  0.0018089038  0.0011627684  0.00076035645  0.00049417806  0.00031630101  0.0002000587  0.00012539461  7.7923085e-05  4.8119354e-05  2.958137e-05  
2000  0.13982723  2.8370944e-08  0.14929438  0.14888632  0.14816592  0.14690122  0.14470282  0.14094722  0.1347218  0.12491814  0.1107248  0.092657557  0.073296486  0.055931107  0.042040837  0.031243992  0.022801355  0.016188831  0.011069359  0.0072398595  0.0045603249  0.0028302884  0.0017800446  0.001150311  0.00075531604  0.00049313216  0.00031706454  0.00020161632  0.00012727805  7.9705331e-05  4.9536466e-05  3.0618271e-05  
2125  0.11368858  2.992719e-08  0.12418335  0.12388326  0.12335303  0.12242084  0.12079629  0.11800856  0.11335175  0.10592243  0.094939792  0.08052473  0.064485131  0.049618073  0.037525702  0.02807164  0.020649616  0.014810293  0.010257446  0.0068085515  0.0043537731  0.0027407773  0.0017429031  0.0011339469  0.00074822222  0.00049116162  0.00031761491  0.00020322657  0.00012930471  8.1676994e-05  5.1157677e-05  3.1825307e-05  
2250  0.09331481  3.3876813e-08  0.1045929  0.1043686  0.10397201  0.1032739  0.10205464  0.099954359  0.096422582  0.09072447  0.082145651  0.070571229  0.057224766  0.044421165  0.033797995  0.025436725  0.018848405  0.013643509  0.0095592551  0.0064299729  0.0041667816  0.0026556214  0.0017059232  0.0011175586  0.00074101818  0.00048892901  0.00031794488  0.00020459211  0.00013102298  8.3386614e-05  5.2612408e-05  3.2918338e-05  
2382  0.076493202  4.4498354e-08  0.088371558  0.088203866  0.08790718  0.087384343  0.08646939  0.08488784  0.082212281  0.077851031  0.071173004  0.061925395  0.050879482  0.039884215  0.030538367  0.023120017  0.017253319  0.012599955  0.0089260554  0.0060807994  0.0039905056  0.0025723133  0.0016682237  0.0011006788  0.00073371271  0.00048658846  0.00031818859  0.00020584969  0.00013257854  8.495488e-05  5.3965798e-05  3.3942922e-05  
2525  0.062335233  5.7721757e-08  0.074646914  0.07452233  0.074301781  0.073912717  0.07323062  0.072047787  0.07003553  0.0667239  0.061571606  0.054255914  0.045204512  0.035829855  0.027624999  0.021038995  0.015810494  0.011647085  0.0083403945  0.005753059  0.0038224206  0.0024907217  0.0016300074  0.0010833008  0.00072632358  0.00048423524  0.00031840882  0.00020705237  0.0001340227  8.6385604e-05  5.5201453e-05  3.4897127e-05  
2675  0.050854044  7.2365549e-08  0.063427692  0.063334752  0.063170138  0.062879478  0.06236907  0.061481423  0.059963763  0.057444468  0.053467768  0.04768922  0.040295457  0.032322401  0.025108461  0.019233856  0.014550563  0.01080762  0.0078183771  0.0054572158  0.0036689674  0.002414776  0.0015933529  0.0010662509  0.00071914224  0.00048204694  0.0003186281  0.00020815888  0.0001352974  8.7597571e-05  5.625762e-05  3.5745877e-05  
2832  0.041561579  9.0487127e-08  0.054247655  0.054177957  0.054054452  0.053836201  0.053452389  0.052783199  0.051633919  0.049711323  0.04663658  0.042073024  0.03604625  0.029281473  0.02293321  0.017668655  0.013451129  0.010069207  0.0073545651  0.0051915162  0.0035299611  0.002345077  0.0015588743  0.0010497803  0.00071216318  0.00048001081  0.00031883459  0.0002091233  0.00013635781  8.8578595e-05  5.714523e-05  3.6492202e-05  
3000  0.033885351  1.0888565e-07  0.046556346  0.046504103  0.046411489  0.046247705  0.045959299  0.045455284  0.044586149  0.043121896  0.040751858  0.037164229  0.032281454  0.026577267  0.021006881  0.016280328  0.012469814  0.009405036  0.0069336108  0.0049481185  0.0034018126  0.0022803279  0.0015262096  0.0010337579  0.00070521733  0.00047797976  0.00031897165  0.0002099026  0.00013718824  8.9361984e-05  5.7897923e-05  3.7145138e-05  
OH
40
296  34.679452  1.1925987e-07  16.028858  11.923521  8.78663  6.4734003  4.7383902  3.4190687  2.4221989  1.6796239  1.1310965  0.73515763  0.46136287  0.27961709  0.16441277  0.095836412  0.056870427  0.03433488  0.020608743  0.012029386  0.0067337184  0.0036489084  0.0019668976  0.0010766865  0.00059944455  0.0003370749  0.00018778814  0.00010334146  5.7557092e-05  3.276273e-05  1.8612738e-05  1.0474052e-05  
320  27.79434  1.0314587e-07  13.467409  10.040833  7.3775322  5.4200467  3.9672364  2.8695471  2.0396205  1.4194896  0.9601577  0.62740629  0.39555724  0.24052151  0.14163368  0.082473283  0.048894756  0.029547524  0.01774779  0.010368178  0.005820353  0.0031591893  0.0017030541  0.0009378158  0.00052666527  0.00029626396  0.00016568039  9.3144071e-05  5.3335761e-05  3.0887588e-05  1.7667172e-05  9.9585199e-06  
337  23.99097  2.2490478e-07  11.983508  8.9573376  6.5726054  4.8186768  3.5251244  2.5528553  1.8184262  1.2684632  0.86073498  0.56429337  0.35684956  0.21743947  0.12799337  0.074431117  0.044093957  0.026637512  0.016010984  0.0093682593  0.0052613062  0.0028616212  0.0015536757  0.00086069096  0.00048462805  0.00027420512  0.00015558717  8.856343e-05  5.1123796e-05  2.9756404e-05  1.7026588e-05  9.5778647e-06  
357  20.362993  1.3910907e-07  10.510688  7.886047  5.7822888  4.2296521  3.0910333  2.2406656  1.5995409  1.1186458  0.76166396  0.50123587  0.31813734  0.19422201  0.11437276  0.066425046  0.03927287  0.02371299  0.014254445  0.0083413268  0.004693869  0.0025725452  0.0014105021  0.00078657096  0.00044553141  0.00025492351  0.00014664457  8.4599438e-05  4.9194456e-05  2.8523391e-05  1.6268662e-05  9.2050647e-06  
378  17.309831  8.224397e-08  9.2188603  6.9485233  5.0957154  3.7201151  2.7150784  1.9693054  1.4086468  0.98771119  0.67460044  0.44564391  0.283749  0.17362238  0.1023582  0.059370578  0.035040718  0.021116885  0.01268207  0.0074311211  0.0042007783  0.0023234639  0.0012882474  0.00072498679  0.00041434458  0.00024004917  0.00013993499  8.1358719e-05  4.7282618e-05  2.7400954e-05  1.5719082e-05  9.0003626e-06  
400  14.743703  1.3690129e-07  8.0886631  6.1286888  4.4993719  3.2800797  2.3905677  1.734379  1.24288  0.87364584  0.59843408  0.39672633  0.25336162  0.15545263  0.091748563  0.053218111  0.031343308  0.018838129  0.011316235  0.0066401776  0.0037761619  0.0021125957  0.0011873964  0.00067694577  0.00039176058  0.0002295192  0.00013473908  7.8513651e-05  4.5733065e-05  2.6607197e-05  1.537971e-05  8.9373148e-06  
425  12.422439  9.5323594e-08  7.0247221  5.3560227  3.9406942  2.8707159  2.0893742  1.5158485  1.0881824  0.76688815  0.52695182  0.35057688  0.22467817  0.13823878  0.081759469  0.047464347  0.027895563  0.016742657  0.010057456  0.0059246726  0.0034062169  0.0019339198  0.0011054199  0.0006399311  0.00037509746  0.00022165426  0.00013029434  7.5945039e-05  4.4466255e-05  2.6051479e-05  1.5245125e-05  8.940434e-06  
475  9.1006289  1.4553739e-07  5.4179743  4.1844863  3.0992703  2.2611376  1.6442939  1.1930629  0.85893555  0.60826132  0.42033285  0.28156463  0.18174275  0.11257385  0.066967304  0.039039637  0.023013443  0.013829438  0.0083455683  0.0049843762  0.0029387004  0.0017229622  0.0010115385  0.00059864958  0.00035587544  0.0002114411  0.0001249482  7.3570516e-05  4.3782502e-05  2.6133856e-05  1.5420466e-05  9.0094908e-06  
500  7.9009842  7.2139506e-08  4.80831  3.7375272  2.7798639  2.0324803  1.4793759  1.0741635  0.77454826  0.54980867  0.38096361  0.25599086  0.16584822  0.10314907  0.061629422  0.036072186  0.021341062  0.012877867  0.0078133814  0.0047095385  0.0028127749  0.0016696288  0.00099040332  0.00059008018  0.00035234128  0.00020986595  0.00012410203  7.366721e-05  4.4248136e-05  2.6403791e-05  1.550672e-05  9.0112382e-06  
533  6.5914333  1.1561569e-07  4.12861  3.2386766  2.4248793  1.7804749  1.2995858  0.94562387  0.68375181  0.48714494  0.33893288  0.22880514  0.14907614  0.093348739  0.056232356  0.033179531  0.019779857  0.012025782  0.0073690429  0.0045003093  0.0027287962  0.0016405928  0.00098133034  0.00058785799  0.00035195308  0.00020977547  0.00012507171  7.4972295e-05  4.500348e-05  2.6695638e-05  1.5573319e-05  9.0134159e-06  
565  5.6034585  8.6783983e-08  3.5982712  2.8473043  2.1469547  1.5848549  1.1618806  0.8484572  0.61570081  0.4404277  0.30770485  0.20867196  0.13672876  0.086256313  0.052455067  0.031285394  0.018842915  0.011577221  0.0071745594  0.0044351868  0.0027195656  0.001648293  0.00099013508  0.0005942035  0.00035610143  0.00021325084  0.00012797248  7.6801537e-05  4.5864147e-05  2.7035165e-05  1.5738655e-05  9.1077079e-06  
600  4.7474308  8.6020661e-08  3.1260045  2.4971584  1.8987645  1.4115269  1.0415043  0.76487287  0.55790504  0.40111555  0.28163021  0.1919899  0.12662475  0.080584968  0.049593238  0.029994552  0.018324727  0.011415367  0.007164878  0.0044782521  0.002771752  0.0016884089  0.001015678  0.00061020745  0.0003666337  0.00022019522  0.00013217932  7.9108935e-05  4.7053934e-05  2.7682386e-05  1.6126052e-05  9.3851201e-06  
634  4.0851654  7.3753996e-08  2.7513738  2.2180713  1.7011935  1.2745446  0.94765193  0.700936  0.51449468  0.37201033  0.26255609  0.17993565  0.11945617  0.076703725  0.047784581  0.029342968  0.018215056  0.011508109  0.0073031651  0.004606024  0.0028686035  0.0017521657  0.0010547994  0.00063359503  0.00038080098  0.00022843136  0.00013692822  8.1920398e-05  4.8675151e-05  2.865431e-05  1.6778813e-05  9.8185644e-06  
672  3.4934831  5.6586046e-08  2.4088006  1.9615787  1.519704  1.1494966  0.86305914  0.64447981  0.477051  0.34741884  0.24672125  0.17010764  0.11376014  0.073780514  0.046614178  0.029146492  0.018429833  0.011812414  0.0075736011  0.0048160826  0.0030159117  0.0018466633  0.0011115155  0.00066674461  0.00039973998  0.00023923109  0.00014331688  8.5815741e-05  5.1051912e-05  3.0179249e-05  1.7787936e-05  1.0450808e-05  
711  3.0092765  5.56441e-08  2.1220091  1.7456317  1.3667981  1.0446491  0.79291595  0.59862847  0.4474899  0.32854955  0.23487991  0.16295556  0.10979291  0.071936738  0.046100201  0.029344846  0.018881569  0.01225888  0.0079331724  0.0050831018  0.0031986663  0.0019618983  0.001179792  0.00070545542  0.00042152578  0.00025174397  0.00015088066  9.0605603e-05  5.4159931e-05  3.2231267e-05  1.9089314e-05  1.1238476e-05  
754  2.5835526  4.1272061e-08  1.8641522  1.5502109  1.2281078  0.94979087  0.72995465  0.55818808  0.42216347  0.31293337  0.22541963  0.15746316  0.10694198  0.070840856  0.046085455  0.029866021  0.019533322  0.012837204  0.0083866831  0.0054112106  0.0034172614  0.0020980775  0.001260689  0.00075134399  0.0004472439  0.00026685147  0.00016040422  9.6912227e-05  5.8389849e-05  3.4966775e-05  2.0764795e-05  1.2213442e-05  
800  2.2217441  4.4587884e-08  1.6399156  1.3789508  1.1060104  0.86622136  0.67465594  0.52307158  0.40072108  0.30019784  0.21802812  0.15339177  0.10503866  0.070368231  0.046464093  0.030612029  0.020309946  0.013499677  0.0088995441  0.005773962  0.00365376  0.0022456058  0.0013493559  0.00080195518  0.0004761365  0.00028447986  0.0001719705  0.00010478473  6.3643373e-05  3.8240446e-05  2.2673326e-05  1.3285782e-05  
846  1.9319875  4.1788023e-08  1.4561665  1.2373605  1.0043554  0.79632271  0.62826732  0.49367408  0.38301984  0.28999217  0.212352  0.15045955  0.10386752  0.070325411  0.04704659  0.031422685  0.021093682  0.014152359  0.009397694  0.0061216131  0.0038803373  0.002389244  0.0014375878  0.0008537632  0.0005066256  0.00030386414  0.00018517351  0.00011364297  6.9259081e-05  4.1594492e-05  2.458671e-05  1.437068e-05  
900  1.6598795  3.7888865e-08  1.2794112  1.0997228  0.90454739  0.72706161  0.58183582  0.4639735  0.36509759  0.27979292  0.20685279  0.14777924  0.10295758  0.070494727  0.047778652  0.032341515  0.021958232  0.014864487  0.0099336555  0.0064928342  0.0041254965  0.0025484806  0.0015381589  0.00091485363  0.00054427605  0.00032890752  0.00020205039  0.00012442735  7.5808197e-05  4.5425499e-05  2.6794572e-05  1.5643462e-05  
950  1.4568261  3.1776634e-08  1.1442372  0.99321697  0.82633773  0.6720637  0.54435764  0.43952682  0.35007122  0.27117003  0.20224859  0.14559822  0.10225205  0.070644568  0.048375258  0.033091139  0.02266379  0.015442091  0.010363188  0.0067917559  0.0043289928  0.0026850159  0.0016265561  0.00097059953  0.00058061093  0.00035345783  0.00021805294  0.00013424625  8.1597101e-05  4.879639e-05  2.8777473e-05  1.6824191e-05  
1000  1.2891914  3.0862609e-08  1.0300802  0.90220928  0.75860407  0.62370811  0.51076693  0.41707592  0.33588982  0.26284013  0.19774636  0.14343708  0.10148729  0.070682825  0.048847992  0.033717855  0.023257388  0.015923762  0.010720916  0.0070474267  0.0045100075  0.0028102643  0.0017105125  0.0010260192  0.00061744247  0.00037789699  0.000233488  0.0001434764  8.6996438e-05  5.1997258e-05  3.0727516e-05  1.8024752e-05  
1064  1.1136926  2.9918953e-08  0.90761481  0.8032612  0.68376905  0.56928506  0.47206293  0.39042166  0.31845446  0.25224045  0.19184707  0.14047548  0.10027726  0.070505482  0.049234868  0.034312208  0.02383275  0.016390111  0.011074915  0.0073145323  0.0047089488  0.0029537008  0.0018110455  0.0010948684  0.00066359087  0.00040788736  0.00025192352  0.00015439694  9.3476577e-05  5.5960162e-05  3.3212318e-05  1.9618055e-05  
1128  0.97126714  2.6619989e-08  0.80564007  0.71963577  0.61935565  0.52143687  0.43712457  0.3655533  0.30154872  0.2415404  0.18564104  0.13716203  0.098732642  0.070044957  0.049368022  0.034677712  0.024214018  0.016707361  0.011330641  0.0075241082  0.004875516  0.0030804199  0.0019036322  0.0011600648  0.0007074304  0.00043579667  0.00026887644  0.00016446148  9.957237e-05  5.9815691e-05  3.5698734e-05  2.123083e-05  
1200  0.84051485  2.5642554e-08  0.70970222  0.63977892  0.55668692  0.47387162  0.40147804  0.33937075  0.28309969  0.22940151  0.17828954  0.13301328  0.096619937  0.069210051  0.049232656  0.034834607  0.024435355  0.016915957  0.011524501  0.0077027822  0.0050288229  0.0032031083  0.0019964223  0.0012267866  0.00075249039  0.00046450229  0.00028646237  0.00017508691  0.00010620907  6.4101298e-05  3.8456505e-05  2.2985099e-05  
1265  0.74290335  2.2716355e-08  0.63649931  0.57798749  0.50733616  0.43566279  0.37217508  0.31725671  0.26703122  0.21845594  0.17139451  0.12895468  0.09443281  0.068211811  0.048888348  0.034781144  0.024481509  0.016999788  0.01163411  0.0078218979  0.0051403326  0.0032972248  0.0020697535  0.001280356  0.00078928216  0.00048831692  0.00030128919  0.00018428353  0.00011205638  6.785064e-05  4.0839028e-05  2.4494899e-05  
1340  0.64879642  2.1972504e-08  0.56458555  0.51650151  0.45743299  0.39632882  0.34139665  0.29348701  0.24930132  0.20600515  0.1632811  0.12402272  0.09166268  0.066826834  0.048276325  0.034536966  0.024399063  0.01700995  0.011705331  0.0079201884  0.0052424604  0.0033887756  0.0021435366  0.0013356072  0.00082798082  0.00051367071  0.00031744017  0.00019455507  0.00011856779  7.1975797e-05  4.3484016e-05  2.6186049e-05  
1420  0.56545814  2.3369511e-08  0.49979565  0.46040145  0.41117454  0.35923281  0.31181931  0.27015518  0.23147048  0.19312123  0.15462682  0.1186155  0.088515954  0.065143703  0.04742919  0.034114581  0.024196723  0.016949299  0.011731261  0.0079869504  0.0053239851  0.0034677206  0.0022104933  0.0013877048  0.00086513062  0.00053851024  0.00033376174  0.0002050902  0.00012523129  7.6230696e-05  4.6263252e-05  2.7961007e-05  
1500  0.49587377  2.1183315e-08  0.44493094  0.41234951  0.37098435  0.3265096  0.28530686  0.24886125  0.21485401  0.180818  0.14615368  0.11320105  0.08527358  0.063325568  0.04644757  0.033583629  0.023923591  0.016843852  0.011723095  0.0080266996  0.0053844836  0.0035317261  0.0022680884  0.0014338577  0.00089858388  0.00056152698  0.00034924222  0.00021516402  0.00013164077  8.0392976e-05  4.8996156e-05  2.9691731e-05  
1600  0.42401155  2.3516131e-08  0.38759616  0.36157989  0.32793979  0.29096072  0.25608239  0.22500049  0.19587042  0.16644277  0.13602701  0.10659291  0.081212827  0.060961055  0.045111717  0.032833163  0.023526569  0.016672134  0.011679358  0.008047819  0.0054363374  0.0035945847  0.0023289292  0.0014842891  0.00093644582  0.00058834423  0.00036747233  0.00022724062  0.00013956986  8.5599961e-05  5.2352042e-05  3.1795918e-05  
1687  0.3722242  2.3658538e-08  0.34590509  0.32429703  0.29594327  0.26420383  0.23380886  0.20655538  0.18094674  0.15492307  0.12775263  0.10109161  0.07775644  0.058890422  0.043911399  0.032151075  0.023164295  0.01650778  0.011624831  0.0080495033  0.0054669485  0.003638822  0.0023746947  0.0015236558  0.00096692302  0.00061022072  0.00038252718  0.00023746997  0.00014641417  9.0064474e-05  5.5194964e-05  3.3621356e-05  
1787  0.32240916  2.4114983e-08  0.30555509  0.28791197  0.26439592  0.23754728  0.21139163  0.18777359  0.16553772  0.14284017  0.11893138  0.095131388  0.073941591  0.056553725  0.042535493  0.031368296  0.022750219  0.016314386  0.011550888  0.0080380071  0.0054905518  0.0036808524  0.0024207403  0.0015648716  0.00099962875  0.00063405303  0.00039924814  0.000248991  0.00015410476  9.5036526e-05  5.8412012e-05  3.5769503e-05  
1900  0.27603206  2.7975079e-08  0.26781524  0.25360489  0.2343538  0.21190882  0.18962308  0.16933323  0.15020876  0.13064053  0.10988308  0.088919442  0.069894594  0.054023662  0.041028534  0.030516169  0.022305135  0.016102687  0.0114626  0.0080172532  0.0055104672  0.0037218434  0.002467121  0.0016075091  0.0010341382  0.00065981895  0.00041760514  0.00026161856  0.00016251855  0.00010058554  6.2139783e-05  3.826188e-05  
2000  0.24195764  2.9246708e-08  0.24000034  0.22814359  0.21186653  0.19255466  0.1730595  0.15517346  0.13830837  0.12104963  0.10266987  0.083895744  0.066571132  0.051910021  0.039759772  0.029805906  0.02193956  0.015926378  0.011384777  0.0079964166  0.0055251841  0.0037543259  0.0025047001  0.0016427293  0.0010631876  0.0006818466  0.00043332822  0.00027239825  0.00016977752  0.00010549944  6.5444392e-05  4.0415582e-05  
2125  0.20663172  3.3264911e-08  0.2110989  0.20152399  0.18817699  0.17201265  0.15535872  0.13992205  0.12536778  0.11050331  0.094635055  0.078223498  0.062767787  0.04945666  0.038279595  0.028987505  0.02152613  0.015727346  0.011296022  0.0079736105  0.0055428441  0.0037915211  0.0025480023  0.0016838553  0.0010976095  0.000708157  0.00045218515  0.00028545027  0.00017873203  0.00011156027  6.9417589e-05  4.2959092e-05  
2250  0.17770535  3.6030514e-08  0.18738109  0.17954905  0.16847743  0.154808  0.14043971  0.12697416  0.11428274  0.1013707  0.08758622  0.073178601  0.059342265  0.047218484  0.036922395  0.028245722  0.021159269  0.015554084  0.01122083  0.0079572958  0.0055617814  0.0038276332  0.0025896604  0.0017233102  0.0011305731  0.0007332012  0.00047013453  0.00029803147  0.00018739626  0.00011732131  7.3130768e-05  4.533772e-05  
2382  0.15260457  3.97922e-08  0.16674757  0.16033224  0.15113912  0.1395704  0.12715582  0.11537578  0.10427649  0.093046522  0.081082499  0.068463008  0.056105984  0.045082253  0.0356193  0.027539021  0.020818029  0.015399824  0.01115832  0.0079476721  0.0055832271  0.0038648882  0.0026318118  0.0017629046  0.0011635644  0.00075824551  0.00048824796  0.0003107778  0.00019601847  0.0001229346  7.6734617e-05  4.767553e-05  
2525  0.13036279  4.4557947e-08  0.14839935  0.14316225  0.13555537  0.12579595  0.11509143  0.10478776  0.095078738  0.085324639  0.074976578  0.063978612  0.052998897  0.043014094  0.034348457  0.026853431  0.020497056  0.015265254  0.011110785  0.0079468363  0.005609567  0.0039054579  0.0026759898  0.0018034821  0.0011969505  0.00078358752  0.00050659044  0.00032350224  0.00020449471  0.00012842139  8.0277007e-05  4.9978244e-05  
2675  0.11135222  5.3579841e-08  0.13263554  0.12834585  0.12203366  0.11378076  0.10452524  0.095474335  0.086938091  0.07843081  0.069460814  0.059875801  0.050131518  0.041092154  0.033156279  0.026211048  0.020206454  0.015155922  0.011081219  0.0079553764  0.0056396811  0.0039472264  0.0027201026  0.0018432056  0.0012292032  0.00080801525  0.00052409737  0.00033549771  0.00021244505  0.00013357725  8.3604153e-05  5.2105776e-05  
2832  0.095141787  6.1885587e-08  0.11909717  0.11557039  0.11031582  0.10331803  0.095292186  0.087307265  0.079760743  0.072303463  0.064501862  0.056140403  0.047499354  0.03931768  0.03204389  0.02560987  0.019943417  0.01507035  0.011069851  0.0079736948  0.0056734458  0.0039896684  0.0027635939  0.00188158  0.0012598928  0.00083093494  0.00054023621  0.00034646779  0.00021971265  0.00013828619  8.660238e-05  5.397248e-05  
3000  0.081037693  7.6528786e-08  0.10720317  0.1043054  0.099935128  0.09400763  0.087051186  0.079996925  0.073304872  0.066749097  0.059955713  0.052672408  0.045035118  0.037648092  0.030985426  0.02503313  0.019697446  0.015002941  0.011074266  0.0080005484  0.0057098608  0.0040319259  0.0028060754  0.0019186201  0.001289034  0.00085225609  0.0005550807  0.00035652774  0.00022637479  0.00014257861  8.9292723e-05  5.5589026e-05  
