1.792699807e-16
2.098738726e-16
2.098738726e-16
2.098738726e-16
2.422863682e-16
2.422863682e-16
2.422863682e-16
2.422863682e-16
2.772601202e-16
2.772601202e-16
2.772601202e-16
3.142727477e-16
3.142727477e-16
3.142727477e-16
3.142727477e-16
3.541702485e-16
3.541702485e-16
3.955848329e-16
3.955848329e-16
3.955848329e-16
4.393723632e-16
4.393723632e-16
4.848090446e-16
4.848090446e-16
5.319506782e-16
5.319506782e-16
5.808545374e-16
5.808545374e-16
6.315796625e-16
6.315796625e-16
6.841870077e-16
7.377587256e-16
7.377587256e-16
7.933073342e-16
8.49868755e-16
9.074596254e-16
9.074596254e-16
9.671600428e-16
1.027940999e-15
1.089820163e-15
1.152815349e-15
1.21694452e-15
1.21694452e-15
1.283397166e-15
1.351039746e-15
1.419891398e-15
1.489971559e-15
1.561299809e-15
1.633896173e-15
1.707780968e-15
1.78297466e-15
1.859498156e-15
1.937372657e-15
2.016619512e-15
2.097260364e-15
2.261374233e-15
2.344869628e-15
2.429826012e-15
2.602706692e-15
2.690654398e-15
2.780133175e-15
2.871166874e-15
2.963779641e-15
3.152212783e-15
3.248058187e-15
3.3455576e-15
3.444736642e-15
3.545621372e-15
3.750854918e-15
3.855230384e-15
3.961391632e-15
4.177340758e-15
4.287156464e-15
4.510526697e-15
4.624109787e-15
4.855129631e-15
4.972595831e-15
5.211500269e-15
5.33296869e-15
5.579999183e-15
5.831185166e-15
5.958887263e-15
6.218573272e-15
6.350589575e-15
6.61903415e-15
6.891956654e-15
7.169424225e-15
7.310464555e-15
7.597227501e-15
7.888742524e-15
8.185079999e-15
8.486311776e-15
8.792510589e-15
9.103750053e-15
9.420104962e-15
9.741650701e-15
1.006846353e-14
1.04006212e-14
1.073820232e-14
1.108128611e-14
1.160428682e-14
1.195861917e-14
1.231869948e-14
1.268461137e-14
1.32423538e-14
1.362018445e-14
1.419606474e-14
1.458616281e-14
1.518071011e-14
1.558343248e-14
1.599260422e-14
1.661617459e-14
1.703852393e-14
1.768214471e-14
1.833600668e-14
1.900025605e-14
1.945011284e-14
2.013558401e-14
2.083189355e-14
2.153919518e-14
2.225764481e-14
2.298740056e-14
2.37286219e-14
2.423052125e-14
2.499516183e-14
2.577176005e-14
2.656048418e-14
2.736150385e-14
2.817499131e-14
2.900112103e-14
2.98400697e-14
3.06920162e-14
3.184551618e-14
3.27240034e-14
3.391338276e-14
3.481914965e-14
3.60454078e-14
3.729049404e-14
3.855466162e-14
4.015905402e-14
4.178796063e-14
4.344171272e-14
4.51206563e-14
4.716603355e-14
4.889639807e-14
5.065300678e-14
5.243621303e-14
5.424637756e-14
5.608386843e-14
5.794905374e-14
5.984230892e-14
6.176400941e-14
6.410465258e-14
6.648036653e-14
6.969537044e-14
7.255051753e-14
7.586221196e-14
7.964336305e-14
8.305436284e-14
8.738142255e-14
9.309001326e-14
9.888310806e-14
1.034052066e-13
1.079940604e-13
1.121849036e-13
1.164374298e-13
1.207524474e-13
1.246442967e-13
1.290867881e-13
1.35597603e-13
1.437279929e-13
1.514614308e-13
1.587844507e-13
1.667446782e-13
1.753589093e-13
1.835518892e-13
1.924176406e-13
2.019737372e-13
2.122380882e-13
2.214935228e-13
2.302954268e-13
2.392238992e-13
2.482805744e-13
2.580795206e-13
2.686399517e-13
2.799814704e-13
2.927630759e-13
3.063750873e-13
3.20180867e-13
3.341828885e-13
3.504123725e-13
3.682435193e-13
3.863270491e-13
4.046662156e-13
4.23979543e-13
4.442904883e-13
4.656229311e-13
4.880011353e-13
5.106934306e-13
5.352378163e-13
5.616812567e-13
5.877056646e-13
6.124940558e-13
6.376279574e-13
6.639337148e-13
6.914386087e-13
7.227055016e-13
7.552625148e-13
7.908760008e-13
8.26981766e-13
8.64478753e-13
9.024926409e-13
9.410297989e-13
9.828871482e-13
1.025319057e-12
1.067376824e-12
1.118730875e-12
1.18159109e-12
1.250287545e-12
1.319920663e-12
1.388455993e-12
1.455849484e-12
1.525208971e-12
 1.595509e-12
1.662442731e-12
1.735752516e-12
1.811161261e-12
1.887587007e-12
1.985545002e-12
2.09174681e-12
2.193525848e-12
2.295484654e-12
2.400491338e-12
2.510677156e-12
2.627146986e-12
2.747671481e-12
2.86524105e-12
2.989253385e-12
3.114913841e-12
3.241846758e-12
3.377139942e-12
3.524102637e-12
3.691381276e-12
3.868648125e-12
4.048111492e-12
4.262167517e-12
4.483083927e-12
4.67557577e-12
4.872075118e-12
5.073552294e-12
5.282231362e-12
5.540821007e-12
5.833245276e-12
6.131378921e-12
6.43691906e-12
6.750652125e-12
7.080958784e-12
7.425877851e-12
7.789440035e-12
8.20198329e-12
8.624702381e-12
9.019545289e-12
9.415920173e-12
9.818293088e-12
1.025317418e-11
1.071966345e-11
1.121849219e-11
1.176631016e-11
1.233570463e-11
1.285623506e-11
1.336058355e-11
1.390163263e-11
1.447437545e-11
1.507952061e-11
1.576475366e-11
1.650622644e-11
1.721676786e-11
1.789868879e-11
1.855701643e-11
1.921504944e-11
1.990969546e-11
2.065328016e-11
2.14295296e-11
2.228012426e-11
2.320913675e-11
2.410110006e-11
2.497704371e-11
2.586586375e-11
2.679089429e-11
2.780128352e-11
2.888182067e-11
3.008036033e-11
3.136469644e-11
3.265969706e-11
3.397920667e-11
3.539184094e-11
3.686215058e-11
3.834094441e-11
3.993825986e-11
4.161924606e-11
4.32768957e-11
4.49586309e-11
4.671421663e-11
4.846581171e-11
5.021842066e-11
5.200576186e-11
5.382809465e-11
5.584111842e-11
5.803690404e-11
6.021157639e-11
6.23977895e-11
6.469336401e-11
6.705139416e-11
6.957360213e-11
7.224429974e-11
7.511698696e-11
7.818465669e-11
8.129097537e-11
8.444632403e-11
8.775263244e-11
9.12388162e-11
9.480496957e-11
9.854176706e-11
1.024312588e-10
1.063721026e-10
1.104501191e-10
1.146063095e-10
1.188553318e-10
1.230964617e-10
1.273696832e-10
1.31708637e-10
1.360538018e-10
1.407434303e-10
1.456849891e-10
1.507658167e-10
1.561823009e-10
1.61669497e-10
1.670058112e-10
1.723463201e-10
1.779361909e-10
1.838232022e-10
1.897976282e-10
1.960813427e-10
2.027696965e-10
2.098143456e-10
2.170247619e-10
2.242544105e-10
2.316831597e-10
2.392358593e-10
2.467056015e-10
2.542411118e-10
2.621518987e-10
2.702094477e-10
2.780949144e-10
2.86065778e-10
2.944272911e-10
3.032259791e-10
3.130947281e-10
3.235573508e-10
3.337713315e-10
3.438521387e-10
3.540668201e-10
3.646294791e-10
3.750517486e-10
3.852677732e-10
3.960270796e-10
4.075153328e-10
4.193815088e-10
4.31608411e-10
4.442741866e-10
4.571566727e-10
4.702063886e-10
4.834428098e-10
4.963770611e-10
5.092609387e-10
5.225116678e-10
5.357601513e-10
5.491677607e-10
5.634525159e-10
5.787525706e-10
5.949445242e-10
6.115407285e-10
6.279939333e-10
6.446341931e-10
6.618314649e-10
6.794198017e-10
6.984693173e-10
7.186287983e-10
7.383460168e-10
7.577797254e-10
7.774703963e-10
7.980264027e-10
8.192557734e-10
8.406730949e-10
8.6256543e-10
8.852360902e-10
9.078204763e-10
9.300201893e-10
9.526601601e-10
9.764871989e-10
1.001882526e-09
1.030246796e-09
1.060622296e-09
1.090576429e-09
1.120148843e-09
1.149407389e-09
1.178202707e-09
1.206898676e-09
1.23681211e-09
1.267091237e-09
1.297821588e-09
1.330428986e-09
1.363922612e-09
1.398514701e-09
1.43296503e-09
1.468953101e-09
1.506518301e-09
1.542264806e-09
1.577945513e-09
1.616178657e-09
1.655749751e-09
1.696365978e-09
1.738261879e-09
1.779229842e-09
1.819303213e-09
1.859956518e-09
1.903522763e-09
1.949034265e-09
1.995418448e-09
2.043476018e-09
2.092378339e-09
2.141860767e-09
2.191980309e-09
2.241845714e-09
2.292003347e-09
2.343410342e-09
2.394298318e-09
2.446336948e-09
2.499666009e-09
2.552898218e-09
2.60768273e-09
2.66428293e-09
2.722589124e-09
2.780862969e-09
2.838319203e-09
2.898454962e-09
2.961613186e-09
3.027225671e-09
3.098157636e-09
3.174329755e-09
3.251981123e-09
3.327712208e-09
3.405791015e-09
3.486083254e-09
3.566613796e-09
3.645523249e-09
3.722801398e-09
3.803608121e-09
3.888356263e-09
3.975739421e-09
4.070725215e-09
4.17440271e-09
4.278708745e-09
4.381001256e-09
4.481545396e-09
4.581579823e-09
4.682977353e-09
4.790074725e-09
4.907119811e-09
5.025727009e-09
5.139882886e-09
5.252900441e-09
5.362883678e-09
5.478435401e-09
5.605251365e-09
5.729949961e-09
5.851156641e-09
5.974533516e-09
6.099397958e-09
6.228172873e-09
6.356642841e-09
6.484556569e-09
6.615025839e-09
6.747017239e-09
6.882795758e-09
7.032381924e-09
7.193389735e-09
7.351839128e-09
7.510879082e-09
7.681480487e-09
7.85417055e-09
8.023687095e-09
8.19486453e-09
8.369065105e-09
8.555737805e-09
8.745007332e-09
8.935516852e-09
9.133320308e-09
9.335238187e-09
9.545519102e-09
9.771144924e-09
1.000029711e-08
1.022129453e-08
1.043950823e-08
1.065644031e-08
1.088164437e-08
1.111885867e-08
1.137499361e-08
1.165318786e-08
1.193437688e-08
1.221381481e-08
1.252752965e-08
1.287729906e-08
1.322814411e-08
1.357328567e-08
1.392345081e-08
1.427541604e-08
1.461994714e-08
1.496685024e-08
1.53288367e-08
1.571686719e-08
1.612768226e-08
1.655490841e-08
1.699046352e-08
1.745635591e-08
1.792876247e-08
1.839714251e-08
1.890528014e-08
1.944064041e-08
1.99968199e-08
2.059626554e-08
2.120393976e-08
2.180700367e-08
2.243240245e-08
2.303831184e-08
2.368605447e-08
2.441842984e-08
2.513281383e-08
2.58594649e-08
2.662360823e-08
2.741360294e-08
2.824038039e-08
2.906284968e-08
2.989654329e-08
3.075472762e-08
3.163505335e-08
3.2535495e-08
3.343488031e-08
3.435275782e-08
3.531409444e-08
3.63208415e-08
3.739438431e-08
3.849840115e-08
3.960771704e-08
4.07083219e-08
4.182178907e-08
4.297332148e-08
4.412774768e-08
4.52735621e-08
4.639449277e-08
4.751598839e-08
4.871718545e-08
4.997112293e-08
5.127682563e-08
5.266678824e-08
5.406633916e-08
5.544754798e-08
5.689368973e-08
5.841259692e-08
5.997379066e-08
6.161185462e-08
6.329777475e-08
6.509289909e-08
6.701273232e-08
6.897928834e-08
7.095926557e-08
7.290751509e-08
7.492552869e-08
7.698900266e-08
7.910766863e-08
8.138043491e-08
8.367829574e-08
8.601138334e-08
8.835908624e-08
9.060520639e-08
9.296593392e-08
9.548754071e-08
9.805788759e-08
1.006915331e-07
1.033648284e-07
1.061124736e-07
1.090641715e-07
1.122029429e-07
1.15347029e-07
1.185029651e-07
1.216379749e-07
1.248796779e-07
1.283377758e-07
1.317965305e-07
1.352044762e-07
1.386675239e-07
1.42226085e-07
1.458822159e-07
1.496433158e-07
1.536955342e-07
1.581591145e-07
1.627278847e-07
1.672357479e-07
1.717089283e-07
1.76239399e-07
1.809075002e-07
1.855309735e-07
1.903103651e-07
1.953523398e-07
2.003600697e-07
2.053074514e-07
2.105834524e-07
2.161071696e-07
2.215494721e-07
2.271520318e-07
2.32876381e-07
2.387226404e-07
2.450107598e-07
2.514213937e-07
2.576154887e-07
2.637472432e-07
2.699692972e-07
2.764104763e-07
2.829055591e-07
2.893774398e-07
2.961664729e-07
3.030554832e-07
3.098061267e-07
3.166699587e-07
3.238790322e-07
3.314273573e-07
3.392919043e-07
3.471872428e-07
3.549555716e-07
3.630111738e-07
3.714619767e-07
3.799322992e-07
3.885094351e-07
3.977231807e-07
4.070449238e-07
4.162461047e-07
4.258837026e-07
4.355555979e-07
4.449817609e-07
4.546672158e-07
4.645317442e-07
4.744990473e-07
4.847082724e-07
4.955173187e-07
5.067371855e-07
5.178664042e-07
5.290066124e-07
5.39997002e-07
5.512436617e-07
5.631134963e-07
5.751713964e-07
5.874689773e-07
5.998655708e-07
6.122135082e-07
6.247832208e-07
6.374050566e-07
6.501109354e-07
6.630951177e-07
6.760855529e-07
6.890601972e-07
7.022023536e-07
7.159291225e-07
7.301747313e-07
7.443364363e-07
7.588522537e-07
7.737529593e-07
7.885772351e-07
8.035974631e-07
8.188955072e-07
8.346534788e-07
8.507492305e-07
8.66888806e-07
8.831240297e-07
8.990595049e-07
9.151412475e-07
9.317326152e-07
9.486650635e-07
9.663793884e-07
9.842547683e-07
1.002098437e-06
1.02038384e-06
1.038863225e-06
1.05776581e-06
1.077928355e-06
1.098922386e-06
1.120148272e-06
1.141696412e-06
1.163837095e-06
1.187743172e-06
1.212418353e-06
1.236143118e-06
1.258991803e-06
1.281380254e-06
1.303703699e-06
1.326633836e-06
1.350352901e-06
1.374521389e-06
1.399112768e-06
1.424018738e-06
1.448801528e-06
1.473457317e-06
1.498032038e-06
1.522740162e-06
1.54803774e-06
1.572877721e-06
1.596959226e-06
1.620994368e-06
1.64524212e-06
1.670090789e-06
1.695583794e-06
1.722104855e-06
1.748822595e-06
1.775466012e-06
1.803587156e-06
1.832378017e-06
1.861401168e-06
1.891295556e-06
1.922129806e-06
1.953078901e-06
1.983412946e-06
2.013197264e-06
2.043571877e-06
2.079185093e-06
2.118850089e-06
2.157514025e-06
2.196165154e-06
2.235348706e-06
2.275520704e-06
2.316673521e-06
2.357967505e-06
2.398249346e-06
2.439042186e-06
2.482289042e-06
2.52547202e-06
2.567700128e-06
2.609129653e-06
2.652909852e-06
2.70208784e-06
2.755786002e-06
2.81125945e-06
2.868260361e-06
2.926786203e-06
2.984737282e-06
3.043540402e-06
3.105779788e-06
3.168580212e-06
3.229949032e-06
3.291465038e-06
3.353029731e-06
3.416757449e-06
3.484149993e-06
3.556373185e-06
3.630408132e-06
3.704871942e-06
3.786676148e-06
3.87263989e-06
3.958426649e-06
4.042939745e-06
4.127720168e-06
4.215766199e-06
4.306035823e-06
4.397462025e-06
4.486932532e-06
4.575442304e-06
4.66740165e-06
4.765890338e-06
4.869808992e-06
4.975847994e-06
5.081184114e-06
5.184093801e-06
5.286623927e-06
5.395459473e-06
5.511825552e-06
5.62800383e-06
5.738282109e-06
5.850480675e-06
5.97110157e-06
6.094130758e-06
6.214601403e-06
6.333755504e-06
6.455493712e-06
6.583587287e-06
6.716963628e-06
6.854935709e-06
6.994536451e-06
7.135492508e-06
7.281473819e-06
7.435027687e-06
7.590145831e-06
7.744292235e-06
7.901514015e-06
8.055862021e-06
8.20511363e-06
8.355156876e-06
8.510672561e-06
8.668787449e-06
8.829392033e-06
8.994976945e-06
9.164543684e-06
9.344286353e-06
9.527041827e-06
9.705591744e-06
9.889615599e-06
1.007668196e-05
1.026330216e-05
1.045095266e-05
1.063880924e-05
1.083031426e-05
1.102703941e-05
1.122947535e-05
1.14349026e-05
1.163874192e-05
1.184729556e-05
1.206319948e-05
1.227767942e-05
1.248981472e-05
1.270405989e-05
1.292550076e-05
1.315558936e-05
1.338523371e-05
1.360894047e-05
1.383132184e-05
1.40583654e-05
1.428952861e-05
1.452455816e-05
1.475799079e-05
1.498542054e-05
1.520494162e-05
1.542191935e-05
1.564331312e-05
1.587115455e-05
1.610865236e-05
1.634566422e-05
1.657605263e-05
1.680836849e-05
1.704318624e-05
1.727465337e-05
1.749929768e-05
1.772363534e-05
1.795721025e-05
1.819259391e-05
1.842736061e-05
1.868020004e-05
1.894686142e-05
1.921905996e-05
1.949404962e-05
1.976325891e-05
2.003213897e-05
2.030369595e-05
2.058146764e-05
2.086250982e-05
2.114260624e-05
2.142251919e-05
2.170398536e-05
2.198454623e-05
2.226989409e-05
2.256154971e-05
2.285892985e-05
2.315735793e-05
2.34478887e-05
2.375209986e-05
2.406493138e-05
2.43670776e-05
2.466768562e-05
2.497656277e-05
2.528731509e-05
2.559673898e-05
2.590962186e-05
2.622415855e-05
2.654160875e-05
2.686211694e-05
2.718437729e-05
2.751479927e-05
2.784709479e-05
2.817842688e-05
2.851972558e-05
2.887418929e-05
2.924514651e-05
2.962275782e-05
2.99951763e-05
3.037424796e-05
3.075952769e-05
3.113726845e-05
3.152098945e-05
3.190929456e-05
3.230068928e-05
3.269876483e-05
3.309206408e-05
3.349163098e-05
3.389443741e-05
3.428983947e-05
3.469215093e-05
3.510060451e-05
3.549835642e-05
3.589556407e-05
3.629765065e-05
3.6697438e-05
3.709858221e-05
3.749573168e-05
3.788866175e-05
3.828695073e-05
3.869574074e-05
3.910928041e-05
3.952670408e-05
3.9946133e-05
4.037165038e-05
4.081718953e-05
4.1287689e-05
4.175440108e-05
4.220617174e-05
4.266427933e-05
4.31352048e-05
4.361748681e-05
4.40982431e-05
4.456677839e-05
4.502949577e-05
4.55012391e-05
4.597709194e-05
4.64461387e-05
4.68989323e-05
4.735912955e-05
4.784142417e-05
4.831233722e-05
4.876645623e-05
4.922107735e-05
4.968590494e-05
5.015749635e-05
5.063054443e-05
5.110775109e-05
5.15964161e-05
5.210398852e-05
5.261504849e-05
5.312498151e-05
5.362907766e-05
5.412441183e-05
5.462503257e-05
5.513098674e-05
5.563752545e-05
5.614462969e-05
5.666006094e-05
5.718880381e-05
5.771819792e-05
5.82631128e-05
5.883172749e-05
5.940823879e-05
5.999171194e-05
6.057507371e-05
6.116240042e-05
6.173924289e-05
6.229606206e-05
6.285456176e-05
6.341262652e-05
6.398084363e-05
6.456466909e-05
6.515674929e-05
6.574416114e-05
6.63300859e-05
6.692875321e-05
6.754030534e-05
6.81426205e-05
6.872545561e-05
6.930431503e-05
6.989047671e-05
7.048057982e-05
7.10757992e-05
7.167849114e-05
7.228872666e-05
7.291245107e-05
7.353917252e-05
7.416770977e-05
7.479925431e-05
7.54289902e-05
7.606536283e-05
7.671332023e-05
7.738406305e-05
7.806547399e-05
7.876514521e-05
7.947073125e-05
8.016837539e-05
8.086175439e-05
8.153668889e-05
8.220966053e-05
8.28909931e-05
8.357684524e-05
8.427381921e-05
8.497673495e-05
8.569496495e-05
8.641928747e-05
8.714839862e-05
8.788368693e-05
8.861288604e-05
8.934138793e-05
9.008162488e-05
9.083371708e-05
9.159778471e-05
9.235839799e-05
9.311405191e-05
9.387610507e-05
9.463883863e-05
9.540367609e-05
9.61603832e-05
9.689999541e-05
9.763261221e-05
9.836853554e-05
9.91077743e-05
9.983675309e-05
0.0001005796099
0.0001013273178
0.0001020691316
0.0001028343721
0.0001036030407
0.0001043735762
0.0001051680809
0.0001059757024
0.0001067901738
0.0001076131572
0.000108451209
0.0001092946979
0.0001101650024
0.0001110492092
0.0001119191798
0.0001127947794
0.0001136709859
0.000114549463
0.0001154250793
0.0001163011932
0.000117165668
0.000118039195
0.0001189130949
0.0001198031958
0.0001207362756
0.0001216914221
0.0001226527047
0.0001235966506
0.0001245138949
0.0001254425161
0.0001263844616
0.0001273175983
0.0001282511067
0.0001291905862
0.0001301549802
0.0001311312436
0.0001321022486
0.0001330736663
0.0001340493375
0.0001350273209
0.0001360193894
0.0001370296332
0.0001380383438
0.0001390574695
0.0001400931426
0.0001411232234
0.0001421373919
0.0001431620965
0.0001442118916
0.0001452808105
0.0001463460297
0.0001474158785
0.0001485306356
0.0001496439024
0.0001507255645
0.0001518442847
0.0001529939628
0.0001541552568
0.000155299653
0.0001564689667
0.0001576679182
0.0001588542199
0.0001600276611
0.0001611744049
0.0001623146307
0.0001634620036
0.0001646142502
0.0001657597401
0.0001669170819
0.0001681217365
0.0001693315455
0.0001705441344
0.0001717642902
0.0001729388854
0.0001740867544
0.0001752760319
0.0001765170341
0.000177775667
0.0001790296605
0.0001802462922
0.0001814528096
0.0001827023702
0.0001840005685
0.0001853016704
0.000186595308
0.0001878917471
0.000189209303
0.0001905402757
0.0001918821245
0.0001932349273
0.0001945933939
0.0001959656414
0.0001973381927
0.0001987109947
0.0002000867446
0.0002014737266
0.0002028887338
0.0002043516717
0.0002058433316
0.0002073498196
0.0002088541299
0.0002103561732
0.0002118385219
0.0002133328528
0.0002148597267
0.0002163812207
0.0002178824066
0.0002193719062
0.0002209094531
0.0002224925664
0.0002240731987
0.0002256634578
0.0002272879648
0.000228925445
0.0002305604488
0.0002321991419
0.0002338163246
0.000235402173
0.0002370708928
0.000238775358
0.0002404385742
0.000242082679
0.0002437269469
0.0002453877226
0.0002470519294
0.0002487228691
0.0002503738175
0.0002520179122
0.0002537091276
0.0002554343512
0.0002571460024
0.0002588472965
0.0002605588241
0.0002622771506
0.0002639777549
0.0002656779881
0.000267370676
0.000269084229
0.0002708331895
0.000272607077
0.0002744424662
0.0002762924933
0.0002781278374
0.0002799741503
0.0002818277689
0.0002837036847
0.0002856133905
0.0002875003778
0.000289402417
0.0002913541217
0.0002933560144
0.0002953930933
0.0002974266717
0.0002994762581
0.0003015854073
0.0003037468047
0.000305909027
0.0003080197314
0.00031009036
0.0003121691779
0.0003142193747
0.000316252876
0.0003183025335
0.0003203601313
0.0003224633861
0.0003246127663
0.0003268129678
0.0003290346575
0.0003312436973
0.0003334484749
0.0003356748957
0.0003379711575
0.000340302866
0.0003426040867
0.0003449188081
0.0003472828581
0.0003496337856
0.0003519261388
0.0003542182698
0.0003565512566
0.000358888677
0.0003612166143
0.0003635581487
0.0003659554874
0.0003683950674
0.0003708725564
0.0003733406524
0.0003758039474
0.000378324966
0.0003808654943
0.000383420789
0.0003859713079
0.000388571167
0.0003912307673
0.0003939606858
0.0003967114492
0.0003994327092
0.0004021544879
0.000404932869
0.0004078454647
0.0004107748902
0.0004136432834
0.0004165177871
0.0004194666969
0.0004224748998
0.0004254578976
0.0004283939006
0.0004312768823
0.0004342251311
0.0004372284119
0.000440216115
0.0004432319799
0.0004463537195
0.0004495156376
0.0004526508886
0.0004558266202
0.0004590601782
0.0004623065445
0.0004655485627
0.0004688033536
0.0004720941258
0.000475351249
0.0004786093764
0.0004818684061
0.000485223058
0.0004887160324
0.0004922408833
0.000495785793
0.0004993629916
0.0005030336872
0.000506657776
0.0005101359361
0.0005135346034
0.0005169463008
0.0005203961523
0.0005238655437
0.0005273418849
0.0005307677213
0.0005341616032
0.0005375811202
0.0005411302526
0.0005448299138
0.0005486226333
0.00055247634
0.0005563849462
0.0005603222353
0.0005642615514
0.0005681420428
0.0005720375642
0.0005760368797
0.0005801204301
0.0005843166275
0.0005885710699
0.0005928214491
0.0005970816065
0.0006013797321
0.0006057657894
0.0006101977973
0.0006147048298
0.0006193020011
0.0006239175942
0.0006285370637
0.0006331162564
0.0006376840839
0.0006422922068
0.0006469036091
0.0006514731495
0.0006560303842
0.0006607040083
0.0006655027872
0.0006702668464
0.0006749030641
0.0006795106973
0.0006840892853
0.000688622659
0.0006932284571
0.0006980183642
0.0007029783073
0.0007079736873
0.0007129079884
0.0007178857609
0.0007229399265
0.0007279154202
0.0007329183505
0.0007380483013
0.0007431648389
0.0007482173764
0.0007533819713
0.0007587020406
0.0007641791166
0.000769677714
0.0007750945484
0.0007804978059
0.0007859916382
0.0007915330985
0.0007970432978
0.0008025836636
0.0008082255433
0.0008138893355
0.0008195031201
0.0008250752072
0.0008306049536
0.0008360917194
0.0008415440532
0.0008471647761
0.0008529276626
0.0008587312782
0.0008645006991
0.0008702448127
0.000876134146
0.0008821605395
0.0008881716417
0.000894157435
0.0009003407149
0.0009067331949
0.0009131995648
0.0009196121616
0.0009261289018
0.0009327407363
0.0009394585031
0.0009463133785
0.0009532458283
0.00096027684
0.0009672228473
0.0009738973058
0.0009804316875
0.0009871157956
0.0009939824327
0.00100087549
0.001007805617
0.001014687901
0.00102159646
0.001028531361
0.001035362956
0.001042100784
0.001049082323
0.001056529654
0.001064204598
0.001071931718
0.001079722498
0.00108790279
0.001096205755
0.001104156113
0.001111886664
0.001119532361
0.001127126632
0.001134749796
0.001142401915
0.001150118187
0.001158193346
0.001166441625
0.001174543394
0.001182568597
0.001190504149
0.001198493904
0.001206586789
0.00121485695
0.001223232331
0.001231701437
0.001240339477
0.001248960827
0.001257489787
0.001266013385
0.001274543973
0.001283106844
0.00129175332
0.001300355253
0.001308886011
0.001317552794
0.001326409101
0.001335298866
0.001344050315
0.001352701577
0.001361571958
0.001370676931
0.00137980269
0.001388799897
0.001397789705
0.001406854045
0.001416089913
0.001425581982
0.001435249078
0.001445078741
0.001454889405
0.00146487865
0.001474820483
0.001484471065
0.001493985141
0.001503823295
0.001513916011
0.001523754734
0.001533541948
0.00154345382
0.001553609964
0.001563938114
0.001574364844
0.001585086641
0.001596045713
0.001607228979
0.001618317265
0.001629170894
0.001640142529
0.001651062205
0.001662225724
0.001673792222
0.001685118748
0.001696075639
0.001706945639
0.001717775586
0.001728806298
0.001739990979
0.001751135657
0.001762157823
0.001773072327
0.001784175132
0.001795517683
0.001806918508
0.001818243656
0.001829475154
0.001841052422
0.001853046827
0.001865291071
0.001877666886
0.001890244463
0.001902990726
0.001915959477
0.001929152626
0.001942254253
0.001955245299
0.001968463189
0.00198176643
0.001995029371
0.002008396121
0.002021703526
0.002035005483
0.002048172828
0.002061314717
0.002074523404
0.002087612472
0.002100936898
0.002114951396
0.002129150723
0.002143383932
0.002157650967
0.002172047996
0.002186633977
0.00220107989
0.002215598857
0.002229955527
0.00224412811
0.002258372261
0.002272548736
0.002286997112
0.002301860719
0.002316698013
0.002331345563
0.002346087298
0.002360800468
0.002375484369
0.002390345853
0.002405198562
0.002420188753
0.002435254182
0.002450183422
0.00246499597
0.002479839973
0.002494586361
0.002509492987
0.002524647896
0.002539747683
0.002555010666
 0.0025705703
0.002586406988
0.002602411763
0.002618205557
0.002633920724
0.002649782003
0.002665245453
0.002680694616
0.002696495863
0.00271244484
0.002728565754
0.002744813336
0.002761469113
0.002778113533
0.002794627911
0.002811437875
0.002828187996
0.002844517547
0.002860494207
0.002876501502
0.002893050381
0.002909485432
0.002925682192
0.002942082455
0.00295866297
0.002975200585
0.00299164431
0.00300826986
0.003025002641
0.003041766956
0.003058639355
0.00307554339
0.003092427291
0.003109316355
0.00312649696
0.003144154911
0.003161451968
0.00317822538
0.003195293719
0.003212766308
0.003230163406
0.003247726619
0.003265511333
0.003283437518
0.003301725117
0.003320239639
0.003338706364
0.00335712434
0.003375408858
0.003393277615
0.003411177097
0.003429701973
0.003448487844
0.003467050533
0.003485214931
0.003503381019
0.003522012678
0.00354134726
0.003561127374
0.00358070906
0.003600178634
0.003620099357
0.003640325691
0.003660049583
0.003679446714
0.003698755789
0.003718280017
0.003738174174
0.003758010738
0.003777448676
0.003796856218
0.003816887775
0.00383748622
0.003858436036
0.003879518451
0.003900638741
0.003921796781
0.003943056676
0.003963967047
0.003984686064
0.004005895578
0.004027337925
0.004048981851
0.004071126148
0.00409304459
0.00411443416
0.004135691521
0.004157050628
0.004178274993
0.004199260779
0.004220688606
0.004242733887
0.004264987974
0.00428731366
0.00431012908
0.004333438269
0.004357139881
0.004380848521
0.004404244062
0.004427215931
0.004450117922
0.004473092756
0.004496249198
0.004519915593
0.004543329152
0.004566670386
0.004589974899
0.004613019464
0.004636061518
0.004659624165
0.004684313104
0.004710364849
0.004736805366
0.004763104077
0.004789182486
0.004815037844
0.004840822009
0.004866106516
0.004891276122
0.004917191742
0.00494358412
0.004969507136
0.004995075079
0.005021362705
0.005048656998
0.005076039316
0.005104036602
0.005132531697
0.005160219905
0.005188366815
0.00521701729
0.005245428841
0.005274140305
0.005302483885
0.005330076824
0.005357756638
0.005385565966
0.005413377422
0.005441490276
0.005470078926
0.005499103914
0.00552817743
0.005557473901
0.005586819274
0.005615023458
0.005643049078
0.005671338617
0.005700474908
0.005730824235
0.00576158532
0.005792308137
0.005822627311
0.005853178766
0.005883550407
0.005913786001
0.005944254565
0.005974724588
0.006005242159
0.006035948058
0.006066654431
0.006096838398
0.006127161888
0.006157673455
0.006187604183
0.006217286364
0.006247057027
0.006277599321
0.006309360767
0.006340923979
0.00637213795
0.006403147776
0.006433950904
0.006465698206
0.006498044915
0.00653028723
0.006562169243
0.006593329273
 0.0066246836
0.006657006693
0.00668994414
0.006722252147
0.006754133276
0.006786265447
0.006817859089
0.006849173396
0.006880630929
0.006912125354
0.006943709933
0.006974899136
0.007005634436
0.00703645553
0.007068128341
0.007100659939
0.007133505405
0.007166445045
0.007199033313
0.007231657893
0.007264093599
0.007296902662
 0.0073298041
0.007362114266
0.007394914566
0.007428093696
 0.0074613656
0.007495136527
0.007529177072
0.007563488892
0.007598367823
0.007633168272
0.007667770011
0.007703184046
0.007738877903
0.007774612727
0.007810992357
0.007846686368
0.007881687798
0.007917582047
0.007954930177
0.00799263201
0.008030317423
  0.008067736
0.008105072285
0.008142261804
0.008179428937
0.008217334509
0.008255601675
0.008293592206
0.008331431403
0.008368987881
0.008407167308
0.008446822242
0.008486982348
0.008526664166
0.008566523546
0.008607092468
0.008646909114
0.008686099755
0.008725532792
0.008765615069
0.008806758865
0.008848495373
0.008889458938
0.008930123465
0.008971176494
0.009012065289
0.009053066381
0.00909488024
0.009136598686
0.009178290583
0.009220238745
0.009262088032
0.009303836607
0.00934555472
0.009387457884
0.009429256513
0.009471604886
0.009514580124
0.00955730437
0.009599257553
0.009641173826
0.009683126406
0.009725264415
0.009766836838
0.009808970403
0.009852200066
0.00989546805
0.009939232836
0.009982960016
0.01002680269
0.01007076094
0.01011444556
0.01015800962
0.01020223659
0.01024697354
0.01029119386
0.01033489211
0.01037878226
0.01042406947
0.01047003929
 0.0105165347
0.01056404744
 0.0106120952
0.01066191279
 0.0107121133
0.01076021523
0.01080777922
0.01085555113
0.01090411891
0.01095390985
0.01100374901
0.01105465553
0.01110595473
 0.0111573919
0.01120879497
0.01125843302
 0.0113070713
0.01135784033
0.01141084533
0.01146346491
0.01151693186
0.01157071988
 0.0116235826
0.01167676439
0.01173017698
0.01178300845
0.01183579683
0.01188826743
0.01194059936
0.01199370915
0.01204714107
0.01210237978
0.01215757819
0.01221133248
0.01226588231
0.01232095062
0.01237540435
0.01242866635
0.01248330431
0.01253846562
0.01259386465
0.01265124404
0.01270809308
0.01276450366
0.01282331329
0.01288286802
0.01294129462
0.01299897941
0.01305531662
0.01311089425
0.01316771602
0.01322579154
0.01328604328
0.01334665506
0.01340588962
0.01346476133
0.01352450413
0.01358439897
0.01364309293
0.01370015654
0.01375651933
0.01381333369
0.01387081408
0.01392960283
0.01398842883
0.01404675507
0.01410479147
0.01416307515
0.01422225854
0.01428180287
0.01434094346
0.01440242525
0.01446527289
0.01452661284
0.01458776776
0.01464873485
0.01470928659
0.01476975676
0.01482901048
0.01488817398
0.01494747389
0.01500656592
0.01506602333
0.01512712093
0.01518940658
0.01525148871
0.01531395035
0.01537561666
0.01543683427
0.01549961575
0.01556516483
0.01563230679
0.01569973181
0.01576599264
0.01583035086
0.01589522341
0.01596159121
0.01602836093
0.01609565788
0.01616385651
 0.0162337088
0.01630435369
0.01637491914
0.01644615827
 0.0165169378
0.01658649093
0.01665544331
 0.0167248125
0.01679434364
0.01686287521
0.01693065667
0.01699820092
 0.0170664195
0.01713728533
0.01721016032
0.01728214851
0.01735403841
0.01742556101
0.01749711384
0.01757017587
 0.0176440827
0.01771843294
0.01779254772
0.01786683406
0.01794142931
 0.0180152311
0.01808906258
0.01816389621
0.01823890084
0.01831379606
0.01838857949
 0.0184622588
0.01853666957
 0.0186116739
0.01868727522
0.01876419597
0.01884157939
0.01892015271
0.01899934203
0.01907871245
 0.0191573834
  0.019236674
 0.0193177718
0.01940009586
 0.0194829087
0.01956486432
0.01964595415
0.01972662275
0.01980656173
  0.019886982
0.01996666264
0.02004651749
0.02012762582
 0.0202090674
0.02029130986
0.02037373392
0.02045508559
 0.0205356693
0.02061784777
0.02070083916
0.02078257725
0.02086481016
0.02094850425
0.02103237954
 0.0211141686
0.02119531637
0.02127565286
0.02135648151
0.02143796953
0.02152012084
0.02160310527
0.02168642825
0.02176925435
0.02185258604
0.02193608853
0.02201755979
0.02210004303
0.02218303265
0.02226533106
0.02234899702
0.02243352163
0.02251734834
0.02260081844
0.02268550216
 0.0227705295
0.02285519619
0.02294002903
0.02302591696
0.02311215285
0.02319909643
0.02328657191
0.02337295561
0.02345805568
0.02354313541
0.02362947352
0.02371744603
0.02380485177
0.02389057377
0.02397701344
0.02406660134
0.02415730003
0.02424704716
0.02433696693
0.02442611074
0.02451485163
0.02460337597
0.02469302416
0.02478708027
0.02488422355
0.02498039705
0.02507500604
0.02516999471
0.02526575776
0.02536131263
0.02545705231
0.02555357368
0.02565048171
0.02574777778
0.02584566465
0.02594454979
0.02604220619
0.02614025301
0.02623889633
0.02633772818
0.02643716093
0.02653574782
0.02663410426
0.02673264422
0.02683094815
0.02692859162
0.02702535642
0.02712250652
 0.0272194044
0.02731540495
0.02741178727
0.02750898378
0.02760743203
0.02770605407
0.02780703057
0.02790928367
0.02801128296
  0.028115011
0.02821848551
0.02832237008
0.02842778283
0.02853294031
0.02863851404
0.02874518345
0.02885000587
0.02895547046
0.02906272394
0.02917086031
0.02927942365
0.02938725852
0.02949575122
0.02960653769
 0.0297177609
0.02982918739
0.02993916482
0.03005028612
0.03016303419
 0.0302752707
0.03038794863
0.03049986616
0.03061101542
0.03072284389
0.03083462445
0.03094806624
0.03106195317
0.03117530119
0.03128736201
0.03139713023
0.03150932302
0.03162545932
0.03174104517
0.03185582202
0.03197155432
0.03208875612
 0.0322082026
0.03232811577
0.03244618225
0.03256341849
0.03268163074
0.03279926316
0.03291683172
0.03303643225
0.03315570887
0.03327307107
0.03339195165
0.03351236051
0.03363270295
0.03375431874
0.03387559882
0.03399599737
0.03411686359
 0.0342368358
0.03435645243
0.03447680793
0.03459680272
0.03471587813
0.03483513696
0.03495429962
0.03507644508
0.03520187567
0.03532553302
0.03544768477
0.03557173132
0.03569682849
0.03582384256
0.03595077147
0.03607761248
0.03620552306
0.03632985073
0.03645407319
0.03657994812
0.03670601379
0.03683315603
0.03696108448
0.03708801556
0.03721633192
 0.0373466435
0.03747805887
 0.0376090711
0.03773785337
0.03786621537
0.03799598774
0.03812533654
0.03825394815
0.03838336238
0.03851202949
0.03864150169
0.03877240896
0.03890161657
0.03902879396
0.03915487397
0.03928175424
0.03940911916
 0.0395369705
0.03966659663
0.03979865489
0.03993218952
0.04006590834
0.04019883092
0.04033258769
0.04046784111
0.04060327976
 0.0407412235
0.04088302072
0.04102402146
0.04116522301
0.04130561467
0.04144248445
0.04157953437
0.04171948841
0.04186065737
0.04200201893
0.04214116143
0.04227841151
 0.0424137526
0.04254612302
0.04268074306
0.04281622368
0.04295397849
0.04309402252
0.04323459653
0.04337534537
0.04351519507
0.04365557325
0.04379684201
0.04393755884
 0.0440795328
0.04422459346
0.04436873745
0.04450975215
0.04465166692
0.04479559621
0.04494192427
 0.0450899212
0.04523735201
0.04538496181
0.04553124145
 0.0456758001
0.04581862296
0.04596312608
0.04610817102
0.04624991863
0.04639335486
0.04654119921
0.04668959755
0.04683933144
0.04699001756
0.04713930341
0.04728717599
  0.047435206
0.04758498125
 0.0477361141
 0.0478902132
0.04804328064
0.04819369367
0.04834426321
 0.0484966135
0.04865075527
0.04880588069
0.04895911924
0.04911045479
0.04926152613
0.04941191328
0.04956244309
0.04971688136
0.04987525459
0.05003337289
0.05018911615
0.05034246455
0.05049552946
0.05065044589
0.05080679595
0.05096286362
0.05112037556
0.05127673381
0.05143236358
 0.0515890075
0.05174447454
0.05189875379
0.05205227621
0.05220458999
0.05235791255
0.05251135401
0.05266626009
0.05282444209
0.05298727898
0.05315298691
0.05331702752
0.05347801411
0.05363867604
0.05380039027
0.05396085016
0.05412097291
0.05428494622
0.05445045736
0.05461610748
0.05478472168
0.05495821022
0.05513281028
0.05530328932
 0.0554710484
0.05563990267
0.05580841334
0.05597512576
 0.0561463292
0.05631962027
 0.0564945232
 0.0566705569
0.05684477421
0.05701814714
0.05719215416
0.05736430904
0.05753809182
0.05771301061
0.05788404085
0.05805165688
0.05822039112
0.05839126634
0.05856225447
0.05873489059
0.05890918414
0.05908359655
0.05925709028
0.05942861647
0.05960180984
0.05977668042
0.05995376325
0.06013201699
0.06030721311
0.06048092035
0.06065472515
0.06083237111
0.06101442096
0.06120036494
0.06138427837
0.06156288687
0.06174050797
0.06191931907
0.06210042364
 0.0622799805
0.06246018676
0.06264326347
0.06282755871
0.06301419653
0.06320599506
0.06339848596
0.06358771764
0.06377536431
0.06396596372
0.06415725068
0.06434980024
0.06454246825
0.06473294422
0.06492236841
0.06511014887
0.06529627082
0.06548423315
0.06567404664
0.06585746485
0.06603621498
0.06621738921
0.06640398331
0.06659423844
0.06678157314
0.06696656697
0.06715524808
 0.0673458192
0.06753768177
0.06772839741
0.06792040957
0.06811126189
0.06830217871
0.06849625865
0.06868916578
0.06888151309
0.06907580089
0.06927204039
0.06946708677
0.06966282922
0.06985672709
0.07004940253
 0.0702446853
0.07044130622
0.07063604834
0.07083018984
0.07102242438
0.07121338745
0.07140699218
0.07160259827
0.07180416917
0.07200976131
0.07221409354
0.07242114865
0.07262893868
0.07284014794
0.07305143332
0.07325806594
0.07346068748
 0.0736667473
0.07387558437
0.07408173632
0.07428793041
0.07449140502
0.07469698369
0.07490189987
 0.0751026609
0.07530343179
0.07550631577
0.07570709829
0.07590788214
0.07611008379
 0.0763122868
0.07651520275
 0.0767181167
0.07692246477
0.07712969867
0.07734056077
0.07755143779
0.07776305645
0.07797395476
0.07818265526
0.07839282661
0.07860817669
0.07882576868
0.07904188851
0.07925801879
0.07947190539
 0.0796820236
0.07989363449
0.08010902021
0.08032211603
0.08053519471
0.08075515054
0.08097510677
0.08119274567
 0.0814119205
0.08163341552
0.08185490442
 0.0820724716
0.08228687211
0.08250202104
0.08272187502
0.08294567043
0.08317104237
  0.083396401
0.08362254518
0.08384867226
0.08407154903
0.08429763297
0.08452775659
0.08475704865
0.08498304385
0.08521146787
0.08543903691
0.08566574194
0.08589323404
0.08612151602
0.08634975429
 0.0865771065
0.08680693084
0.08704093089
0.08726980826
0.08749692681
 0.0877239784
0.08794410721
0.08816843571
0.08839526499
0.08861595517
0.08883654019
0.08905963062
0.08928349184
0.08950988107
0.08973705168
0.08996412277
0.09018754453
 0.0904117369
0.09063580941
0.09085886233
0.09108358253
0.09130817484
0.09153625557
0.09176330499
0.09198840189
0.09221427302
0.09243633257
0.09265915532
0.09288366768
0.09310616977
0.09332850555
 0.0935534715
0.09377920921
0.09400290151
0.09422830397
0.09445353283
0.09467763448
0.09490440936
0.09513387296
0.09536220333
0.09559035212
0.09581831519
0.09604705798
0.09627755549
0.09650103347
0.09671939946
0.09693851109
0.09716034249
0.09738293084
0.09760826379
0.09783336906
 0.0980552439
0.09828188612
 0.0985143316
0.09874453979
0.09897451869
0.09920833005
0.09943987677
0.09967118741
 0.0999002034
  0.100131028
 0.1003616029
 0.1005950358
 0.1008303021
  0.101066367
 0.1013095213
 0.1015524485
 0.1017909235
  0.102029148
 0.1022671174
 0.1025037609
 0.1027379968
 0.1029740988
 0.1032131532
 0.1034519357
 0.1036904418
 0.1039286663
 0.1041655127
 0.1044020639
 0.1046317221
 0.1048555402
 0.1050834323
 0.1053132033
 0.1055470903
 0.1057817657
 0.1060149895
 0.1062433738
 0.1064713984
 0.1067035885
 0.1069399693
 0.1071771451
 0.1074128305
 0.1076458646
 0.1078808336
 0.1081154362
 0.1083496671
 0.1085858478
  0.108821654
 0.1090617655
 0.1092991567
 0.1095302689
 0.1097597894
 0.1099877047
 0.1102151926
 0.1104446372
  0.110678447
 0.1109142422
 0.1111484119
 0.1113833649
 0.1116178881
 0.1118544143
 0.1120941772
 0.1123359678
 0.1125748713
 0.1128145723
 0.1130563128
 0.1133001032
 0.1135434583
 0.1137876245
 0.1140413985
 0.1143061016
 0.1145704213
 0.1148381585
 0.1151016942
 0.1153648291
 0.1156275573
 0.1158821578
 0.1161350239
 0.1163926134
 0.1166536556
 0.1169142612
 0.1171705022
 0.1174289051
 0.1176894809
 0.1179522408
 0.1182145467
 0.1184737341
 0.1187364471
 0.1190040439
 0.1192752113
 0.1195418886
 0.1198026914
 0.1200616448
 0.1203228142
 0.1205821172
 0.1208326919
 0.1210882154
 0.1213528522
 0.1216183623
 0.1218805858
   0.12214089
 0.1224006557
 0.1226584751
  0.122922767
 0.1231808773
 0.1234341771
 0.1236911499
 0.1239503927
 0.1242133463
 0.1244757306
 0.1247332234
 0.1249886757
 0.1252420711
 0.1254992043
 0.1257557238
 0.1260101604
 0.1262698328
 0.1265333007
  0.126794679
 0.1270539509
 0.1273125856
 0.1275675934
 0.1278219399
  0.128080121
 0.1283391469
 0.1286020416
 0.1288673117
 0.1291273657
 0.1293897952
 0.1296546125
 0.1299264376
 0.1302068538
 0.1304804562
 0.1307534003
 0.1310272346
 0.1312972787
 0.1315619386
 0.1318306031
 0.1321064477
 0.1323768649
 0.1326481621
 0.1329187502
 0.1331934124
 0.1334657637
 0.1337325711
  0.133992183
  0.134252638
 0.1345106928
 0.1347679573
 0.1350293237
 0.1352948156
 0.1355578802
 0.1358184989
 0.1360816171
 0.1363472478
 0.1366154044
 0.1368861003
 0.1371610252
  0.137433476
 0.1377034335
  0.137974264
 0.1382459701
 0.1385236652
 0.1388039665
 0.1390834583
 0.1393655728
  0.139653775
 0.1399463699
 0.1402364346
 0.1405187219
 0.1408036673
 0.1410825158
 0.1413534655
 0.1416199924
  0.141882065
 0.1421414282
 0.1424034078
 0.1426715936
 0.1429460227
 0.1432231331
 0.1435011338
 0.1437800275
  0.144065267
 0.1443441315
 0.1446110916
 0.1448807422
 0.1451494172
 0.1454189535
 0.1456949097
  0.145973608
 0.1462550629
 0.1465374189
 0.1468263062
 0.1471179999
 0.1474087386
  0.147698513
 0.1479835136
 0.1482656129
 0.1485428767
  0.148828699
  0.149121207
 0.1494107874
 0.1496935448
 0.1499694325
 0.1502520469
 0.1505433834
 0.1508356483
 0.1511249084
 0.1514150895
 0.1517121353
 0.1520041666
 0.1523050988
 0.1526069879
 0.1529038199
 0.1531995834
 0.1534942683
 0.1537878643
 0.1540722363
 0.1543493601
 0.1546334959
 0.1549205835
 0.1552065243
 0.1554974988
 0.1557893954
 0.1560759867
  0.156365569
 0.1566581582
 0.1569495767
 0.1572335045
 0.1575204403
 0.1578125166
 0.1581076394
 0.1584079545
  0.158711355
  0.159017857
 0.1593210264
 0.1596273096
 0.1599410502
 0.1602492687
 0.1605606366
 0.1608795388
 0.1611972548
 0.1615027833
 0.1617982491
 0.1620902213
 0.1623853312
 0.1626858212
 0.1629872563
 0.1632873995
 0.1635839923
  0.163877009
 0.1641732072
 0.1644703355
 0.1647615707
 0.1650514375
 0.1653467927
  0.165645371
 0.1659564052
 0.1662776591
  0.166590646
  0.166892985
 0.1671986036
 0.1675075191
 0.1678150539
 0.1681282607
   0.16843536
 0.1687410499
 0.1690476954
 0.1693552988
 0.1696710388
 0.1699973627
 0.1703319262
 0.1706602904
  0.170977569
 0.1712885485
 0.1716004974
 0.1719109741
 0.1722248706
 0.1725372848
 0.1728482043
 0.1731526657
 0.1734680064
 0.1737893095
 0.1741066151
 0.1744249072
 0.1747467025
 0.1750694977
 0.1753907659
  0.175705419
 0.1760185035
 0.1763351129
 0.1766552657
 0.1769738422
 0.1772908293
 0.1776087989
 0.1779277538
    0.1782555
  0.178584261
 0.1789114225
 0.1792317202
 0.1795503751
  0.179875299
 0.1802065271
 0.1805361211
 0.1808507361
 0.1811663228
 0.1814909321
 0.1818246165
 0.1821566314
 0.1824869628
 0.1828074491
 0.1831289237
 0.1834541218
  0.183766616
 0.1840773232
  0.184388987
 0.1847016103
  0.185020746
 0.1853464305
  0.185675909
 0.1860035998
 0.1863294883
 0.1866507422
 0.1869814629
 0.1873046932
 0.1876232276
 0.1879570035
 0.1883089727
 0.1886620215
 0.1890219109
 0.1893886793
 0.1897478813
 0.1900936553
 0.1904404881
 0.1907913061
 0.1911431978
 0.1914873415
 0.1918413885
 0.1922024374
 0.1925527171
 0.1928951343
 0.1932415829
 0.1936040692
 0.1939736733
 0.1943474198
 0.1947192823
 0.1950740834
 0.1954330081
 0.1957960784
 0.1961633163
 0.1965286029
 0.1968857651
 0.1972409269
 0.1976002667
 0.1979606995
 0.1983191122
 0.1986786153
 0.1990454834
 0.1994040306
 0.1997510483
 0.2000927917
 0.2004260503
 0.2007666869
 0.2011147433
 0.2014606528
 0.2018236747
  0.202194241
 0.2025594657
 0.2029225549
 0.2032834923
     0.203639
 0.2039923131
 0.2043401337
 0.2046824236
 0.2050422547
 0.2054131075
 0.2057651528
 0.2060949439
 0.2064290733
  0.206770914
 0.2071171479
   0.20747117
 0.2078364057
 0.2081959594
 0.2085599999
 0.2089285495
 0.2092947861
 0.2096655602
 0.2100340071
 0.2103966555
 0.2107603954
 0.2111252298
 0.2115016169
 0.2118756407
 0.2122402712
  0.212609513
  0.212983392
 0.2133513192
 0.2137097052
 0.2140727254
 0.2144511132
 0.2148270567
 0.2152005375
 0.2155859435
 0.2159652788
 0.2163457504
 0.2167164581
 0.2170882757
 0.2174685184
 0.2178462317
 0.2182213983
 0.2186013772
 0.2189713916
 0.2193276669
 0.2196775619
 0.2200135682
 0.2203505776
 0.2206885928
 0.2210389185
 0.2213978467
 0.2217767922
 0.2221682693
 0.2225418536
 0.2229089048
 0.2232923881
 0.2236847063
 0.2240666198
 0.2244303242
 0.2248106338
 0.2252232126
 0.2256331142
 0.2260285723
 0.2264252067
 0.2268112041
 0.2271943981
 0.2275906155
 0.2279880077
 0.2283786093
  0.228770371
 0.2291753225
 0.2295653888
  0.229948544
 0.2303449705
 0.2307425715
 0.2311372807
 0.2315209159
 0.2319056874
 0.2322957019
 0.2327033392
 0.2331080521
 0.2334932529
 0.2338712846
 0.2342545988
 0.2346348666
 0.2350204483
 0.2354155747
  0.235807652
 0.2362135712
 0.2366206877
 0.2370119909
 0.2373959165
 0.2377852522
 0.2381800258
 0.2385759616
 0.2389773786
 0.2393713192
 0.2397707605
 0.2401713776
 0.2405557037
   0.24094992
 0.2413496889
 0.2417462267
 0.2421439294
 0.2425560951
 0.2429783596
 0.2434107793
 0.2438444686
 0.2442659779
 0.2446797286
 0.2450901811
 0.2455108828
 0.2459509645
 0.2463786852
 0.2467985313
 0.2472104521
 0.2476419386
 0.2480977059
 0.2485363381
 0.2489716223
 0.2494081783
 0.2498413526
 0.2502711207
 0.2506974581
 0.2511156427
 0.2515444735
  0.251984008
 0.2524580038
 0.2529333822
 0.2533767725
 0.2538262356
 0.2542961898
 0.2547675132
 0.2552257385
 0.2556804608
 0.2561365061
 0.2565938773
 0.2570476987
  0.257512628
 0.2579887264
 0.2584612861
 0.2589253447
 0.2593957011
  0.259872388
 0.2603504587
 0.2608548892
 0.2613657919
 0.2618530584
 0.2623215857
 0.2627914712
  0.263257652
 0.2637404289
 0.2642246031
 0.2647204014
 0.2652381395
  0.265767657
 0.2662987061
   0.26682095
 0.2673291461
 0.2678388097
 0.2683499451
 0.2688625565
 0.2693976316
  0.269939513
 0.2704671295
 0.2710015597
  0.271537532
 0.2720644054
 0.2725874589
 0.2731173714
 0.2736488115
 0.2741763986
 0.2746947054
 0.2752199195
 0.2757466459
 0.2762748877
 0.2768046475
 0.2773249755
 0.2778467988
 0.2783646127
 0.2788728655
 0.2793825771
 0.2798993079
 0.2804230938
  0.280959559
 0.2815031677
 0.2820370953
 0.2825725532
 0.2830982403
 0.2836254336
 0.2841598208
 0.2847071412
 0.2852731818
 0.2858523097
 0.2864215935
 0.2869809719
 0.2875361665
 0.2880987482
 0.2886745708
 0.2892578721
 0.2898603875
  0.290470489
 0.2910705653
 0.2916605539
  0.292258142
 0.2928633679
 0.2934643688
 0.2940432129
   0.29464166
 0.2952478135
 0.2958496749
 0.2964713573
 0.2970948094
 0.2976775448
 0.2982497632
 0.2988175031
 0.2994052236
 0.2999884753
 0.3005549123
 0.3011229585
 0.3016988099
 0.3022762962
 0.3028554215
 0.3034486796
 0.3040436203
 0.3046465282
 0.3052637425
 0.3059142868
 0.3065793414
 0.3072272236
 0.3078896805
 0.3085540131
 0.3092074143
 0.3098626642
 0.3105197673
 0.3111916488
 0.3118589504
 0.3125021507
 0.3131601992
 0.3138070391
 0.3144294966
 0.3150602815
 0.3157060244
 0.3163535882
 0.3169897259
 0.3176077231
 0.3182008067
 0.3188156089
 0.3194455464
 0.3200772582
 0.3207309662
 0.3213865151
 0.3220235775
 0.3226760247
 0.3233234925
 0.3239864492
 0.3246444145
 0.3252698632
 0.3259039621
 0.3265260188
 0.3271567531
 0.3277753574
 0.3283817577
  0.328989859
 0.3295996653
 0.3302252395
 0.3308737141
 0.3315240052
 0.3321477641
 0.3327945949
 0.3334289813
 0.3340222559
 0.3346315271
 0.3352640666
 0.3358983746
  0.336556141
 0.3372084986
 0.3378917528
 0.3385914934
 0.3392785702
  0.339945576
 0.3405850433
 0.3411968121
 0.3418176781
 0.3424328637
 0.3430497651
 0.3436683858
 0.3442962049
 0.3449257739
 0.3455646112
 0.3462127634
 0.3468702777
 0.3475296211
  0.348183199
 0.3488233534
 0.3494500046
 0.3500707346
 0.3507162429
 0.3513712505
 0.3520280777
  0.352702226
 0.3533704754
 0.3540327879
 0.3546813105
 0.3553394671
  0.356015163
 0.3566769742
 0.3573327189
 0.3580140482
  0.358697264
 0.3593425398
 0.3599975904
 0.3606624637
 0.3613291762
 0.3619977327
 0.3626762154
 0.3633322756
 0.3640063924
 0.3646742272
 0.3653357399
 0.3660154585
 0.3667052648
 0.3673722706
 0.3680493751
 0.3687449076
  0.369467266
 0.3701916162
 0.3709179634
 0.3716463114
 0.3723430858
 0.3730670328
 0.3737845316
 0.3744701476
 0.3751576503
 0.3758215114
 0.3764871984
 0.3771632727
 0.3778412046
 0.3785037898
 0.3791681946
 0.3798517281
 0.3805371389
 0.3812244317
 0.3819136099
 0.3825959306
 0.3832625797
 0.3839398519
   0.38461016
 0.3852911496
 0.3859917417
 0.3866853592
 0.3873808751
 0.3880782951
 0.3887507265
  0.389407017
 0.3900651024
  0.390724987
 0.3914048035
 0.3920773884
 0.3927426975
 0.3934006854
 0.3940696327
 0.3947404061
 0.3954037961
 0.3960782345
 0.3967637771
 0.3974604787
 0.3981683942
 0.3988688987
 0.3995713114
 0.4002850277
 0.4010195207
 0.4017654566
 0.4024850183
 0.4031780561
 0.4038729791
 0.4045697916
 0.4052876416
 0.4060074428
 0.4067291997
 0.4074336185
 0.4081399504
 0.4088579019
 0.4095875298
 0.4102898733
 0.4109941217
 0.4117198948
 0.4124378013
 0.4131773762
 0.4139486185
 0.4147715222
 0.4155668309
 0.4163244196
  0.417074063
 0.4178157126
 0.4185493197
 0.4192748343
 0.4199719985
 0.4207014407
 0.4214938057
 0.4222781254
  0.423084991
  0.423873553
 0.4246334368
 0.4253850758
 0.4261490671
 0.4269047666
 0.4276313641
 0.4283599198
 0.4290904388
 0.4298124622
 0.4305469233
 0.4312728417
  0.432053458
 0.4328573305
 0.4335997317
 0.4343228606
 0.4350266091
 0.4357322506
 0.4364397889
 0.4371814751
 0.4379574873
 0.4387355837
 0.4394615899
 0.4401460853
 0.4408215232
 0.4415096964
 0.4422325735
 0.4429793523
 0.4437281325
 0.4444568381
 0.4451874959
 0.4459090105
 0.4466547173
 0.4474358988
 0.4482079819
 0.4489484727
 0.4496796943
 0.4504015914
 0.4511367282
 0.4518511496
  0.452533369
 0.4532060101
 0.4538804477
  0.454556686
 0.4552347294
 0.4559145823
 0.4565962489
 0.4573029026
  0.458023056
 0.4587334827
 0.4594458027
 0.4601834374
  0.460946516
 0.4617116263
 0.4624551696
 0.4631533575
 0.4638652678
 0.4645909679
 0.4653066697
 0.4660481945
  0.466803682
 0.4675371293
 0.4682484133
 0.4689736744
 0.4696766217
 0.4703814348
 0.4710759339
 0.4717967082
 0.4725438922
 0.4732807761
  0.474044241
 0.4748220763
 0.4755772141
 0.4763095278
 0.4770313354
 0.4777675311
 0.4784806535
 0.4791956624
 0.4798999858
 0.4805809515
 0.4812637173
 0.4819356098
 0.4826219883
 0.4833101804
 0.4840129678
 0.4846791755
 0.4853728327
 0.4860812004
 0.4867785236
 0.4874906332
 0.4882046208
 0.4888944586
 0.4895861146
 0.4903057625
 0.4910273053
 0.4917375943
 0.4924629414
 0.4931769751
  0.493866373
 0.4945708764
 0.4952505774
 0.4959187029
 0.4965885842
 0.4972602257
 0.4979336318
 0.4986088068
 0.4992857553
 0.4999644808
 0.5006313771
 0.5013000228
 0.5019567407
 0.5026288983
  0.503316572
 0.5040612058
 0.5048077906
 0.5055424695
 0.5062790718
 0.5070176032
 0.5077720392
 0.5085004342
 0.5092166905
 0.5099348203
 0.5106689451
 0.5114191432
 0.5121429189
 0.5128543573
  0.513539122
 0.5142542809
 0.5149999879
 0.5157188851
  0.516439658
 0.5171912173
  0.517959228
 0.5186856554
  0.519370277
 0.5200566825
 0.5207595186
 0.5214495045
 0.5221560056
 0.5228495892
 0.5236041602
  0.524405196
 0.5251636972
 0.5258794372
  0.526626938
 0.5273613927
 0.5280977563
 0.5288209662
 0.5295611599
 0.5303032756
 0.5310473182
 0.5318085153
 0.5325716868
 0.5333368378
 0.5341346582
 0.5349499297
 0.5357364697
  0.536494123
 0.5372382369
 0.5379842774
 0.5387166665
 0.5394509517
 0.5401871364
 0.5409409295
 0.5416809278
 0.5424544102
 0.5432773709
 0.5441183255
 0.5449614526
 0.5457748593
 0.5465423952
 0.5473119127
 0.5480994898
 0.5488568703
 0.5496000482
 0.5503937359
 0.5512219493
 0.5520197348
 0.5528032523
 0.5535887883
 0.5543927551
 0.5551823426
 0.5559904555
 0.5568337174
 0.5576625715
 0.5584436984
 0.5592101717
 0.5599786158
  0.560715539
 0.5615047297
 0.5622959479
 0.5630554431
 0.5637830463
  0.564512517
 0.5652098439
   0.56590896
 0.5666098696
  0.567329716
 0.5680685909
  0.568878268
  0.569724563
 0.5705037637
 0.5712676001
 0.5720159879
 0.5727662914
 0.5735360087
 0.5743076954
  0.575081356
 0.5758217387
 0.5765463411
 0.5772727955
 0.5779833424
 0.5787135134
 0.5794455498
 0.5801794556
 0.5808972888
 0.5816169535
 0.5823384546
 0.5830437124
 0.5837326391
 0.5844414978
 0.5851703852
 0.5859011301
 0.5866154214
 0.5873315318
 0.5880310573
 0.5887692745
 0.5894538632
  0.590158743
 0.5908282221
 0.5914994036
 0.5921536005
 0.5928094604
 0.5934669867
 0.5941450174
 0.5948058877
 0.5954684358
 0.5961326659
 0.5967985821
  0.597466188
 0.5981354872
 0.5988256547
 0.5995175718
 0.6002497801
 0.6009645262
  0.601681083
 0.6024188699
 0.6031390604
 0.6038415602
  0.604565401
 0.6053302989
 0.6060774689
 0.6068659525
 0.6076366676
 0.6083895186
 0.6091641338
 0.6099407059
 0.6107192394
 0.6114797262
 0.6122220693
 0.6129461719
 0.6136519368
 0.6143594821
 0.6150688119
 0.6157799299
 0.6164928401
 0.6171871265
  0.617883162
 0.6185399042
 0.6192188749
 0.6198995549
 0.6206026267
  0.621286737
 0.6219933504
 0.6226809055
 0.6233701893
 0.6240402657
 0.6247120261
 0.6253644288
 0.6260184701
 0.6266741541
 0.6273102801
 0.6279692599
 0.6286085821
  0.629249508
 0.6299134591
 0.6306220177
 0.6313323527
 0.6320444678
 0.6327367338
 0.6334307335
 0.6341264714
 0.6348457472
 0.6355449724
  0.636224042
 0.6368828501
 0.6375653209
 0.6382274276
 0.6389354402
 0.6396452223
 0.6403123056
  0.640981055
 0.6416291271
 0.6423012206
 0.6429749916
 0.6436279287
 0.6442824947
 0.6449160659
 0.6455512168
 0.6461879508
 0.6468262715
 0.6474661827
  0.648130599
 0.6488196382
 0.6495334181
  0.650225892
 0.6509200889
 0.6516392107
 0.6524066317
 0.6531526476
 0.6538771475
 0.6546034479
 0.6553080658
 0.6560615253
 0.6567932517
 0.6575031324
 0.6581673326
 0.6588569613
 0.6595244615
 0.6601458209
 0.6607687215
 0.6613931663
 0.6620191588
 0.6626225661
 0.6632274682
 0.6638338687
 0.6644417711
 0.6650755544
 0.6657597793
 0.6663967031
 0.6670106449
  0.667626105
 0.6682430872
 0.6688368544
 0.6694320887
 0.6700287933
 0.6706518959
 0.6712765375
  0.671877674
 0.6724802942
 0.6730844013
 0.6736647657
 0.6742718569
  0.674880445
 0.6754905334
 0.6760766424
 0.6766897414
 0.6773043507
  0.677894802
 0.6784867074
 0.6790800696
 0.6796490301
 0.6802193906
 0.6808171432
 0.6814163658
 0.6820170615
 0.6826192336
 0.6832491312
 0.6838805763
 0.6844871974
 0.6851217477
  0.685704847
 0.6862893773
 0.6868220724
 0.6873827744
 0.6879180858
 0.6884815408
  0.689073274
 0.6896664573
 0.6902610939
 0.6908300921
 0.6914004838
  0.691945044
 0.6924636426
 0.6930382331
 0.6936416575
 0.6942465579
  0.694825375
 0.6954056072
 0.6960149553
 0.6966257924
 0.6972381214
 0.6978240449
 0.6984113992
 0.6990001873
 0.6995623062
 0.7001539712
 0.7007470796
 0.7013416343
 0.7019376388
 0.7025350962
 0.7031340095
 0.7037629711
 0.7043361469
  0.704939447
 0.7055442161
 0.7061504572
 0.7067002957
 0.7072514719
 0.7078330688
   0.70841608
 0.7089712871
 0.7094985509
 0.7100270958
 0.7105569247
 0.7110880402
 0.7116500246
 0.7121837241
 0.7127187169
 0.7132848022
 0.7138223949
 0.7143612887
 0.7148414669
 0.7153528951
 0.7158354054
 0.7163493141
 0.7168644692
 0.7173808708
 0.7179289714
 0.7184783998
 0.7189985608
 0.7195199808
 0.7200119164
 0.7205358619
  0.721030179
   0.72155666
 0.7220533683
  0.722613514
 0.7231438195
 0.7237066763
 0.7243022352
  0.724899232
 0.7254661728
 0.7260029084
 0.7265092892
 0.7270168903
 0.7274939147
 0.7279720876
 0.7284514132
 0.7289318939
 0.7294135297
 0.7298963249
 0.7303802839
 0.7308330674
 0.7312869392
 0.7317094041
 0.7321654609
 0.7326226142
 0.7330808662
 0.7335730298
  0.734066375
 0.7345279373
 0.7349906086
  0.735454391
 0.7359192864
 0.7363852969
 0.7368524247
 0.7373206737
 0.7377900462
  0.738260542
 0.7387658528
 0.7392386077
 0.7397124964
 0.7401875188
 0.7406636769
 0.7411409748
 0.7415852424
 0.7420305741
 0.7425113082
 0.7429587703
 0.7434073023
 0.7438914931
 0.7443421745
 0.7448286822
 0.7453163503
 0.7457702665
 0.7462252659
 0.7467164362
 0.7471384445
 0.7475967093
  0.748056067
 0.7484811019
  0.748942655
 0.7493697181
 0.7497977989
 0.7502269009
 0.7506928677
 0.7511599428
 0.7516281299
 0.7520974328
 0.7526040398
 0.7530755783
 0.7535482385
 0.7540220241
 0.7544969351
 0.7549729735
 0.7554134378
 0.7558917405
 0.7563343001
  0.756777911
 0.7572225749
 0.7576682954
 0.7581523038
 0.7586374586
 0.7590863558
 0.7594988214
  0.759949851
 0.7604019496
 0.7608173547
 0.7612337445
 0.7616890639
  0.762107428
 0.7625649064
 0.7629852544
 0.7634449007
  0.763944028
 0.7643673657
 0.7647917043
 0.7652170454
 0.7656046334
 0.7660319877
 0.7664603509
 0.7668897263
 0.7673201155
 0.7677515203
 0.7681839421
 0.7686173842
 0.7690518499
 0.7694873392
 0.7699238552
 0.7703216244
 0.7707602005
 0.7711998099
 0.7716404559
 0.7720821383
 0.7725248605
 0.7729282834
 0.7733730932
 0.7738189492
 0.7742658531
 0.7747138081
 0.7751628158
 0.7756128795
 0.7760229897
 0.7764751701
 0.7769284129
 0.7773827198
  0.777838094
 0.7782530423
 0.7787105559
 0.7791691432
 0.7795870185
 0.7800477583
 0.7805095783
 0.7809724818
 0.7813942896
 0.7818593649
 0.7823255302
 0.7827927871
 0.7832611372
 0.7837305837
 0.7842011282
  0.784715651
 0.7851454226
  0.785619276
 0.7860510603
 0.7864838546
 0.7869610393
 0.7873958566
 0.7878752731
 0.7883121237
 0.7887937817
 0.7892765636
 0.7897164796
 0.7901574217
  0.790599393
  0.791042395
 0.7914420256
 0.7918870947
 0.7923332018
 0.7927356336
 0.7931838211
 0.7935881293
 0.7940384075
 0.7944446013
 0.7948969775
 0.7953504065
 0.7957594413
 0.7961694262
 0.7966260236
 0.7970379166
   0.79749664
 0.7979564294
 0.7984172862
 0.7988792134
 0.7993422125
 0.7998062864
 0.8002714379
 0.8007376688
 0.8011582491
 0.8016266442
 0.8020961259
 0.8025666957
 0.8030855209
 0.8036055478
 0.8041267796
 0.8046017237
 0.8050777675
 0.8055549141
 0.8060809901
 0.8066082823
 0.8070887476
 0.8075703244
 0.8080530144
 0.8085368188
 0.8090217423
 0.8094591818
 0.8099950642
 0.8105321839
 0.8109726605
 0.8114632097
 0.8119057229
 0.8123985381
 0.8128924898
 0.8133875811
 0.8138838135
 0.8143314522
 0.8147801219
 0.8152298251
 0.8157306467
 0.8161824237
 0.8166352409
 0.8170891009
 0.8174934602
 0.8179494113
 0.8183556339
 0.8188136852
 0.8192727887
 0.8196818182
 0.8201430338
 0.8206053095
 0.8210171659
 0.8214815684
 0.8218953176
 0.8223100161
 0.8227256664
 0.8231943463
  0.823611907
 0.8240304254
 0.8244499037
 0.8248703431
 0.8252917461
 0.8257141148
 0.8261903676
 0.8266146728
 0.8270399497
 0.8274661995
 0.8278934246
 0.8283216273
 0.8286971622
 0.8291273272
 0.8295045822
 0.8299367166
 0.8303698381
  0.830803949
 0.8312390516
 0.8316751471
 0.8321122392
 0.8324955687
 0.8329346583
 0.8333747492
 0.8338158448
 0.8342579462
 0.8346456672
 0.8350342725
 0.8354794046
 0.8358697826
 0.8363169453
 0.8367091042
 0.8371583069
 0.8376085321
  0.838059782
  0.838512059
 0.8389653643
 0.8394197002
 0.8398181479
 0.8402745522
 0.8407319941
  0.841190476
 0.8415925588
 0.8419955547
 0.8424571675
 0.8429198285
 0.8433255762
 0.8437903397
 0.8442561573
 0.8447230315
  0.845132473
 0.8456014674
 0.8460715253
 0.8465426493
 0.8470148404
 0.8474289434
 0.8478439842
  0.848259964
 0.8486768858
 0.8490947516
 0.8495733926
 0.8499931507
 0.8504138579
 0.8508355165
 0.8512581283
 0.8516816956
 0.8520455739
 0.8524102746
 0.8528367194
 0.8532030686
 0.8535702455
  0.853938251
  0.854307087
 0.8546151437
 0.8549856457
 0.8553569834
 0.8557291577
 0.8560400023
 0.8564138568
 0.8567885531
 0.8572266832
 0.8576030686
 0.8579803021
 0.8583583854
  0.858800475
 0.8591802615
 0.8595609023
  0.859942399
 0.8603247535
 0.8607079676
  0.861092043
 0.8614769814
 0.8618627847
 0.8622494546
 0.8625724032
 0.8628960762
 0.8632853547
 0.8636104816
 0.8640015093
 0.8643280967
 0.8647208806
 0.8650489345
 0.8654434816
 0.8657730078
 0.8661032723
 0.8665004776
 0.8668322233
 0.8671647118
 0.8674979446
 0.8678987188
 0.8683003896
 0.8687029588
 0.8691736732
 0.8695106493
 0.8698483786
 0.8702545591
  0.870593799
 0.8708657974
 0.8712065552
 0.8714797699
 0.8718220508
 0.8720964868
 0.8724402968
 0.8727159584
  0.873061304
 0.8733381965
 0.8736157067
 0.8739633675
 0.8742421157
 0.8745214852
 0.8748714753
  0.875152091
 0.8754333315
 0.8757856647
 0.8760681585
 0.8763512807
 0.8767059704
 0.8769903529
 0.8772753679
 0.8776324288
 0.8779187123
 0.8782773618
 0.8785649186
 0.8789251634
 0.8792862084
  0.879648055
 0.8800107049
 0.8803014684
 0.8806657289
  0.881030797
 0.8813234993
 0.8816901885
 0.8820576903
 0.8824260064
 0.8827951381
 0.8830910978
 0.8834618667
 0.8837591385
 0.8841315513
 0.8844301412
 0.8848042037
 0.8851041157
 0.8854798353
 0.8859316962
 0.8865355084
 0.8869137251
 0.8872169675
 0.8875208795
 0.8877493171
  0.888054573
 0.8883605027
 0.8886671078
 0.8889743897
 0.8892823494
 0.8895909882
 0.8899003077
 0.8902103092
 0.8905209939
 0.8907545212
 0.8910665769
 0.8913793199
 0.8916927519
 0.8920068742
 0.8923216879
 0.8926371947
 0.8929533959
 0.8931910685
 0.8935086619
 0.8938269538
 0.8942256932
 0.8945453856
 0.8949458793
 0.8952669787
 0.8955887835
 0.8959112951
 0.8962345146
  0.896477461
  0.896720941
 0.8969649554
 0.8972095047
 0.8974545903
 0.8977002134
 0.8981104826
 0.8984394176
 0.8987690735
  0.899016857
 0.8992651833
 0.8995140533
 0.8997634684
 0.9000134294
 0.9002639372
 0.9005986785
 0.9008502835
 0.9011024389
 0.9014393816
 0.9016926412
 0.9020310586
  0.902285426
  0.902540349
  0.902795829
 0.9030518669
 0.9033939958
 0.9036511525
 0.9039088706
 0.9041671509
 0.9045122757
 0.9047716837
 0.9050316575
 0.9052921981
 0.9055533062
 0.9058149833
 0.9061646463
 0.9064274647
 0.9067786524
 0.9070426166
 0.9073071549
 0.9075722692
 0.9078379604
 0.9081042293
 0.9083710773
 0.9085493629
 0.9088173726
 0.9090859644
 0.9093551397
 0.9095349797
 0.9098053259
 0.9100762592
 0.9102572733
 0.9105293837
 0.9108020846
 0.9109842798
 0.9111668701
 0.9114413493
 0.9116247324
 0.9119004033
  0.912084582
 0.9123614486
 0.9125464262
 0.9128244937
 0.9130102734
 0.9132895459
 0.9134761304
 0.9137566132
 0.9139440063
 0.9142257037
  0.914413908
 0.9146968249
 0.9148858441
 0.9150752716
 0.9153600269
  0.915550274
 0.9157409318
  0.916027536
  0.916219018
 0.9165068608
   0.91669917
 0.9168918941
 0.9171816034
 0.9173751594
 0.9176661192
 0.9178605105
 0.9180553209
 0.9183481659
 0.9185438163
 0.9188379241
 0.9190344183
 0.9193297942
 0.9195271352
 0.9197249008
 0.9200221875
 0.9202208047
  0.920519371
 0.9207188433
 0.9209187444
   0.92121924
 0.9214200009
 0.9216211932
 0.9218228175
 0.9221259032
 0.9223283941
 0.9225313197
 0.9227346807
 0.9230403764
 0.9232446106
 0.9234492829
 0.9236543939
 0.9239627199
 0.9241687111
 0.9243751434
  0.924582018
 0.9248929947
 0.9251007562
 0.9253089624
 0.9256219404
 0.9258310391
 0.9261453581
 0.9263553522
 0.9265657954
 0.9268821347
 0.9270934784
 0.9274111715
 0.9277295431
 0.9280485949
 0.9283683282
 0.9286887443
 0.9290098447
 0.9292243683
 0.9294393495
 0.9297625095
 0.9299784092
 0.9301947691
 0.9305200007
  0.930737284
 0.9310639038
 0.9312821141
 0.9316101266
 0.9318292675
 0.9321586788
 0.9323787537
 0.9327095683
 0.9329305807
 0.9332628048
 0.9335957356
 0.9338181615
 0.9341525097
 0.9343758822
 0.9347116531
  0.934935976
 0.9352731749
 0.9354984518
 0.9358370849
 0.9361764366
 0.9364031511
 0.9367439445
  0.937085461
 0.9373136216
 0.9376565886
 0.9380002827
 0.9382298977
 0.9385750502
 0.9389209342
 0.9391520121
  0.939499363
 0.9397314205
 0.9400802436
 0.9404298051
 0.9406633394
  0.941014382
 0.9412489054
 0.9416014343
 0.9419547088
 0.9423087302
 0.9425452433
 0.9429007625
 0.9432570325
 0.9436140553
 0.9438525731
 0.9440915944
  0.944450883
 0.9446909144
 0.9450517212
 0.9452927664
 0.9455343201
 0.9458974144
 0.9461399876
 0.9463830722
 0.9467484673
 0.9469925773
  0.947359514
 0.9477272231
 0.9479728785
 0.9482190509
 0.9485890869
 0.9488362967
 0.9490840266
 0.9495805287
  0.950078075
 0.9504520191
 0.9507018391
 0.9509521841
 0.9513284909
 0.9517055879
 0.9519575138
 0.9523361965
 0.9525891814
 0.9529694551
 0.9533505269
 0.9536051078
 0.9539877803
 0.9542434304
 0.9546277094
 0.9548844325
 0.9552703241
 0.9556570241
 0.9559153641
 0.9563036859
  0.956692821
 0.9570827705
 0.9574735362
  0.957995648
 0.9583880511
 0.9587812749
 0.9591753212
 0.9595701912
 0.9598339882
 0.9602305111
 0.9606278625
  0.961026044
 0.9614250571
 0.9616916215
 0.9619587425
 0.9622264212
 0.9624946584
 0.9627634552
 0.9630328126
 0.9634376915
 0.9637081738
 0.9639792199
 0.9642508312
 0.9645230087
  0.964795753
 0.9652057216
 0.9654796035
 0.9657540557
 0.9660290792
 0.9663046752
 0.9665808445
 0.9668575882
 0.9671349077
 0.9672738558
 0.9675523302
 0.9678313835
    0.9679712
  0.968251414
 0.9683918121
 0.9686731914
 0.9688141733
 0.9690967227
 0.9692382906
 0.9695220138
 0.9696641698
 0.9699490717
  0.970091818
 0.9703779025
 0.9705212415
 0.9708085135
 0.9710963807
 0.9712406126
 0.9715296742
 0.9718193344
 0.9721095941
 0.9724004548
 0.9726919177
 0.9729839837
  0.973422989
 0.9738629024
 0.9743037258
 0.9745982155
  0.975040863
 0.9753365715
  0.975632891
 0.9759298224
 0.9762273672
 0.9763764469
 0.9766752216
 0.9769746133
 0.9772746231
 0.9775752518
 0.9780271251
 0.9783289952
 0.9787827342
 0.9790858506
 0.9793895918
 0.9796939588
 0.9801514495
 0.9803042607
 0.9806105125
 0.9807639538
 0.9809177109
 0.9810717844
  0.981226175
  0.981226175
 0.9813812015
 0.9815365468
 0.9815365468
 0.9816925315
 0.9818488368
 0.9818488368
 0.9820057851
 0.9820057851
 0.9821633788
  0.982321296
  0.982321296
 0.9824798621
 0.9824798621
 0.9826390796
 0.9826390796
 0.9827989508
 0.9827989508
 0.9827989508
 0.9829598073
 0.9829598073
 0.9831213236
 0.9831213236
 0.9832835021
 0.9832835021
 0.9834463452
 0.9834463452
 0.9836098554
 0.9836098554
 0.9837740351
 0.9837740351
  0.983938887
  0.983938887
 0.9841044134
 0.9841044134
 0.9842706168
 0.9842706168
 0.9844374997
 0.9844374997
 0.9846050647
 0.9846050647
 0.9846050647
 0.9847736572
 0.9847736572
 0.9849429381
 0.9849429381
 0.9851129097
 0.9851129097
 0.9852835747
 0.9852835747
 0.9854549357
 0.9854549357
 0.9856269951
 0.9856269951
 0.9856269951
 0.9858001069
 0.9858001069
 0.9858001069
 0.9858001069
  0.985974631
  0.985974631
  0.985974631
 0.9861502211
 0.9861502211
 0.9861502211
 0.9863268831
 0.9863268831
  0.986681643
 0.9868593828
 0.9870374832
 0.9870374832
 0.9870374832
 0.9872166692
 0.9872166692
 0.9873965823
 0.9875768598
 0.9877575026
 0.9879385113
 0.9879385113
 0.9879385113
 0.9881206215
 0.9881206215
 0.9881206215
 0.9881206215
 0.9881206215
 0.9883045811
 0.9883045811
 0.9883045811
 0.9883045811
 0.9883045811
 0.9883045811
 0.9883045811
 0.9884911583
 0.9884911583
 0.9884911583
 0.9884911583
 0.9884911583
 0.9884911583
 0.9884911583
 0.9886803865
 0.9886803865
 0.9886803865
 0.9886803865
 0.9886803865
 0.9886803865
 0.9886803865
 0.9888722997
 0.9888722997
 0.9888722997
 0.9888722997
 0.9888722997
 0.9888722997
 0.9888722997
 0.9890669319
 0.9890669319
 0.9890669319
 0.9890669319
 0.9890669319
 0.9890669319
 0.9890669319
  0.989264318
  0.989264318
  0.989264318
  0.989264318
  0.989264318
  0.989264318
 0.9894640923
 0.9894640923
 0.9894640923
 0.9894640923
 0.9894640923
 0.9894640923
 0.9894640923
 0.9896666857
 0.9896666857
 0.9896666857
 0.9896666857
 0.9896666857
 0.9896666857
 0.9896666857
 0.9898721339
 0.9898721339
 0.9898721339
 0.9898721339
 0.9898721339
 0.9898721339
 0.9898721339
  0.990080473
  0.990080473
  0.990080473
  0.990080473
  0.990080473
  0.990080473
  0.990080473
 0.9902917397
 0.9902917397
 0.9902917397
 0.9902917397
 0.9902917397
 0.9902917397
 0.9902917397
 0.9905059711
 0.9905059711
 0.9905059711
 0.9905059711
 0.9905059711
 0.9905059711
 0.9905059711
 0.9905059711
 0.9907236363
 0.9907236363
 0.9907236363
 0.9907236363
 0.9907236363
 0.9907236363
 0.9907236363
 0.9907236363
 0.9909447848
 0.9909447848
 0.9909447848
 0.9909447848
 0.9909447848
 0.9911681358
 0.9911681358
 0.9911681358
 0.9911681358
 0.9913932629
 0.9913932629
 0.9913932629
 0.9913932629
 0.9913932629
 0.9913932629
 0.9916210781
 0.9916210781
 0.9916210781
 0.9916210781
 0.9916210781
 0.9916210781
 0.9918516103
 0.9918516103
 0.9918516103
 0.9918516103
 0.9918516103
 0.9918516103
 0.9918516103
 0.9918516103
 0.9918516103
 0.9920862726
 0.9920862726
 0.9920862726
 0.9920862726
 0.9920862726
 0.9920862726
 0.9920862726
 0.9920862726
 0.9920862726
 0.9920862726
 0.9920862726
 0.9920862726
 0.9923265452
 0.9923265452
 0.9923265452
 0.9923265452
 0.9923265452
 0.9923265452
 0.9923265452
 0.9923265452
 0.9923265452
 0.9923265452
 0.9923265452
 0.9925720663
 0.9925720663
 0.9925720663
 0.9925720663
 0.9925720663
 0.9925720663
 0.9925720663
 0.9925720663
 0.9925720663
 0.9928219583
 0.9928219583
 0.9928219583
 0.9928219583
 0.9928219583
 0.9928219583
 0.9928219583
 0.9928219583
 0.9928219583
 0.9928219583
 0.9928219583
 0.9928219583
 0.9930777868
 0.9930777868
 0.9930777868
 0.9930777868
 0.9930777868
 0.9930777868
 0.9930777868
 0.9930777868
 0.9930777868
 0.9930777868
 0.9930777868
 0.9930777868
 0.9933396786
 0.9933396786
 0.9933396786
 0.9933396786
 0.9933396786
 0.9933396786
 0.9933396786
 0.9933396786
 0.9933396786
 0.9933396786
 0.9933396786
 0.9933396786
 0.9936077629
 0.9936077629
 0.9936077629
 0.9936077629
 0.9936077629
 0.9936077629
 0.9936077629
 0.9936077629
 0.9936077629
 0.9936077629
 0.9938811077
 0.9938811077
 0.9938811077
 0.9938811077
 0.9938811077
 0.9938811077
 0.9938811077
 0.9938811077
 0.9938811077
 0.9941592662
 0.9941592662
 0.9941592662
 0.9941592662
 0.9941592662
 0.9941592662
 0.9941592662
 0.9941592662
 0.9941592662
 0.9941592662
 0.9941592662
 0.9944434117
 0.9944434117
 0.9944434117
 0.9944434117
 0.9944434117
 0.9944434117
 0.9944434117
 0.9944434117
 0.9944434117
 0.9944434117
 0.9944434117
 0.9944434117
 0.9944434117
 0.9944434117
 0.9947353447
 0.9947353447
 0.9947353447
 0.9947353447
 0.9947353447
 0.9947353447
 0.9947353447
 0.9947353447
 0.9947353447
 0.9947353447
 0.9947353447
 0.9947353447
 0.9947353447
 0.9947353447
 0.9947353447
 0.9947353447
  0.995036413
  0.995036413
  0.995036413
  0.995036413
  0.995036413
  0.995036413
  0.995036413
  0.995036413
  0.995036413
  0.995036413
  0.995036413
  0.995036413
  0.995036413
  0.995036413
  0.995036413
  0.995036413
 0.9953468733
 0.9953468733
 0.9953468733
 0.9953468733
 0.9953468733
 0.9953468733
 0.9953468733
 0.9953468733
 0.9953468733
 0.9953468733
 0.9953468733
 0.9953468733
 0.9953468733
 0.9953468733
 0.9953468733
 0.9953468733
 0.9956669862
 0.9956669862
 0.9956669862
 0.9956669862
 0.9956669862
 0.9956669862
 0.9956669862
 0.9956669862
 0.9956669862
 0.9956669862
 0.9956669862
 0.9956669862
 0.9956669862
 0.9956669862
 0.9956669862
 0.9956669862
 0.9959970226
 0.9959970226
 0.9959970226
 0.9959970226
 0.9959970226
 0.9959970226
 0.9959970226
 0.9959970226
 0.9959970226
 0.9959970226
 0.9959970226
 0.9959970226
 0.9959970226
 0.9959970226
 0.9963359679
 0.9963359679
 0.9963359679
 0.9963359679
 0.9963359679
 0.9963359679
 0.9963359679
 0.9963359679
 0.9963359679
  0.996680754
  0.996680754
  0.996680754
  0.996680754
  0.996680754
  0.996680754
  0.996680754
  0.996680754
  0.996680754
  0.996680754
  0.996680754
  0.996680754
  0.996680754
  0.996680754
  0.996680754
  0.996680754
  0.996680754
 0.9970368211
 0.9970368211
 0.9970368211
 0.9970368211
 0.9970368211
 0.9970368211
 0.9970368211
 0.9970368211
 0.9970368211
 0.9970368211
 0.9970368211
 0.9970368211
 0.9970368211
 0.9970368211
 0.9970368211
 0.9970368211
 0.9970368211
 0.9970368211
 0.9970368211
 0.9970368211
 0.9970368211
 0.9970368211
 0.9970368211
 0.9974086803
 0.9974086803
 0.9974086803
 0.9974086803
 0.9974086803
 0.9974086803
 0.9974086803
 0.9974086803
 0.9974086803
 0.9974086803
 0.9974086803
 0.9974086803
 0.9974086803
 0.9974086803
 0.9974086803
 0.9974086803
 0.9974086803
 0.9974086803
 0.9974086803
 0.9974086803
 0.9974086803
 0.9974086803
 0.9974086803
 0.9977969574
 0.9977969574
 0.9977969574
 0.9977969574
 0.9977969574
 0.9977969574
 0.9977969574
 0.9977969574
 0.9977969574
 0.9977969574
 0.9977969574
 0.9977969574
 0.9977969574
 0.9977969574
 0.9977969574
 0.9977969574
 0.9977969574
 0.9977969574
 0.9981985354
 0.9981985354
 0.9981985354
 0.9981985354
 0.9981985354
 0.9981985354
 0.9981985354
 0.9981985354
 0.9981985354
 0.9981985354
 0.9981985354
 0.9981985354
 0.9981985354
 0.9981985354
 0.9981985354
 0.9986115093
 0.9986115093
 0.9986115093
 0.9986115093
 0.9986115093
 0.9986115093
 0.9986115093
 0.9986115093
 0.9986115093
 0.9986115093
 0.9986115093
 0.9986115093
 0.9986115093
 0.9986115093
 0.9986115093
 0.9986115093
 0.9986115093
 0.9986115093
 0.9986115093
 0.9986115093
 0.9986115093
 0.9986115093
 0.9986115093
 0.9986115093
 0.9986115093
 0.9986115093
 0.9986115093
 0.9986115093
 0.9986115093
  0.999047344
  0.999047344
  0.999047344
  0.999047344
  0.999047344
  0.999047344
  0.999047344
  0.999047344
  0.999047344
  0.999047344
  0.999047344
  0.999047344
  0.999047344
  0.999047344
  0.999047344
  0.999047344
  0.999047344
  0.999047344
  0.999047344
  0.999047344
  0.999047344
  0.999047344
  0.999047344
  0.999047344
  0.999047344
  0.999047344
  0.999047344
  0.999047344
  0.999047344
  0.999047344
  0.999047344
  0.999047344
  0.999047344
  0.999047344
 0.9995114267
 0.9995114267
 0.9995114267
 0.9995114267
 0.9995114267
 0.9995114267
 0.9995114267
 0.9995114267
 0.9995114267
 0.9995114267
 0.9995114267
 0.9995114267
 0.9995114267
 0.9995114267
 0.9995114267
 0.9995114267
 0.9995114267
 0.9995114267
 0.9995114267
 0.9995114267
 0.9995114267
 0.9995114267
 0.9995114267
 0.9995114267
 0.9995114267
 0.9995114267
 0.9995114267
 0.9995114267
            1
            1
            1
            1
            1
            1
            1
            1
            1
            1
            1
            1
            1
            1
            1
            1
            1
            1
            1
            1
            1
            1
            1
            1
            1
            1
            1
            1
            1
            1
            1
            1
            1
            1
            1
            1
            1
            1
            1
            1
            1
            1
            1
            1
            1
            1
            1
            1
            1
            1
            1
            1
            1
            1
            1
            1
            1
            1
            1
            1
            1
