5
OH
40
296  3.85899e-22  2.99647e-10  0.444228
320  3.09284e-22  2.59166e-10  0.369569
337  2.66962e-22  5.65334e-10  0.35009
357  2.26591e-22  3.49674e-10  0.306903
378  1.92617e-22  2.06641e-10  0.275353
400  1.64062e-22  3.44398e-10  0.253235
425  1.38232e-22  2.39635e-10  0.225778
475  1.01268e-22  3.66137e-10  0.189084
500  8.79189e-23  1.81413e-10  0.165781
533  7.33468e-23  2.90774e-10  0.147134
565  6.2353e-23  2.18279e-10  0.126305
600  5.28275e-23  2.16369e-10  0.108388
634  4.54581e-23  1.85528e-10  0.092112
672  3.88741e-23  1.42406e-10  0.0756995
711  3.3486e-23  1.40084e-10  0.0624697
754  2.87487e-23  1.03977e-10  0.0505294
800  2.47227e-23  1.12353e-10  0.0416067
846  2.14984e-23  1.05253e-10  0.0344335
900  1.84705e-23  9.54317e-11  0.0281786
950  1.6211e-23  8.01067e-11  0.023469
1000  1.43456e-23  7.78439e-11  0.0198028
1064  1.23927e-23  7.54546e-11  0.0162934
1128  1.08079e-23  6.71397e-11  0.0136264
1200  9.3529e-24  6.46945e-11  0.0113019
1265  8.26672e-24  5.73251e-11  0.00959614
1340  7.21954e-24  5.54873e-11  0.00808595
1420  6.29218e-24  5.90103e-11  0.00684044
1500  5.51788e-24  5.35243e-11  0.00576681
1600  4.71823e-24  5.94488e-11  0.00483605
1687  4.14196e-24  5.98296e-11  0.00419439
1787  3.58764e-24  6.10012e-11  0.00359388
1900  3.07157e-24  7.08128e-11  0.00309262
2000  2.69241e-24  7.40692e-11  0.00272973
2125  2.29931e-24  8.43178e-11  0.00237074
2250  1.97743e-24  9.13822e-11  0.00208523
2382  1.69812e-24  1.00858e-10  0.00184691
2525  1.45062e-24  1.12994e-10  0.00163998
2675  1.23908e-24  1.35992e-10  0.00146769
2832  1.0587e-24  1.57112e-10  0.0013207
3000  9.01754e-25  1.94419e-10  0.00119435
CO2
46
296  2.92329e-22  2.21752e-10  0.247819
320  2.80009e-22  3.7201e-10  0.225198
340  2.75628e-22  3.35343e-10  0.209974
350  2.75307e-22  2.4962e-10  0.205079
357  2.75755e-22  3.29722e-10  0.20328
378  2.80013e-22  3.99843e-10  0.20139
400  2.88178e-22  4.90369e-10  0.203621
424  2.99879e-22  5.39333e-10  0.209195
449  3.13526e-22  5.66856e-10  0.217291
475  3.27755e-22  6.51705e-10  0.227163
500  3.40342e-22  6.21458e-10  0.236848
533  3.52975e-22  7.41163e-10  0.248832
565  3.62763e-22  8.533e-10  0.259471
600  3.69557e-22  8.71055e-10  0.268766
634  3.72074e-22  1.29068e-09  0.275156
650  3.71911e-22  1.27358e-09  0.277187
672  3.7037e-22  1.23501e-09  0.278957
700  3.66384e-22  1.18882e-09  0.279556
711  3.64253e-22  1.16852e-09  0.279306
754  3.53313e-22  1.1465e-09  0.275956
800  3.37928e-22  1.19508e-09  0.268767
846  3.1994e-22  1.20394e-09  0.258672
900  2.96901e-22  1.14552e-09  0.24422
949  2.75251e-22  1.12264e-09  0.229642
1000  2.52783e-22  1.13911e-09  0.213716
1064  2.25536e-22  9.86866e-10  0.19348
1100  2.10931e-22  9.15028e-10  0.182319
1128  1.99998e-22  8.5517e-10  0.173836
1200  1.73766e-22  7.53823e-10  0.153168
1300  1.42005e-22  5.85386e-10  0.127448
1400  1.15492e-22  5.90972e-10  0.105606
1500  9.36859e-23  4.6315e-10  0.0873219
1600  7.38641e-23  3.68915e-10  0.0703676
1700  5.93376e-23  3.21426e-10  0.0578591
1800  4.7672e-23  2.87761e-10  0.0476761
1900  3.82695e-23  2.58268e-10  0.0393623
2000  3.07003e-23  2.19639e-10  0.0325259
2100  2.46248e-23  1.81578e-10  0.0269218
2200  1.97629e-23  1.56852e-10  0.0223482
2300  1.58811e-23  1.42969e-10  0.0186343
2400  1.27861e-23  1.30482e-10  0.0156062
2500  1.03194e-23  1.19658e-10  0.0131033
2600  8.35228e-24  1.18259e-10  0.0110896
2700  6.78154e-24  1.18123e-10  0.00941909
2800  5.52486e-24  1.16052e-10  0.0080206
2900  4.51699e-24  1.14131e-10  0.00685781
NO
40
296  7.88714e-24  2.12683e-09  0.0519541
318  1.03054e-23  2.04171e-09  0.0646741
337  1.24035e-23  1.75317e-09  0.0729094
357  1.45275e-23  1.31942e-09  0.0793127
378  1.65869e-23  1.29556e-09  0.0838342
400  1.84973e-23  1.10579e-09  0.0860852
425  2.03191e-23  9.04656e-10  0.0864255
475  2.28289e-23  7.66663e-10  0.0824935
500  2.35652e-23  6.87606e-10  0.0792835
533  2.39069e-23  5.04675e-10  0.0741626
565  2.38377e-23  5.23018e-10  0.0697529
600  2.33736e-23  4.09326e-10  0.0648666
634  2.26382e-23  4.15332e-10  0.0599511
672  2.1592e-23  4.96783e-10  0.0552673
711  2.03689e-23  4.95487e-10  0.0505562
754  1.89367e-23  3.77955e-10  0.0451707
800  1.73874e-23  3.16167e-10  0.0399399
846  1.5878e-23  3.02139e-10  0.0353764
900  1.42043e-23  2.64517e-10  0.0304185
950  1.27736e-23  2.48812e-10  0.026456
1000  1.14668e-23  2.40031e-10  0.0229619
1064  9.97474e-24  2.03544e-10  0.0192004
1128  8.67446e-24  1.90799e-10  0.0160357
1200  7.41882e-24  1.62252e-10  0.0131021
1265  6.45111e-24  1.46465e-10  0.0109509
1340  5.50264e-24  1.20802e-10  0.00891971
1420  4.65874e-24  1.14678e-10  0.00720652
1500  3.9585e-24  1.0521e-10  0.00585629
1600  3.22734e-24  8.76614e-11  0.0045101
1687  2.72937e-24  7.61541e-11  0.00364739
1787  2.26498e-24  7.20258e-11  0.00290919
1900  1.84912e-24  7.2029e-11  0.00230368
2000  1.55594e-24  7.18483e-11  0.00190138
2125  1.26508e-24  7.58882e-11  0.00152978
2250  1.03837e-24  8.59592e-11  0.00125921
2382  8.51185e-25  1.13042e-10  0.00105596
2525  6.93641e-25  1.46636e-10  0.000889339
2675  5.65883e-25  1.84057e-10  0.00075688
2832  4.6248e-25  2.30286e-10  0.000650225
3000  3.77062e-25  2.76988e-10  0.000561159
CO
41
296  6.98878e-24  3.46093e-09  0.138163
318  1.00266e-23  4.20718e-09  0.181304
337  1.29501e-23  4.68363e-09  0.208924
357  1.71413e-23  4.26194e-07  0.280848
378  2.19804e-23  3.88805e-07  0.311577
400  2.74553e-23  2.37231e-07  0.332134
424  3.36937e-23  2.78669e-07  0.34996
449  4.02447e-23  2.06745e-07  0.358811
475  3.32101e-23  1.44969e-09  0.228483
504  3.59048e-23  1.3933e-09  0.216335
533  3.79082e-23  1.419e-09  0.204074
565  3.93537e-23  1.31128e-09  0.192122
600  4.01233e-23  1.23594e-09  0.179748
634  4.01908e-23  1.60301e-09  0.169939
672  3.96369e-23  1.95032e-09  0.159929
711  3.85483e-23  1.12726e-09  0.148465
754  3.69228e-23  1.30653e-09  0.137436
800  3.48731e-23  1.69258e-09  0.126917
846  3.26556e-23  1.64116e-09  0.116832
900  2.9987e-23  1.18267e-09  0.105583
950  2.75531e-23  9.445e-10  0.096064
1000  2.5217e-23  8.96289e-10  0.0874766
1064  2.24239e-23  8.4092e-10  0.0776461
1128  1.98821e-23  9.0516e-10  0.0691176
1200  1.73311e-23  1.03918e-09  0.0608498
1265  1.52975e-23  1.129e-09  0.0543812
1340  1.3244e-23  1.25922e-09  0.0479356
1420  1.13624e-23  1.34511e-09  0.0420662
1500  9.75859e-24  1.39744e-09  0.0370583
1600  8.08095e-24  1.52431e-09  0.0318113
1687  6.88266e-24  1.36817e-09  0.0280089
1787  5.74129e-24  1.3653e-09  0.0243576
1900  4.69777e-24  1.38434e-09  0.0209696
2000  3.94874e-24  1.43755e-09  0.0184868
2125  3.19413e-24  1.51375e-09  0.0159187
2250  2.59798e-24  1.63495e-09  0.0138205
2382  2.10087e-24  1.70832e-09  0.0119919
2525  1.67984e-24  1.86285e-09  0.0103713
2675  1.33773e-24  1.93218e-09  0.00897948
2832  1.06156e-24  2.02586e-09  0.00778569
3000  8.35252e-25  2.09801e-09  0.00673898
H2O
40
296  5.91769e-22  4.75436e-06  0.468214
318  5.04513e-22  5.85232e-06  0.403733
337  4.45747e-22  6.67959e-06  0.360034
350  4.1219e-22  7.16249e-06  0.334946
357  3.9595e-22  7.39218e-06  0.322758
378  3.53526e-22  7.95475e-06  0.290748
400  3.1711e-22  8.35904e-06  0.263016
424  2.84326e-22  8.6195e-06  0.23778
450  2.5487e-22  8.72434e-06  0.214831
475  2.31015e-22  8.67278e-06  0.196013
500  2.10531e-22  8.48228e-06  0.179665
533  1.87496e-22  8.04488e-06  0.161052
565  1.6857e-22  7.44276e-06  0.145565
600  1.50891e-22  6.61908e-06  0.130935
634  1.36146e-22  5.7034e-06  0.118612
650  1.29906e-22  5.25458e-06  0.113362
672  1.21961e-22  4.63427e-06  0.10665
700  1.12795e-22  3.87501e-06  0.098868
711  1.09454e-22  3.5907e-06  0.096021
754  9.76226e-23  2.6045e-06  0.0858936
800  8.68047e-23  1.79221e-06  0.0765743
846  7.75242e-23  1.21253e-06  0.0685356
900  6.82094e-23  7.65897e-07  0.0604282
949  6.09579e-23  5.21288e-07  0.0540909
1000  5.44069e-23  3.56077e-07  0.0483476
1064  4.73769e-23  2.27791e-07  0.0421651
1100  4.39197e-23  1.79723e-07  0.0391166
1128  4.14493e-23  1.50582e-07  0.0369344
1200  3.58761e-23  9.79649e-08  0.0319956
1265  3.16855e-23  6.83086e-08  0.0282594
1300  2.97165e-23  5.68554e-08  0.0264929
1400  2.50354e-23  3.48633e-08  0.0222463
1500  2.32427e-23  2.75247e-08  0.0206901
1600  1.88615e-23  1.50077e-08  0.0164375
1800  1.53378e-23  7.1605e-09  0.0129148
2000  1.31292e-23  3.71432e-09  0.0106747
2200  1.14805e-23  2.30998e-09  0.00914814
2400  1.00445e-23  1.54792e-09  0.00802416
2600  8.70489e-24  1.1162e-09  0.00713573
2900  6.85841e-24  6.69662e-10  0.00605966
