#-----------------------------------------------------------------------
#                         Running Averages
#
#     Time    Temp     Pressure     Box        Total E    Hamiltonian
#      fs       K         Atm       Ang        Kcal/mol    Kcal/mol  
#-----------------------------------------------------------------------
     120.00   845.62      -8.534  135.1625    14672.35    22794.70
     240.00   260.70       7.894  135.1492    -1913.76    22051.97
     360.00   135.98     -28.404  135.1135    -6257.60    21821.82
     480.00   188.73      -1.935  135.0296    -5387.88    21764.92
     600.00   559.63      -3.576  134.7864     2991.81    21594.51
     720.00   804.53     -13.232  134.2726     9510.90    21790.28
     840.00   360.11       2.082  133.8337     -359.07    21833.76
     960.00   201.75       2.111  133.6118    -4686.77    21773.58
    1080.00   264.41     -12.156  133.4457    -3744.29    21657.07
    1200.00   558.44       2.552  133.1412     2843.05    21578.30
    1320.00   653.34       9.455  132.6620     5600.27    21725.67
    1440.00   361.75       4.176  132.2931     -722.67    21818.00
    1560.00   258.31      -9.230  132.0679    -3686.27    21722.50
    1680.00   334.91      -9.218  131.8326    -2165.86    21647.53
    1800.00   554.69       2.426  131.4676     2939.84    21640.01
    1920.00   558.24      15.127  131.0003     3377.59    21758.90
    2040.00   361.14      -0.212  130.6550    -1136.12    21828.41
    2160.00   300.51      -5.705  130.4087    -3057.31    21711.35
    2280.00   383.50      -5.144  130.1323    -1286.00    21699.93
    2400.00   532.83      18.962  129.7632     2132.95    21623.61
    2520.00   498.68       9.435  129.3842     1648.18    21795.28
    2640.00   363.80       1.883  129.1036    -1478.07    21840.95
    2760.00   331.76     -12.819  128.8695    -2482.56    21754.78
    2880.00   420.23      -1.066  128.5881     -646.93    21689.31
    3000.00   510.12      17.632  128.2386     1626.40    21715.13
    3120.00   461.78      -2.346  127.8970      540.75    21756.00
    3240.00   368.86      -8.031  127.6178    -1757.48    21750.05
    3360.00   359.74      -3.868  127.3520    -2246.06    21643.57
    3480.00   431.60       5.172  127.0492     -538.48    21699.95
    3600.00   491.23      -2.117  126.7081      970.72    21776.82
    3720.00   441.19       4.581  126.3581     -213.56    21732.60
    3840.00   375.71      -0.525  126.0625    -1766.63    21795.15
    3960.00   380.01      -6.461  125.7777    -1826.59    21739.53
    4080.00   440.83      11.405  125.4506     -401.17    21790.98
    4200.00   467.63       7.386  125.1071      289.23    21693.96
    4320.00   432.04       2.683  124.8067     -524.40    21769.13
    4440.00   388.79      -3.423  124.5368    -1566.73    21834.50
    4560.00   395.38      -2.049  124.2567    -1546.74    21811.99
    4680.00   438.57      -5.581  123.9398     -630.54    21774.66
    4800.00   451.98      20.029  123.5985     -189.30    21798.76
    4920.00   421.49      -4.511  123.3016     -927.91    21702.96
    5040.00   400.97       0.280  123.0287    -1512.80    21721.10
    5160.00   408.48      -3.482  122.7470    -1372.42    21708.76
    5280.00   436.82      -7.052  122.4406     -722.02    21762.56
    5400.00   440.77      -2.590  122.1079     -586.22    21817.39
    5520.00   420.23      -3.696  121.7827    -1234.07    21748.85
    5640.00   403.82      12.213  121.4719    -1607.45    21836.56
    5760.00   414.02      -2.334  121.1738    -1579.52    21696.16
    5880.00   431.68      -2.178  120.8685    -1028.26    21787.72
    6000.00   433.89       2.725  120.5519     -883.68    21800.86
    6120.00   424.64     -17.252  120.2246    -1163.03    21826.48
    6240.00   408.71       0.120  119.8730    -1587.33    21748.65
    6360.00   418.01     -14.208  119.5086    -1542.25    21735.35
    6480.00   429.00       0.518  119.1195    -1317.30    21732.91
    6600.00   426.35       5.840  118.7209    -1253.33    21824.89
    6720.00   420.67      -6.871  118.3296    -1554.52    21752.71
    6840.00   418.04      -2.720  117.9355    -1683.92    21791.79
    6960.00   419.13      -2.061  117.5397    -1622.11    21860.41
    7080.00   425.02      18.516  117.1419    -1581.62    21840.31
    7200.00   426.53      12.796  116.7672    -1638.68    21839.30
    7320.00   416.37       8.010  116.4259    -1832.05    21820.38
    7440.00   417.22      -1.755  116.1020    -1797.33    21851.63
    7560.00   424.76     -11.969  115.7751    -1674.20    21810.52
    7680.00   424.04     -12.722  115.4253    -1579.06    21828.98
    7800.00   425.52       9.763  115.0535    -1614.75    21835.34
    7920.00   421.54       0.573  114.6917    -1704.33    21905.40
    8040.00   415.96       4.615  114.3401    -1836.32    21903.54
    8160.00   419.70     -12.782  113.9877    -1804.15    21876.23
    8280.00   424.90       6.202  113.6172    -1633.93    21906.85
    8400.00   428.37       7.157  113.2588    -1599.15    21929.04
    8520.00   416.29      12.669  112.9153    -1805.92    21881.95
    8640.00   416.86       8.854  112.5878    -1781.88    21890.40
    8760.00   428.64      -6.787  112.2632    -1577.99    21934.07
    8880.00   423.51      -4.259  111.9322    -1626.71    21922.41
    9000.00   422.03      -2.019  111.6051    -1784.95    21892.66
    9120.00   416.86      -1.207  111.2794    -1908.83    21860.96
    9240.00   418.88      -5.553  110.9512    -1851.18    21855.64
    9360.00   426.79       4.257  110.6136    -1664.61    21895.23
    9480.00   427.97      12.901  110.2769    -1699.83    21866.41
    9600.00   421.03     -15.260  109.9437    -1879.33    21907.58
    9720.00   413.59     -14.285  109.5902    -2023.87    21936.24
    9840.00   416.58      -8.229  109.2174    -1981.60    21858.54
    9960.00   430.13       2.164  108.8233    -1633.41    21945.54
   10080.00   430.94     -17.102  108.4277    -1717.39    21912.01
   10200.00   416.38      -5.410  108.0264    -2044.04    21942.67
   10320.00   411.40      -2.681  107.6185    -2251.58    21940.64
   10440.00   418.60     -14.294  107.1963    -2105.77    21935.22
   10560.00   428.55      27.386  106.7627    -1843.34    21935.90
   10680.00   426.77      20.410  106.3546    -1883.07    21912.88
   10800.00   420.65      -6.520  105.9785    -2097.86    21923.46
   10920.00   413.88      15.609  105.6091    -2184.26    21989.14
   11040.00   419.06       6.858  105.2472    -2094.19    21996.01
   11160.00   424.92      -1.073  104.8994    -1948.19    21967.67
   11280.00   428.30      -3.584  104.5506    -1962.23    21900.51
   11400.00   419.95      -2.074  104.1999    -1965.45    22038.88
   11520.00   420.41     -24.546  103.8359    -2039.60    22083.03
   11640.00   418.23       7.038  103.4568    -2135.30    22033.08
   11760.00   422.32     -28.405  103.0726    -2110.53    22018.02
   11880.00   421.82      -1.655  102.6563    -2056.23    22048.93
   12000.00   422.86      21.443  102.2352    -2012.15    22115.75
   12120.00   423.52      12.949  101.8420    -2124.81    22081.93
   12240.00   415.63     -22.892  101.4705    -2302.32    22054.25
   12360.00   417.09      13.801  101.0848    -2277.77    22045.59
   12480.00   426.89      12.162  100.7051    -2114.40    22028.31
   12600.00   427.50     -13.366  100.3283    -2085.88    22074.75
   12720.00   415.17      17.733   99.9470    -2360.26    21989.68
   12840.00   417.73      -5.239   99.5910    -2290.44    22071.21
   12960.00   427.78      -5.379   99.2364    -2196.19    22059.74
   13080.00   425.39       3.868   98.8755    -2217.39    22125.85
   13200.00   417.81     -10.412   98.5136    -2477.09    22101.03
   13320.00   411.35       2.176   98.1447    -2604.92    22042.72
   13440.00   422.85       2.375   97.7730    -2304.69    22094.58
   13560.00   432.29       6.331   97.3976    -2103.18    22125.58
   13680.00   424.68     -11.480   97.0263    -2407.73    22031.18
   13800.00   411.07      -5.321   96.6589    -2600.55    22139.97
   13920.00   414.82      20.338   96.2900    -2607.74    22097.54
   14040.00   425.57       7.462   95.9336    -2373.67    22083.39
   14160.00   431.45     -17.029   95.5853    -2253.92    22121.34
   14280.00   421.49     -17.258   95.2230    -2406.14    22209.92
   14400.00   411.84      22.064   94.8563    -2547.27    22296.30
   14520.00   416.60      17.328   94.5126    -2549.97    22199.11
   14640.00   428.03       2.052   94.1825    -2260.46    22212.98
   14760.00   431.69      -9.239   93.8513    -2202.29    22258.92
   14880.00   417.86      -4.796   93.5171    -2520.36    22252.80
   15000.00   413.80       5.192   93.1915    -2785.98    22172.54
   15120.00   416.89      -4.219   92.8698    -2609.49    22268.26
   15240.00   426.02      10.070   92.5336    -2385.07    22246.65
   15360.00   429.06     -31.705   92.1891    -2350.70    22218.23
   15480.00   420.34      -9.096   91.8233    -2486.91    22288.75
   15600.00   414.01       0.247   91.4673    -2634.02    22299.39
   15720.00   419.94     -23.358   91.1042    -2648.11    22223.01
   15840.00   425.81     -10.984   90.7247    -2461.24    22295.36
   15960.00   423.20      15.477   90.3457    -2464.83    22320.17
   16080.00   420.82      -2.848   89.9746    -2487.50    22436.91
   16200.00   413.42     -15.699   89.6051    -2678.84    22352.33
   16320.00   423.84     -18.074   89.2193    -2664.65    22266.63
   16440.00   425.62     -23.262   88.8133    -2585.60    22317.57
   16560.00   420.12      -8.569   88.3945    -2775.72    22280.69
   16680.00   416.91     -61.060   87.9728    -2919.25    22289.58
   16800.00   416.38      30.611   87.5243    -2827.24    22404.49
   16920.00   420.08      45.953   87.0873    -2714.66    22418.39
   17040.00   424.73     -23.319   86.6735    -2716.25    22332.60
   17160.00   423.54     -12.514   86.2588    -2862.26    22268.29
   17280.00   414.84      -6.670   85.8396    -2951.71    22357.54
   17400.00   415.03     -46.187   85.4024    -2897.95    22408.84
   17520.00   424.88     -29.896   84.9453    -2693.35    22453.00
   17640.00   426.02      11.860   84.4724    -2713.29    22467.69
   17760.00   417.03      29.074   84.0128    -2961.27    22492.64
   17880.00   410.25      19.180   83.5780    -3265.79    22340.68
   18000.00   417.45       4.539   83.1513    -3077.13    22348.41
   18120.00   429.88      54.704   82.7299    -2770.89    22407.93
   18240.00   427.81      -0.662   82.3311    -2881.64    22410.44
   18360.00   413.60     -22.307   81.9451    -3111.81    22533.76
   18480.00   408.98     -74.009   81.5566    -3252.85    22503.85
   18600.00   418.18      18.259   81.1336    -2969.20    22514.93
   18720.00   433.24      26.196   80.6971    -2661.18    22500.47
   18840.00   429.35       1.503   80.2694    -2867.73    22471.98
   18960.00   410.39      37.063   79.8659    -3313.84    22501.09
   19080.00   406.93      49.843   79.4932    -3357.75    22580.22
   19200.00   423.77      30.941   79.1427    -3050.33    22561.58
   19320.00   432.50     -14.985   78.7965    -2785.00    22588.05
   19440.00   424.14     -27.206   78.4527    -2854.64    22711.25
   19560.00   414.84     -31.230   78.1134    -3368.95    22512.38
   19680.00   406.98      21.132   77.7660    -3545.04    22394.78
   19800.00   423.59     -22.239   77.4081    -3105.71    22475.78
   19920.00   434.51     -44.635   77.0335    -2841.54    22496.22
   20040.00   424.98      49.337   76.6513    -3100.93    22504.89
   20160.00   411.45     -25.485   76.2930    -3512.09    22497.04
   20280.00   408.69      39.466   75.9449    -3475.86    22585.58
   20400.00   425.22       3.975   75.6044    -3109.40    22635.68
   20520.00   430.59      -9.336   75.2605    -3000.75    22580.94
   20640.00   425.26      -7.009   74.9119    -3239.08    22576.79
   20760.00   407.57       5.512   74.5663    -3446.89    22706.69
   20880.00   415.35      37.281   74.2264    -3249.65    22844.61
   21000.00   426.96      -5.012   73.8945    -3057.47    22776.99
   21120.00   427.85      -8.968   73.5671    -3074.52    22714.40
   21240.00   419.45      22.395   73.2444    -3364.39    22618.00
   21360.00   415.89      -7.704   72.9306    -3319.13    22807.51
   21480.00   417.83     -18.025   72.6137    -3344.89    22757.02
   21600.00   422.06     -20.435   72.2871    -3105.97    22868.69
   21720.00   428.99     -57.976   71.9522    -3056.32    22900.15
   21840.00   420.16     -10.894   71.6063    -3240.38    22956.55
   21960.00   412.91     -17.574   71.2648    -3517.95    22920.32
   22080.00   415.01     134.505   70.9330    -3339.38    23060.65
   22200.00   426.31      -3.550   70.6272    -3094.58    23081.38
   22320.00   426.91     -47.701   70.3218    -3056.75    23086.75
   22440.00   423.84      35.491   70.0126    -3375.70    22985.18
   22560.00   413.99      80.500   69.7241    -3682.90    22952.76
   22680.00   413.29      62.608   69.4591    -3661.63    22985.43
   22800.00   423.60      67.624   69.2122    -3323.77    23067.25
   22920.00   430.63      44.255   68.9794    -3183.80    23043.51
   23040.00   424.95      73.185   68.7652    -3387.59    22992.72
   23160.00   414.60     -35.312   68.5695    -3682.46    22946.41
   23280.00   417.79     -70.070   68.3709    -3663.55    22954.82
   23400.00   424.08     -14.185   68.1516    -3578.56    22867.64
   23520.00   427.43       3.861   67.9237    -3524.39    22847.77
   23640.00   422.98     -36.341   67.6985    -3636.01    22881.33
   23760.00   416.71      37.243   67.4690    -3849.45    22846.86
   23880.00   418.16      -9.526   67.2459    -3762.92    22945.14
   24000.00   423.22     -36.398   67.0282    -3622.45    22967.37
   24120.00   426.84       9.839   66.8036    -3371.50    23147.79
   24240.00   421.74      47.463   66.5748    -3541.44    23098.54
   24360.00   416.30      -5.352   66.3580    -3545.64    23206.70
   24480.00   422.65    -118.740   66.1384    -3725.01    22969.70
   24600.00   424.34     -27.796   65.8966    -3754.35    22912.19
   24720.00   420.20      13.933   65.6484    -3787.46    22946.57
   24840.00   419.92      16.720   65.4017    -3736.44    23021.61
   24960.00   423.40      80.886   65.1634    -3725.96    23006.98
   25080.00   421.95     -41.311   64.9411    -3670.60    23102.67
   25200.00   420.54      33.924   64.7210    -3546.52    23278.31
   25320.00   423.34     -86.729   64.5042    -3670.79    23193.64
   25440.00   417.35      23.297   64.2713    -3664.21    23264.35
   25560.00   423.87       8.220   64.0395    -3657.17    23219.05
   25680.00   420.75       0.085   63.8067    -3754.12    23099.61
   25800.00   422.02     -48.301   63.5728    -3597.96    23254.66
   25920.00   420.87       0.551   63.3348    -3687.70    23185.99
   26040.00   423.60     -18.703   63.0960    -3634.14    23259.13
   26160.00   420.16     -94.094   62.8555    -3693.34    23284.55
   26280.00   416.82     -62.065   62.6016    -3905.68    23126.36
   26400.00   420.88     -48.674   62.3353    -3790.35    23155.68
   26520.00   425.60     106.971   62.0665    -3873.49    22992.20
   26640.00   425.27     122.032   61.8158    -3665.60    23302.01
   26760.00   417.48      15.857   61.5837    -3827.67    23353.86
   26880.00   415.20     -16.317   61.3619    -3920.96    23339.96
   27000.00   421.34     -34.480   61.1362    -3916.38    23214.19
   27120.00   428.80       3.518   60.9006    -3745.05    23271.48
   27240.00   424.81      13.645   60.6683    -3989.98    23168.87
   27360.00   415.16      33.809   60.4415    -4219.00    23182.57
   27480.00   416.59      91.333   60.2252    -4282.83    23139.02
   27600.00   425.34     -84.785   60.0202    -4082.61    23203.87
   27720.00   424.73      -3.132   59.8048    -3973.97    23294.25
   27840.00   422.14     -20.851   59.5902    -3923.12    23452.35
   27960.00   415.47      15.974   59.3782    -4014.13    23470.40
   28080.00   416.65     -11.066   59.1705    -3831.15    23550.49
   28200.00   428.40     167.214   58.9610    -3614.48    23538.36
   28320.00   428.29    -158.658   58.7557    -3843.44    23307.31
   28440.00   420.29    -186.000   58.5405    -4119.43    23261.34
   28560.00   413.29    -172.724   58.3053    -4127.28    23440.78
   28680.00   416.34      86.418   58.0486    -3992.26    23501.85
   28800.00   426.50     130.106   57.7959    -3755.90    23512.66
   28920.00   428.06     -48.853   57.5608    -3873.00    23379.90
   29040.00   420.39      74.020   57.3278    -3850.29    23626.23
   29160.00   416.61     -66.073   57.0997    -4028.42    23645.51
   29280.00   415.69      37.209   56.8669    -4028.82    23673.24
   29400.00   423.26     130.684   56.6423    -3766.03    23785.64
   29520.00   426.16     129.540   56.4316    -3794.73    23667.33
   29640.00   426.09     -70.012   56.2341    -4108.34    23463.01
   29760.00   418.20     -79.901   56.0394    -4217.43    23604.93
   29880.00   412.94     115.200   55.8429    -4313.72    23615.90
   30000.00   423.86     201.123   55.6580    -3966.87    23804.69
   30120.00   428.39      36.390   55.4878    -3695.41    23975.48
   30240.00   426.19     -11.369   55.3282    -3882.94    23910.42
   30360.00   416.63     127.417   55.1768    -4222.14    23815.10
   30480.00   414.07      -7.407   55.0374    -4531.61    23562.96
   30600.00   423.85      19.032   54.8994    -4053.16    23820.40
   30720.00   431.51      -7.391   54.7586    -3793.62    23918.02
   30840.00   426.75      51.579   54.6181    -3979.81    23908.91
   30960.00   413.41      -3.812   54.4878    -4282.95    23910.79
   31080.00   414.92    -190.316   54.3609    -4184.61    24005.60
   31200.00   424.28      52.146   54.2169    -4056.18    23860.68
   31320.00   431.92      20.103   54.0679    -3752.97    24000.44
   31440.00   422.37     -60.186   53.9217    -3935.11    23972.98
   31560.00   423.13      87.872   53.7772    -4204.25    23899.54
   31680.00   418.92      17.966   53.6436    -4450.74    23852.98
   31800.00   416.05      -4.812   53.5148    -4441.47    23941.59
   31920.00   420.60     -99.926   53.3830    -4214.46    24022.55
   32040.00   430.46     -86.923   53.2389    -4150.26    23907.23
   32160.00   424.28      75.193   53.0873    -4328.45    23823.59
   32280.00   419.40    -152.321   52.9390    -4581.70    23762.17
   32400.00   417.57     -33.745   52.7822    -4427.93    23988.84
   32520.00   420.00      -7.639   52.6237    -4315.48    24034.65
   32640.00   428.38     229.735   52.4679    -4162.46    24077.86
   32760.00   425.11     162.422   52.3289    -4388.49    23943.39
   32880.00   419.77     101.075   52.2057    -4454.07    24085.49
   33000.00   414.85     -20.738   52.0918    -4746.84    23874.10
   33120.00   422.23     -76.636   51.9788    -4387.74    24066.57
   33240.00   427.54     -79.999   51.8543    -4172.91    24107.28
   33360.00   429.51     109.169   51.7247    -4077.54    24225.57
   33480.00   418.43     233.891   51.6144    -4212.74    24347.08
   33600.00   414.07    -151.921   51.5162    -4572.50    24103.56
   33720.00   424.31      83.483   51.4157    -4312.25    24178.40
   33840.00   431.06     231.034   51.3272    -4035.42    24325.18
   33960.00   422.13     -11.178   51.2511    -4189.34    24328.62
   34080.00   416.94    -170.183   51.1710    -4544.59    24127.81
   34200.00   422.03    -146.735   51.0788    -4473.53    24175.67
   34320.00   421.55      76.399   50.9754    -4134.62    24436.57
   34440.00   425.15      55.279   50.8749    -3994.64    24479.78
   34560.00   426.47    -170.481   50.7729    -4241.36    24237.86
   34680.00   422.87    -171.697   50.6606    -4325.58    24298.22
   34800.00   417.43     -58.464   50.5370    -4183.74    24588.91
   34920.00   416.57     123.222   50.4036    -4232.77    24499.70
   35040.00   426.94     121.512   50.2824    -4209.24    24305.31
   35160.00   429.88      87.117   50.1747    -3993.90    24459.31
   35280.00   425.15     -95.833   50.0724    -4237.93    24439.00
   35400.00   412.76     -44.950   49.9657    -4433.65    24509.32
   35520.00   418.28     -80.527   49.8537    -4452.05    24440.24
   35640.00   427.56     188.781   49.7409    -4225.11    24474.56
   35760.00   428.19     199.130   49.6388    -4406.58    24290.43
   35880.00   421.45     104.636   49.5505    -4692.19    24196.86
   36000.00   415.03    -202.856   49.4700    -4773.99    24247.00
   36120.00   421.24    -115.268   49.3789    -4605.65    24285.89
   36240.00   429.52      96.479   49.2811    -4543.45    24169.28
   36360.00   426.96    -225.394   49.1834    -4625.71    24166.47
   36480.00   419.92     -46.466   49.0740    -4608.97    24411.39
   36600.00   415.94    -134.978   48.9584    -4543.18    24610.82
   36720.00   419.10    -303.093   48.8323    -4582.86    24482.19
   36840.00   425.14    -161.670   48.6886    -4385.96    24477.44
   36960.00   430.06      89.171   48.5325    -4110.20    24704.55
   37080.00   422.21     202.041   48.3804    -4478.10    24567.41
   37200.00   415.69     -18.748   48.2449    -4772.14    24494.64
   37320.00   417.15     161.182   48.1114    -4523.20    24736.23
   37440.00   424.61    -142.189   47.9836    -4468.91    24615.76
   37560.00   428.66     155.590   47.8510    -4296.43    24714.36
   37680.00   425.17     392.747   47.7300    -4529.35    24631.76
   37800.00   415.17     -65.783   47.6371    -4797.60    24585.54
   37920.00   416.21     354.009   47.5449    -4696.69    24656.62
   38040.00   425.31     381.590   47.4684    -4253.48    24840.17
   38160.00   434.21    -268.189   47.4121    -4320.91    24634.01
   38280.00   424.16     -56.694   47.3552    -4375.84    24828.21
   38400.00   416.34    -307.600   47.2889    -4840.71    24666.35
   38520.00   416.18     -28.593   47.2070    -4799.06    24759.23
   38640.00   421.25      55.970   47.1216    -4619.93    24762.68
   38760.00   429.39     285.154   47.0382    -4069.18    25121.81
   38880.00   429.29      38.564   46.9683    -4068.29    25172.22
   39000.00   419.11     209.079   46.9069    -4368.20    25122.99
   39120.00   418.95      -7.665   46.8532    -4543.82    25073.28
   39240.00   421.28     -70.349   46.7974    -4589.74    25005.89
   39360.00   425.24     104.081   46.7367    -4684.90    24840.62
   39480.00   423.40     200.167   46.6820    -4657.98    24866.66
   39600.00   422.98    -109.987   46.6383    -4600.80    24957.63
   39720.00   421.37      34.576   46.5921    -4639.46    24951.89
   39840.00   425.41     -83.732   46.5441    -4653.00    24934.36
   39960.00   420.37      -8.193   46.4929    -4706.30    24918.87
   40080.00   423.25      31.183   46.4397    -4484.32    25130.04
   40200.00   423.92     161.433   46.3954    -4530.24    25087.52
   40320.00   421.04     231.450   46.3642    -4512.61    25134.78
   40440.00   423.96     109.481   46.3442    -4608.62    25016.86
   40560.00   424.11      96.413   46.3278    -4572.01    25053.45
   40680.00   422.22     322.535   46.3207    -4399.37    25271.24
   40800.00   422.31     188.585   46.3299    -4647.74    25030.36
   40920.00   422.06    -214.074   46.3474    -4671.62    24983.60
   41040.00   424.87    -255.707   46.3561    -4709.47    24900.04
   41160.00   426.49    -219.227   46.3438    -4586.58    25050.52
   41280.00   423.99     -95.039   46.3190    -4655.03    25133.29
   41400.00   417.75    -210.311   46.2898    -4948.99    24996.91
   41520.00   420.93       7.485   46.2534    -4799.85    25143.09
   41640.00   423.49     361.027   46.2212    -4753.29    25095.16
   41760.00   426.04     155.781   46.2081    -4930.56    24845.14
   41880.00   424.99      11.003   46.2033    -4722.02    25087.22
   42000.00   423.40      13.294   46.2008    -5095.94    24834.94
   42120.00   419.61     -87.338   46.1966    -5137.28    24918.99
   42240.00   419.69     -84.918   46.1852    -4738.99    25318.95
   42360.00   425.80     132.940   46.1709    -4632.35    25320.81
   42480.00   423.77      78.370   46.1665    -4556.93    25357.91
   42600.00   426.00     288.124   46.1678    -4527.98    25418.75
   42720.00   420.46      18.266   46.1774    -4590.22    25464.61
   42840.00   421.62    -318.620   46.1894    -4722.88    25361.81
   42960.00   423.05      -1.939   46.1921    -4536.11    25512.44
   43080.00   422.96    -267.188   46.1888    -4884.99    25136.80
   43200.00   422.82     -55.794   46.1727    -4768.03    25238.28
   43320.00   425.95     -57.679   46.1493    -4693.87    25293.36
   43440.00   424.84     -76.705   46.1196    -4523.54    25536.03
   43560.00   418.42       2.675   46.0862    -4708.43    25476.98
   43680.00   422.53      47.050   46.0558    -4645.96    25544.34
   43800.00   424.21    -100.383   46.0300    -4776.19    25383.47
   43920.00   424.21      79.024   46.0017    -4748.28    25422.20
   44040.00   422.48     221.957   45.9770    -4561.20    25664.54
   44160.00   422.80      18.218   45.9605    -4603.55    25674.58
   44280.00   421.21     -68.355   45.9454    -4727.16    25569.99
   44400.00   424.57     -58.269   45.9264    -4683.40    25577.08
   44520.00   423.96     167.081   45.9048    -4848.10    25417.57
   44640.00   421.07      -9.226   45.8918    -4938.38    25368.66
   44760.00   425.08     183.421   45.8845    -4643.57    25659.88
   44880.00   422.59      12.337   45.8858    -4553.18    25795.14
   45000.00   421.41    -371.969   45.8837    -4822.09    25574.08
   45120.00   419.99    -151.381   45.8630    -4704.93    25661.50
   45240.00   426.74     121.668   45.8331    -4513.81    25743.82
   45360.00   427.15      62.101   45.8105    -4421.35    25847.15
   45480.00   421.97    -129.444   45.7893    -4813.50    25603.14
   45600.00   419.30     -49.821   45.7621    -4824.63    25699.59
   45720.00   420.98       2.472   45.7311    -4825.02    25688.76
   45840.00   424.13    -139.699   45.6990    -4853.13    25581.84
   45960.00   427.52     135.449   45.6628    -4630.39    25768.63
   46080.00   423.81     -63.293   45.6324    -4589.81    25937.59
   46200.00   418.20      17.475   45.6038    -4754.51    25916.15
   46320.00   420.29      17.351   45.5739    -4799.10    25844.39
   46440.00   426.43      56.612   45.5435    -4892.26    25638.10
   46560.00   424.58     172.837   45.5165    -4902.88    25623.45
   46680.00   423.71    -183.454   45.4956    -4975.49    25626.87
   46800.00   418.83      74.548   45.4719    -4996.42    25688.10
   46920.00   423.29     -67.916   45.4468    -4816.64    25826.80
   47040.00   423.33     115.066   45.4170    -4538.92    26039.87
   47160.00   427.18     286.081   45.3951    -4419.68    26147.02
   47280.00   424.17    -136.629   45.3837    -4683.59    26009.58
   47400.00   419.45      11.958   45.3677    -4825.78    26020.19
   47520.00   419.30     181.366   45.3550    -4887.52    25990.03
   47640.00   424.78     -17.772   45.3521    -5029.70    25750.59
   47760.00   425.33     199.890   45.3484    -4911.50    25830.19
   47880.00   422.76      45.225   45.3526    -4906.55    25887.62
   48000.00   422.60    -358.765   45.3609    -5291.56    25545.04
   48120.00   420.08    -354.847   45.3518    -5236.94    25602.26
   48240.00   427.20    -162.967   45.3223    -4982.16    25782.06
   48360.00   424.21    -240.215   45.2820    -5033.51    25773.20
   48480.00   420.04     344.090   45.2373    -5058.31    25862.03
   48600.00   421.55       0.827   45.1991    -5003.83    25937.55
   48720.00   422.75      84.957   45.1614    -4736.70    26165.96
   48840.00   425.24      85.342   45.1277    -4741.81    26123.90
   48960.00   425.36     383.100   45.1066    -4888.77    26013.85
   49080.00   421.89      42.801   45.1015    -5030.24    25993.37
   49200.00   422.96    -113.997   45.0996    -5000.24    26112.35
   49320.00   418.64    -104.476   45.0943    -5101.03    26058.35
   49440.00   422.85     -89.920   45.0838    -5095.14    25982.54
   49560.00   424.23      19.823   45.0680    -4853.61    26131.10
   49680.00   428.04    -173.848   45.0490    -4811.80    26155.90
   49800.00   422.42     -99.205   45.0224    -5082.20    26009.77
   49920.00   418.96     160.616   44.9936    -5191.73    26008.12
   50040.00   421.88      47.361   44.9696    -4989.92    26186.10
   50160.00   424.43      -2.994   44.9515    -4896.83    26219.29
   50280.00   424.13      13.091   44.9351    -4879.74    26218.88
   50400.00   424.19    -195.978   44.9149    -4714.30    26427.25
   50520.00   422.07      41.277   44.8885    -4703.57    26508.88
   50640.00   420.23     146.547   44.8644    -4562.78    26681.54
   50760.00   424.35     333.214   44.8464    -4567.65    26621.51
   50880.00   427.96     224.088   44.8452    -4819.63    26364.85
   51000.00   423.63     -15.319   44.8565    -4887.89    26458.95
   51120.00   415.43     284.877   44.8700    -5221.58    26285.87
   51240.00   419.26      23.900   44.8938    -5005.46    26426.73
   51360.00   425.69      84.451   44.9237    -4913.13    26294.63
   51480.00   432.30    -431.023   44.9504    -4705.23    26396.86
   51600.00   423.15    -372.361   44.9566    -5068.17    26240.53
   51720.00   415.74    -190.644   44.9460    -5341.79    26163.67
   51840.00   420.62    -448.675   44.9215    -5151.15    26309.09
   51960.00   423.76     -30.237   44.8785    -4753.22    26554.62
   52080.00   429.37    -163.927   44.8286    -4738.32    26477.15
   52200.00   423.15    -212.396   44.7663    -4905.45    26425.84
   52320.00   418.96      98.943   44.6992    -4860.82    26613.56
   52440.00   422.66     -41.925   44.6363    -4981.25    26519.11
   52560.00   421.65     -24.223   44.5763    -4726.31    26767.28
   52680.00   424.69     332.479   44.5158    -4648.31    26831.41
   52800.00   421.52     187.364   44.4686    -4779.47    26715.21
   52920.00   423.47     -36.704   44.4291    -4970.64    26521.54
   53040.00   426.12     -33.519   44.3893    -4765.93    26747.09
   53160.00   418.64     534.971   44.3566    -4802.84    26791.85
   53280.00   424.62     186.070   44.3448    -4791.96    26795.95
   53400.00   424.32     148.147   44.3458    -4902.57    26708.32
   53520.00   423.35    -243.708   44.3473    -5016.23    26671.73
   53640.00   420.27     -48.289   44.3382    -5095.86    26658.14
   53760.00   419.90      -5.384   44.3273    -5233.01    26498.60
   53880.00   425.77    -153.801   44.3155    -4788.57    26829.74
   54000.00   428.03     147.181   44.3017    -4711.30    26876.56
   54120.00   425.14    -211.761   44.2909    -4799.97    26937.05
   54240.00   415.77     193.120   44.2744    -4894.48    27018.77
   54360.00   421.38    -254.414   44.2584    -4735.33    27152.52
   54480.00   422.81    -153.294   44.2300    -4468.10    27305.95
   54600.00   427.39      46.849   44.1951    -4645.63    27028.49
   54720.00   427.22    -111.502   44.1619    -4713.80    27043.68
   54840.00   418.33     273.689   44.1273    -4983.33    26969.59
   54960.00   420.23     -90.405   44.1031    -5180.37    26821.91
   55080.00   422.13     386.012   44.0814    -5016.18    26912.85
   55200.00   427.22     -57.687   44.0681    -4776.71    27075.90
   55320.00   425.14     195.059   44.0564    -4768.55    27146.20
   55440.00   421.33    -218.567   44.0495    -5215.42    26843.65
   55560.00   418.18     140.825   44.0397    -5203.93    26914.55
   55680.00   422.36     286.446   44.0373    -4999.00    27023.96
   55800.00   429.67     144.453   44.0478    -4943.61    26974.17
   55920.00   424.45    -185.791   44.0631    -5210.35    26823.39
   56040.00   417.06    -236.931   44.0733    -5191.46    27011.51
   56160.00   423.16     -90.094   44.0758    -5082.49    27107.29
   56280.00   423.73      57.346   44.0709    -5001.46    27131.18
   56400.00   424.96     320.154   44.0677    -5103.11    27017.03
   56520.00   422.48     100.644   44.0759    -4942.18    27224.29
   56640.00   421.98     171.822   44.0940    -4840.87    27354.96
   56760.00   425.17      28.295   44.1184    -4808.69    27394.71
   56880.00   423.16     269.969   44.1476    -4988.01    27273.59
   57000.00   423.13    -182.885   44.1850    -4942.03    27403.06
   57120.00   417.43    -512.189   44.2133    -5238.74    27166.94
   57240.00   423.84    -397.025   44.2171    -5187.14    27102.89
   57360.00   428.83    -162.575   44.1998    -5001.79    27201.98
   57480.00   424.62      91.105   44.1737    -5080.47    27255.67
   57600.00   417.27    -159.866   44.1500    -4958.22    27538.89
   57720.00   419.20     -54.873   44.1218    -4988.10    27479.32
   57840.00   424.32     -91.762   44.0892    -4886.12    27427.38
   57960.00   428.93     486.834   44.0600    -5016.68    27205.29
   58080.00   426.18      31.467   44.0463    -5116.97    27213.17
   58200.00   419.10    -279.244   44.0328    -5280.29    27259.52
   58320.00   416.50    -112.115   44.0131    -5260.32    27337.07
   58440.00   424.32    -127.128   43.9874    -5023.76    27429.48
   58560.00   428.58     -72.525   43.9512    -4902.94    27447.13
   58680.00   425.22    -135.702   43.9112    -5227.90    27219.63
   58800.00   418.32    -134.315   43.8678    -5161.49    27455.01
   58920.00   420.15     228.047   43.8202    -4977.47    27660.72
   59040.00   424.81     328.490   43.7802    -4913.85    27638.72
   59160.00   424.22     228.276   43.7503    -4862.26    27667.41
   59280.00   423.88     234.557   43.7315    -4823.31    27732.27
   59400.00   422.88      40.006   43.7258    -5121.66    27483.42
   59520.00   420.88     225.425   43.7268    -5156.97    27489.99
   59640.00   422.84     109.925   43.7349    -5198.16    27439.23
   59760.00   425.42    -412.193   43.7483    -5371.82    27255.03
   59880.00   423.00    -431.155   43.7447    -5569.66    27100.70
   60000.00   420.09     221.068   43.7243    -5270.08    27445.41
   60120.00   424.02     -58.379   43.7054    -5115.82    27571.72
   60240.00   423.73     511.338   43.6899    -5238.06    27434.46
   60360.00   424.94     401.071   43.6946    -5071.73    27622.23
   60480.00   419.43     236.289   43.7212    -5195.80    27551.42
   60600.00   423.20    -528.963   43.7575    -5374.18    27340.95
   60720.00   422.45    -280.049   43.7740    -5159.42    27529.60
   60840.00   424.12    -115.744   43.7729    -4985.68    27665.04
   60960.00   425.59       0.734   43.7685    -5091.22    27553.42
   61080.00   424.38      26.808   43.7639    -5157.52    27590.53
   61200.00   419.04    -155.430   43.7586    -5412.22    27468.77
   61320.00   420.34     370.510   43.7495    -5341.93    27532.76
   61440.00   424.05    -324.219   43.7453    -5077.61    27677.97
   61560.00   427.61     145.552   43.7358    -4922.77    27757.87
   61680.00   428.69      79.500   43.7336    -4848.16    27945.31
   61800.00   417.62    -190.170   43.7353    -5005.88    28067.93
   61920.00   413.10    -138.944   43.7305    -5276.29    27876.78
   62040.00   422.92     101.200   43.7167    -5179.66    27722.83
   62160.00   431.51     160.209   43.7035    -4752.32    27904.23
   62280.00   431.33      62.190   43.6988    -4819.26    27914.72
   62400.00   416.51     117.185   43.6993    -5251.58    27800.70
   62520.00   414.86    -176.798   43.6991    -5278.70    27872.26
   62640.00   424.74    -233.229   43.6927    -5216.86    27753.26
   62760.00   429.74     216.632   43.6826    -4998.95    27847.23
   62880.00   426.16      13.946   43.6777    -4962.60    28006.76
   63000.00   420.18    -367.525   43.6754    -5290.26    27912.81
   63120.00   414.75    -100.785   43.6577    -5648.07    27661.97
   63240.00   419.61     -99.481   43.6302    -5123.44    28006.85
   63360.00   431.28     255.132   43.5997    -4929.91    27925.72
   63480.00   430.62      70.958   43.5748    -4881.36    28001.62
   63600.00   420.37     141.717   43.5570    -5175.05    28007.41
   63720.00   415.69    -211.499   43.5461    -5446.01    27931.90
   63840.00   419.68     -84.481   43.5319    -5317.23    27995.36
   63960.00   425.10     273.257   43.5127    -4884.90    28227.47
   64080.00   430.85      -4.405   43.5003    -5178.62    27825.96
   64200.00   426.68     169.309   43.4898    -5364.12    27819.12
   64320.00   415.72     178.909   43.4852    -5514.52    27940.97
   64440.00   418.76     -68.333   43.4876    -5299.25    28190.36
   64560.00   422.76     176.449   43.4928    -5310.60    28034.62
   64680.00   428.31     312.745   43.5065    -5291.76    27930.14
   64800.00   424.61     286.695   43.5341    -5232.70    28052.63
   64920.00   420.17      44.884   43.5740    -5339.52    28070.08
   65040.00   418.44    -326.827   43.6159    -5335.83    28081.94
   65160.00   424.91    -291.943   43.6475    -5174.48    28108.92
   65280.00   427.55    -103.104   43.6672    -5195.33    28019.83
   65400.00   424.01    -264.580   43.6777    -5254.39    28049.02
   65520.00   420.14     -11.284   43.6763    -5260.59    28176.81
   65640.00   419.72     263.710   43.6729    -4940.13    28520.52
   65760.00   425.60     -92.194   43.6784    -4957.73    28431.69
   65880.00   424.55     -75.871   43.6840    -4768.07    28629.97
   66000.00   422.08      56.305   43.6868    -4978.72    28476.72
   66120.00   420.49    -209.048   43.6878    -5175.90    28298.00
   66240.00   424.26     -30.829   43.6811    -4948.36    28462.13
   66360.00   425.84    -235.109   43.6711    -4772.59    28602.08
   66480.00   422.27    -157.820   43.6516    -5089.10    28346.42
   66600.00   422.66    -223.814   43.6215    -5132.48    28362.18
   66720.00   424.31     241.819   43.5857    -4926.67    28627.18
   66840.00   420.57     114.324   43.5576    -4846.84    28786.79
   66960.00   421.09       6.852   43.5352    -5032.38    28601.11
   67080.00   424.88     -48.576   43.5166    -5029.28    28537.80
   67200.00   425.25     559.338   43.4985    -4941.41    28628.95
   67320.00   422.95    -168.288   43.4968    -5015.26    28649.55
   67440.00   419.98     201.883   43.4979    -5183.16    28540.46
   67560.00   425.91    -108.716   43.5000    -5292.96    28413.52
   67680.00   422.65     347.095   43.5041    -5411.44    28353.16
   67800.00   419.79    -474.902   43.5147    -5452.14    28360.81
   67920.00   421.63     -38.334   43.5079    -5223.39    28527.22
   68040.00   424.79     -73.725   43.4953    -5079.36    28566.33
   68160.00   427.53      78.534   43.4803    -5186.50    28438.85
   68280.00   423.72    -205.360   43.4663    -5289.91    28453.89
   68400.00   418.07    -119.354   43.4502    -5546.42    28332.07
   68520.00   422.14     -64.551   43.4269    -5294.39    28557.82
   68640.00   424.75    -109.071   43.4004    -5096.19    28674.08
   68760.00   425.31     228.354   43.3732    -5057.51    28703.01
   68880.00   423.89      35.927   43.3515    -5166.40    28663.20
   69000.00   421.58      -9.106   43.3329    -5272.72    28660.01
   69120.00   421.13     -74.161   43.3120    -5336.35    28647.40
   69240.00   422.05     157.986   43.2900    -5273.69    28689.94
   69360.00   425.83    -354.057   43.2668    -5315.69    28611.56
   69480.00   422.77     361.220   43.2353    -5303.42    28682.88
   69600.00   423.14     -42.575   43.2157    -5348.85    28701.77
   69720.00   418.26     331.456   43.2001    -5305.92    28766.74
   69840.00   426.51     130.217   43.1916    -5406.29    28583.67
   69960.00   426.02     -94.081   43.1894    -5437.99    28560.87
   70080.00   423.19     156.555   43.1877    -5387.48    28727.44
   70200.00   418.80     332.488   43.1950    -5393.32    28842.32
   70320.00   419.84      52.838   43.2136    -5361.73    28839.12
   70440.00   424.54      66.970   43.2372    -5193.32    28864.06
   70560.00   426.20      26.479   43.2685    -5056.86    28907.42
   70680.00   425.30      55.681   43.3009    -5113.92    28905.60
   70800.00   421.35    -647.553   43.3275    -5233.67    28918.09
   70920.00   419.60    -433.001   43.3308    -5386.82    28829.25
   71040.00   423.79     226.812   43.3212    -5153.34    29014.83
   71160.00   424.82    -184.155   43.3158    -5119.33    29010.00
   71280.00   421.28    -286.870   43.3003    -5450.60    28696.26
   71400.00   424.40     -45.166   43.2739    -5334.60    28801.77
   71520.00   423.37     123.922   43.2464    -5229.57    28932.18
   71640.00   422.73    -136.357   43.2200    -5368.66    28833.94
   71760.00   420.23     262.337   43.1878    -5235.04    28977.49
   71880.00   426.39     121.180   43.1636    -5272.37    28884.13
   72000.00   424.12      41.421   43.1448    -5352.74    28850.13
   72120.00   423.81     143.551   43.1301    -5382.15    28927.76
   72240.00   418.97     361.450   43.1261    -5288.27    29137.25
   72360.00   420.18    -177.761   43.1351    -5526.97    28874.85
   72480.00   423.80     -58.754   43.1402    -5380.65    28879.64
   72600.00   428.85    -323.317   43.1396    -5354.26    28826.82
   72720.00   423.92      66.572   43.1276    -5406.81    28890.60
   72840.00   422.37      26.114   43.1152    -5631.27    28831.22
   72960.00   418.44     221.863   43.1084    -5663.33    28907.22
   73080.00   421.12      11.463   43.1066    -5680.17    28849.51
   73200.00   423.58     228.971   43.1096    -5375.85    29035.39
   73320.00   427.82      93.006   43.1206    -4970.48    29347.50
   73440.00   425.81     309.165   43.1385    -5189.00    29211.80
   73560.00   418.11     274.659   43.1697    -5345.45    29226.39
   73680.00   417.63    -178.584   43.2080    -5523.60    29044.12
   73800.00   425.38    -115.522   43.2392    -5150.20    29239.55
   73920.00   429.29    -326.391   43.2628    -5100.64    29188.90
   74040.00   424.83    -319.090   43.2724    -5399.31    29027.25
   74160.00   416.52    -268.917   43.2694    -5756.45    28849.36
   74280.00   420.75    -343.991   43.2540    -5457.96    29124.98
   74400.00   423.58    -232.364   43.2229    -5254.49    29198.37
   74520.00   427.66       6.703   43.1833    -5180.57    29179.65
   74640.00   426.43     -68.404   43.1426    -5203.24    29239.42
   74760.00   421.39      25.471   43.0994    -5280.77    29370.46
   74880.00   416.53     118.625   43.0565    -5600.93    29190.50
   75000.00   421.15    -146.621   43.0158    -5512.83    29196.46
   75120.00   427.81     123.645   42.9720    -5225.90    29343.42
   75240.00   424.47     285.545   42.9347    -5209.34    29391.05
   75360.00   420.90     393.451   42.9147    -5509.97    29166.24
   75480.00   423.63      81.082   42.9109    -5453.00    29240.56
   75600.00   423.33     334.165   42.9129    -5427.67    29295.54
   75720.00   421.02      81.535   42.9244    -5553.80    29196.64
   75840.00   422.87     282.968   42.9432    -5350.70    29371.97
   75960.00   423.13     225.877   42.9750    -5470.72    29214.85
   76080.00   424.84     122.121   43.0174    -5420.13    29249.98
   76200.00   424.43     281.306   43.0646    -5304.29    29410.51
   76320.00   422.39    -287.755   43.1170    -5365.28    29437.81
   76440.00   418.42    -305.690   43.1592    -5570.93    29287.34
   76560.00   419.97    -173.218   43.1899    -5450.37    29319.39
   76680.00   428.18    -227.955   43.2150    -5288.45    29307.75
   76800.00   427.92    -236.999   43.2307    -5520.91    29068.26
   76920.00   423.27    -156.351   43.2343    -5331.65    29444.18
   77040.00   416.11    -193.806   43.2269    -5237.86    29701.83
   77160.00   420.67     132.067   43.2109    -5293.29    29576.77
   77280.00   428.71    -273.023   43.1971    -4916.80    29815.87
   77400.00   424.61     131.512   43.1805    -4922.58    29855.09
   77520.00   421.84     164.852   43.1684    -5205.23    29692.05
   77640.00   422.25      60.589   43.1621    -5345.24    29630.26
   77760.00   420.75     258.317   43.1581    -5386.72    29614.53
   77880.00   423.47       2.627   43.1600    -5247.90    29728.70
   78000.00   423.32      63.865   43.1639    -5199.81    29753.78
   78120.00   422.39     139.396   43.1688    -5076.41    29841.80
   78240.00   424.57     -95.009   43.1789    -5109.92    29760.59
   78360.00   426.48    -438.467   43.1865    -5390.59    29500.95
   78480.00   419.84     129.639   43.1799    -5420.08    29601.40
   78600.00   418.02    -266.638   43.1725    -5421.17    29615.78
   78720.00   427.58      29.285   43.1609    -5266.70    29643.87
   78840.00   426.33      56.493   43.1507    -4972.95    29958.56
   78960.00   420.44     -89.014   43.1400    -5184.03    29875.25
   79080.00   422.49      10.459   43.1270    -5272.92    29849.45
   79200.00   420.01      -0.569   43.1147    -5279.69    29844.83
   79320.00   422.38     190.480   43.1029    -5047.28    29987.96
   79440.00   427.55     289.345   43.0992    -4989.45    29956.20
   79560.00   425.54      61.335   43.1093    -5111.79    29877.39
   79680.00   422.42    -461.537   43.1207    -5518.61    29629.78
   79800.00   418.16     -19.642   43.1125    -5524.09    29745.47
   79920.00   421.33     236.123   43.0972    -5229.46    29990.36
   80040.00   428.19     185.074   43.0899    -5309.14    29813.39
   80160.00   425.28     225.136   43.0924    -5363.97    29821.90
   80280.00   420.15    -109.280   43.1019    -5472.75    29852.62
   80400.00   418.84      83.199   43.1125    -5322.99    30040.09
   80520.00   424.18     141.985   43.1291    -5223.81    30028.92
   80640.00   424.61     339.114   43.1536    -5239.86    29939.93
   80760.00   426.35     -85.781   43.1897    -5083.61    30125.38
   80880.00   419.91    -270.121   43.2251    -5437.23    29874.04
   81000.00   420.30    -328.743   43.2465    -5366.05    29967.29
   81120.00   426.16    -202.318   43.2537    -5095.51    30173.21
   81240.00   424.08    -245.757   43.2517    -5208.34    30073.59
   81360.00   421.47    -146.445   43.2382    -5259.17    30081.10
   81480.00   421.75    -212.055   43.2179    -5188.07    30160.38
   81600.00   426.71    -176.741   43.1915    -5204.59    30123.15
   81720.00   421.42      18.153   43.1577    -5414.34    30002.73
   81840.00   419.77      86.562   43.1223    -5537.06    29922.69
   81960.00   423.53     203.670   43.0897    -5279.29    30122.72
   82080.00   424.11     126.303   43.0644    -5082.21    30278.58
   82200.00   426.24     323.671   43.0472    -5301.00    30077.23
   82320.00   423.60    -115.891   43.0400    -5404.22    30096.76
   82440.00   419.85    -179.970   43.0288    -5396.88    30229.37
   82560.00   417.65     -65.801   43.0119    -5594.02    30026.94
   82680.00   423.91     -29.601   42.9950    -5529.34    29913.47
   82800.00   430.27     326.909   42.9779    -5155.76    30159.75
   82920.00   429.01     234.079   42.9726    -5162.26    30293.76
   83040.00   415.85     261.791   42.9783    -5320.13    30441.93
   83160.00   415.09     225.677   42.9930    -5556.97    30279.94
   83280.00   425.79     -54.224   43.0156    -5439.16    30206.34
   83400.00   427.72      27.859   43.0387    -5303.51    30211.13
   83520.00   426.88    -394.805   43.0601    -5329.96    30239.54
   83640.00   420.63      83.394   43.0699    -5395.93    30362.93
   83760.00   419.09      -0.753   43.0831    -5340.96    30537.98
   83880.00   418.65    -332.203   43.0951    -5489.63    30337.77
   84000.00   425.83    -559.781   43.0934    -5596.95    30051.19
   84120.00   428.58      33.762   43.0709    -5277.47    30297.96
   84240.00   424.41      58.747   43.0458    -5460.92    30242.14
   84360.00   419.17      83.033   43.0241    -5492.12    30377.38
   84480.00   418.16     -78.958   43.0033    -5510.43    30385.23
   84600.00   424.24     199.273   42.9790    -5484.46    30287.38
   84720.00   427.31     114.140   42.9626    -5225.53    30437.24
   84840.00   424.72     385.788   42.9567    -5379.36    30332.74
   84960.00   421.91    -125.466   42.9599    -5460.71    30379.71
   85080.00   420.14      51.754   42.9597    -5247.22    30666.58
   85200.00   421.79      41.519   42.9612    -5379.99    30505.77
   85320.00   425.56     179.524   42.9708    -5526.66    30307.30
   85440.00   425.43    -292.105   42.9830    -5445.17    30417.17
   85560.00   421.61    -204.125   42.9856    -5564.91    30400.63
   85680.00   420.64     138.326   42.9833    -5596.81    30428.11
   85800.00   423.31      17.807   42.9807    -5312.25    30697.01
   85920.00   423.82    -221.315   42.9783    -5352.17    30646.50
   86040.00   424.13    -155.608   42.9693    -5681.70    30335.66
   86160.00   420.60      -2.547   42.9556    -5630.86    30416.78
   86280.00   423.62     -36.098   42.9390    -5496.74    30510.59
   86400.00   425.54      34.123   42.9177    -5029.82    30968.38
   86520.00   422.30     -15.023   42.8990    -5165.55    30901.86
   86640.00   422.29     169.640   42.8809    -5160.11    30957.18
   86760.00   419.35     231.347   42.8667    -5350.22    30780.20
   86880.00   424.18      26.657   42.8617    -5223.91    30807.68
   87000.00   425.60      74.834   42.8603    -5086.52    30880.86
   87120.00   425.53     -76.304   42.8608    -5314.23    30685.38
   87240.00   423.78     -68.724   42.8580    -5229.01    30888.43
   87360.00   420.05     255.530   42.8575    -5262.11    30991.36
   87480.00   419.64     277.441   42.8694    -5350.27    30946.79
   87600.00   421.67      73.601   42.8909    -5398.92    30816.61
   87720.00   426.72    -105.830   42.9148    -5538.44    30576.19
   87840.00   426.07     -79.509   42.9375    -5286.59    30834.67
   87960.00   423.65     -43.698   42.9567    -5434.91    30793.54
   88080.00   417.36     223.385   42.9722    -5380.21    30968.70
   88200.00   419.60    -113.201   42.9925    -5453.04    30826.07
   88320.00   427.26     -75.608   43.0145    -5074.14    31024.00
   88440.00   427.34    -148.733   43.0323    -5120.76    30943.56
   88560.00   424.06    -176.724   43.0412    -5300.15    30894.07
   88680.00   418.51      86.105   43.0414    -5363.18    30975.32
   88800.00   420.82     -12.990   43.0409    -5347.95    30986.53
   88920.00   424.18    -323.353   43.0399    -5236.47    31013.37
   89040.00   426.37    -231.372   43.0307    -4977.88    31242.39
   89160.00   423.74     255.403   43.0139    -5044.89    31259.67
   89280.00   420.76     301.431   43.0062    -5017.51    31386.33
   89400.00   420.65      63.218   43.0124    -4983.74    31440.52
   89520.00   424.97    -149.565   43.0190    -5152.12    31226.12
   89640.00   422.96    -210.939   43.0161    -5223.87    31137.85
   89760.00   426.92     -86.519   43.0049    -5298.74    31098.02
   89880.00   417.41     122.707   42.9898    -5466.51    31044.76
   90000.00   421.66    -269.032   42.9765    -5446.93    31014.27
   90120.00   424.64    -181.436   42.9523    -5217.02    31125.63
   90240.00   428.37     -46.741   42.9197    -5090.22    31222.76
