121 121 0 -1.2689163749344998e+00
121 121 1 -1.1381633723578206e+01
121 121 2 -3.1622038094738379e+01
121 121 3 -6.2207370365291034e+01
121 121 4 -1.0250765435602227e+02
121 121 5 -1.5314219948688125e+02
121 121 6 -2.1346758743188533e+02
121 121 7 -2.8392208999275670e+02
121 121 8 -3.6523776151254350e+02
121 121 9 -4.5429621312357193e+02
121 121 10 -5.5503435682082159e+02
121 121 11 -6.6568253091369468e+02
121 121 12 -7.8360381952856835e+02
121 121 13 -9.1324510597757535e+02
121 121 14 -1.0490918720084535e+03
121 121 15 -1.2019625574673157e+03
121 121 16 -1.3591720752841743e+03
121 121 17 -1.5276677485155724e+03
121 121 18 -1.7028743382584976e+03
121 121 19 -1.8846000941853022e+03
121 121 20 -2.0830713825993689e+03
121 121 21 -2.2888412876406155e+03
121 121 22 -2.5067608692694967e+03
121 121 23 -2.7238404770844172e+03
121 121 24 -2.9478931650555583e+03
121 121 25 -3.1855634459150056e+03
121 121 26 -3.4250003084464161e+03
121 121 27 -3.6796884295983900e+03
121 121 28 -3.9435250310089446e+03
121 121 29 -4.2133327705232550e+03
121 121 30 -4.5067945862755751e+03
121 121 31 -4.7689226608182653e+03
121 121 32 -5.0439295612479336e+03
121 121 33 -5.3761774351801087e+03
121 121 34 -5.6774959188575076e+03
121 121 35 -5.9670880974303909e+03
121 121 36 -6.3020140293259719e+03
121 121 37 -6.6184586328680698e+03
121 121 38 -6.9461769322823402e+03
121 121 39 -7.2672486758229361e+03
121 121 40 -7.6012641346287483e+03
121 121 41 -7.9846186544939956e+03
121 121 42 -8.3064478813937021e+03
121 121 43 -8.6795566233608879e+03
121 121 44 -9.0260459613784751e+03
121 121 45 -9.4416595068478182e+03
121 121 46 -9.7708327289228946e+03
121 121 47 -1.0129578310619921e+04
121 121 48 -1.0514563412962678e+04
121 121 49 -1.0896674157334903e+04
121 121 50 -1.1265483505597089e+04
121 121 51 -1.1666733766324121e+04
121 121 52 -1.2009923227423029e+04
121 121 53 -1.2402303262797599e+04
121 121 54 -1.2784642989229855e+04
121 121 55 -1.3200124635562330e+04
121 121 56 -1.3540172892563263e+04
121 121 57 -1.3934518815371885e+04
121 121 58 -1.4365792902233294e+04
121 121 59 -1.4701797311686696e+04
121 121 60 -1.5123480288235676e+04
121 121 61 -1.5472348896840995e+04
121 121 62 -1.5860267435628513e+04
121 121 63 -1.6246499417363917e+04
121 121 64 -1.6612007679452105e+04
121 121 65 -1.6989613606752941e+04
121 121 66 -1.7326252298916006e+04
121 121 67 -1.7723575643314678e+04
121 121 68 -1.8107212299469316e+04
121 121 69 -1.8366306859593078e+04
121 121 70 -1.8770546486509978e+04
121 121 71 -1.9115572858375774e+04
121 121 72 -1.9413037010695996e+04
121 121 73 -1.9744434070494328e+04
121 121 74 -2.0042077977911951e+04
121 121 75 -2.0354907941785295e+04
121 121 76 -2.0517335884215277e+04
121 121 77 -2.0899134240146566e+04
121 121 78 -2.1141359659199126e+04
121 121 79 -2.1425330531340296e+04
121 121 80 -2.1583909159363073e+04
121 121 81 -2.1850295983685170e+04
121 121 82 -2.2051341837294556e+04
121 121 83 -2.2321466219731876e+04
121 121 84 -2.2501207126366138e+04
121 121 85 -2.2580409337167403e+04
121 121 86 -2.2736144351642906e+04
121 121 87 -2.3108175229056538e+04
121 121 88 -2.2889011531324286e+04
121 121 89 -2.3061801859544590e+04
121 121 90 -2.3144555986865009e+04
121 121 91 -2.3169982937586268e+04
121 121 92 -2.3217449127066604e+04
121 121 93 -2.3119728147367590e+04
121 121 94 -2.3085747435940681e+04
121 121 95 -2.3060451671760067e+04
121 121 96 -2.3105157043744050e+04
121 121 97 -2.2997786392495418e+04
121 121 98 -2.2840593457539082e+04
121 121 99 -2.2492207654958725e+04
121 121 100 -2.2323592175432546e+04
121 121 101 -2.2099292283666207e+04
121 121 102 -2.1850221102965890e+04
121 121 103 -2.1463476229484731e+04
121 121 104 -2.1135771619031399e+04
121 121 105 -2.0733412731089134e+04
121 121 106 -2.0253179878303308e+04
121 121 107 -1.9772065818800766e+04
121 121 108 -1.9397643024577013e+04
121 121 109 -1.8773954856882370e+04
121 121 110 -1.8123591846737098e+04
121 121 111 -1.7601043812543274e+04
121 121 112 -1.6803366469852997e+04
121 121 113 -1.5991555998913796e+04
121 121 114 -1.5001355995049040e+04
121 121 115 -1.4063756042002235e+04
121 121 116 -1.3468081097244463e+04
121 121 117 -1.2568417035519165e+04
121 121 118 -1.1142019285581440e+04
121 121 119 -9.8985181749264812e+03
121 121 120 -8.7515487937723647e+03
121 121 121 -7.6717624874644889e+03
121 121 122 -6.2737653173748749e+03
121 121 123 -4.8949729295105908e+03
121 121 124 -3.3581095230541691e+03
121 121 125 -1.6984698615544125e+03
121 121 126 -4.4311470976044447e+01
121 121 127 1.4169338186955208e+03
121 121 128 3.3095581412218667e+03
121 121 129 5.4115079281933431e+03
121 121 130 7.3349582613829316e+03
121 121 131 9.4792860960569978e+03
121 121 132 1.1990485979505716e+04
121 121 133 1.4037754130770209e+04
121 121 134 1.6352376563280843e+04
121 121 135 1.8875926166716315e+04
121 121 136 2.1748479097355626e+04
121 121 137 2.4061353570987128e+04
121 121 138 2.7140793292294475e+04
121 121 139 3.0484866563655149e+04
121 121 140 3.3113035195648008e+04
121 121 141 3.6698416745001756e+04
121 121 142 3.9947669969137052e+04
121 121 143 4.3227562550554096e+04
121 121 144 4.6849173836577647e+04
121 121 145 5.1105823602373472e+04
121 121 146 5.4984783546002247e+04
121 121 147 5.9017803566236806e+04
121 121 148 6.3181734947991506e+04
121 121 149 6.7683288638538652e+04
121 121 150 7.2410801098485972e+04
121 121 151 7.7262642823711038e+04
121 121 152 8.1983053261436959e+04
121 121 153 8.7149907564212510e+04
121 121 154 9.2035743286719124e+04
121 121 155 9.7806179598928284e+04
121 121 156 1.0351769126673590e+05
121 121 157 1.0920529301084258e+05
121 121 158 1.1511834890024597e+05
121 121 159 1.2176154179006554e+05
121 121 160 1.2833411480865940e+05
121 121 161 1.3502718939143585e+05
121 121 162 1.4190072645813486e+05
121 121 163 1.4944420588744784e+05
121 121 164 1.5680638939705206e+05
121 121 165 1.6471862277846798e+05
121 121 166 1.7291916564134165e+05
121 121 167 1.8076334676338182e+05
121 121 168 1.8974755706288261e+05
121 121 169 1.9907088357832082e+05
121 121 170 2.0854276265729388e+05
121 121 171 2.1759439326222654e+05
121 121 172 2.2698081811034592e+05
121 121 173 2.3782581066595498e+05
121 121 174 2.4875674812355789e+05
121 121 175 2.5852519227007555e+05
121 121 176 2.6977877934230265e+05
121 121 177 2.8138217388123117e+05
121 121 178 2.9398410616488155e+05
121 121 179 3.0515546406512492e+05
121 121 180 3.1836966412980162e+05
121 121 181 3.3189111702346988e+05
121 121 182 3.4546862551784428e+05
121 121 183 3.5864642093203432e+05
121 121 184 3.7369973639422492e+05
121 121 185 3.8893004466579086e+05
121 121 186 4.0346493814688973e+05
121 121 187 4.1992575341950206e+05
121 121 188 4.3612680771149136e+05
121 121 189 4.5373136520072160e+05
121 121 190 4.7054348576667806e+05
121 121 191 4.8899252660147799e+05
121 121 192 5.0713836698611849e+05
121 121 193 5.2554037377082335e+05
121 121 194 5.4583519319137500e+05
121 121 195 5.6487153609076887e+05
121 121 196 5.8725907752049703e+05
121 121 197 6.0807943571236962e+05
121 121 198 6.3091170794822788e+05
121 121 199 6.5371885679942660e+05
121 121 200 6.7702567506221379e+05
121 121 201 7.0152489144874259e+05
121 121 202 7.2674278148236440e+05
121 121 203 7.5294375805933715e+05
121 121 204 7.7950638762106339e+05
121 121 205 8.0645682357950613e+05
121 121 206 8.3441899697044038e+05
121 121 207 8.6421354692652088e+05
121 121 208 8.9545787038204225e+05
121 121 209 9.2619290370918496e+05
121 121 210 9.5676341305844812e+05
121 121 211 9.9082236280630482e+05
121 121 212 1.0244516117538142e+06
121 121 213 1.0590715695776960e+06
121 121 214 1.0968475122319015e+06
121 121 215 1.1336811879622932e+06
121 121 216 1.1706799610072153e+06
121 121 217 1.2111029270357883e+06
121 121 218 1.2526343691472302e+06
121 121 219 1.2939238591869685e+06
121 121 220 1.3385924367184103e+06
121 121 221 1.3839521028500181e+06
121 121 222 1.4301547292526232e+06
121 121 223 1.4766031875665570e+06
121 121 224 1.5272136826427542e+06
121 121 225 1.5778064464299146e+06
121 121 226 1.6303266626551510e+06
121 121 227 1.6849462952318192e+06
121 121 228 1.7419162224829728e+06
121 121 229 1.7989649050164788e+06
121 121 230 1.8591806373742120e+06
121 121 231 1.9214978723588728e+06
121 121 232 1.9864269107857053e+06
121 121 233 2.0527542614026375e+06
121 121 234 2.1213803342861291e+06
121 121 235 2.1946946732391305e+06
121 121 236 2.2660747253725678e+06
121 121 237 2.3478181967978049e+06
121 121 238 2.4263110672915541e+06
121 121 239 2.5088570455481010e+06
121 121 240 2.6012409029794661e+06
121 121 241 2.6941707924543237e+06
121 121 242 2.7959318197916034e+06

