      .950E+00, .103E+00, .420E-01, .114E-01, .450E-02, .300E-02,            50
      .208E+01, .365E+00, .113E+00, .375E-01, .195E-01, .134E-01,            75
      .368E+01, .990E+00, .300E+00, .104E+00, .577E-01, .365E-01,           100
      .650E+01, .201E+01, .650E+00, .214E+00, .128E+00, .845E-01,           125
      .825E+01, .325E+01, .121E+01, .415E+00, .260E+00, .168E+00,           150
      .870E+01, .452E+01, .189E+01, .765E+00, .450E+00, .289E+00,           175
      .810E+01, .540E+01, .261E+01, .126E+01, .695E+00, .460E+00,           200
      .682E+01, .600E+01, .337E+01, .179E+01, .101E+01, .679E+00,           225
      .493E+01, .622E+01, .407E+01, .230E+01, .135E+01, .935E+00,           250
      .316E+01, .592E+01, .456E+01, .281E+01, .172E+01, .122E+01,           275
      .199E+01, .528E+01, .479E+01, .328E+01, .213E+01, .149E+01,           300
      .113E+01, .450E+01, .484E+01, .361E+01, .249E+01, .179E+01,           325
      .585E+00, .370E+01, .471E+01, .383E+01, .284E+01, .208E+01,           350
      .293E+00, .289E+01, .443E+01, .394E+01, .312E+01, .237E+01,           375
      .138E+00, .205E+01, .400E+01, .396E+01, .330E+01, .260E+01,          400
      .620E-01, .143E+01, .347E+01, .388E+01, .341E+01, .280E+01,           425
      .255E-01, .950E+00, .292E+01, .370E+01, .345E+01, .295E+01,            450
      .940E-02, .610E+00, .236E+01, .343E+01, .342E+01, .304E+01,           475
      .340E-02, .386E+00, .188E+01, .310E+01, .334E+01, .309E+01,           500
      .105E-02, .236E+00, .145E+01, .274E+01, .319E+01, .307E+01,           525
      .350E-03, .144E+00, .110E+01, .238E+01, .300E+01, .301E+01,           550
      .126E-03, .820E-01, .818E+00, .204E+01, .276E+01, .289E+01,           575
      .430E-04, .445E-01, .598E+00, .174E+01, .248E+01, .275E+01,           600
      .150E-04, .242E-01, .427E+00, .145E+01, .222E+01, .260E+01,           625
      .510E-05, .127E-01, .294E+00, .118E+01, .195E+01, .241E+01,           650
      .170E-05, .630E-02, .200E+00, .950E+00, .169E+01, .221E+01,           675
      .570E-06, .300E-02, .134E+00, .748E+00, .146E+01, .200E+01,           700
      .195E-06, .140E-02, .902E-01, .580E+00, .124E+01, .178E+01,           725
      .680E-07, .620E-03, .590E-01, .443E+00, .103E+01, .156E+01,           750
      .385E-07, .275E-03, .450E-01, .330E+00, .845E+00, .136E+01,           775
      .670E-07, .113E-03, .355E-01, .242E+00, .695E+00, .117E+01,           800
      .113E-06, .500E-04, .289E-01, .174E+00, .560E+00, .100E+01,           825
      .195E-06, .230E-04, .245E-01, .123E+00, .450E+00, .855E+00,           850
      .328E-06, .103E-04, .214E-01, .100E+00, .357E+00, .718E+00,           875
      .560E-06, .460E-05, .189E-01, .830E-01, .278E+00, .595E+00,           900
      .950E-06, .205E-05, .174E-01, .730E-01, .239E+00, .492E+00,           925
      .160E-05, .140E-05, .166E-01, .665E-01, .211E+00, .405E+00,           950
      .275E-05, .350E-05, .165E-01, .630E-01, .195E+00, .352E+00,           975
      .470E-05, .850E-05, .167E-01, .620E-01, .190E+00, .312E+00,          1000
      .810E-05, .215E-04, .175E-01, .630E-01, .191E+00, .289E+00,          1025
      .136E-04, .570E-04, .188E-01, .675E-01, .194E+00, .281E+00,          1050
      .235E-04, .150E-03, .208E-01, .745E-01, .202E+00, .283E+00,          1075
      .400E-04, .380E-03, .233E-01, .865E-01, .223E+00, .314E+00,          1100
      .680E-04, .950E-03, .268E-01, .122E+00, .260E+00, .380E+00,          1125
      .120E-03, .245E-02, .343E-01, .176E+00, .328E+00, .461E+00,          1150
      .200E-03, .620E-02, .638E-01, .251E+00, .411E+00, .511E+00,          1175
      .365E-03, .140E-01, .107E+00, .330E+00, .458E+00, .542E+00,          1200
      .680E-03, .330E-01, .166E+00, .405E+00, .487E+00, .571E+00,          1225
      .130E-02, .635E-01, .244E+00, .459E+00, .535E+00, .557E+00,          1250
      .250E-02, .123E+00, .341E+00, .477E+00, .502E+00, .562E+00,          1275
      .500E-02, .212E+00, .407E+00, .547E+00, .531E+00, .514E+00,          1300
      .103E-01, .285E+00, .489E+00, .592E+00, .497E+00, .486E+00,          1325
      .219E-01, .328E+00, .491E+00, .558E+00, .489E+00, .485E+00,          1350
      .485E-01, .345E+00, .505E+00, .521E+00, .477E+00, .484E+00,          1375
      .114E+00, .361E+00, .538E+00, .563E+00, .503E+00, .502E+00,          1400
      .249E+00, .460E+00, .621E+00, .624E+00, .538E+00, .538E+00,          1425
      .397E+00, .569E+00, .749E+00, .768E+00, .581E+00, .565E+00,          1450
      .418E+00, .627E+00, .824E+00, .849E+00, .640E+00, .594E+00,          1475
      .108E+01, .125E+01, .113E+01, .940E+00, .807E+00, .663E+00,          1500
      .165E+01, .155E+01, .118E+01, .670E+00, .562E+00, .483E+00,          1525
      .142E+01, .675E+00, .557E+00, .349E+00, .276E+00, .263E+00,          1550
      .451E+00, .202E+00, .132E+00, .118E+00, .134E+00, .156E+00,          1575
      .603E-01, .538E-01, .863E-01, .112E+00, .120E+00, .125E+00,          1600
      .501E+00, .252E+00, .118E+00, .112E+00, .131E+00, .140E+00,          1625
      .730E+00, .430E+00, .237E+00, .191E+00, .171E+00, .170E+00,          1650
      .149E+01, .506E+00, .294E+00, .238E+00, .210E+00, .201E+00,          1675
      .100E+01, .553E+00, .434E+00, .340E+00, .260E+00, .220E+00,          1700
      .802E+00, .658E+00, .528E+00, .411E+00, .300E+00, .240E+00,          1725
      .580E+00, .527E+00, .460E+00, .378E+00, .322E+00, .283E+00,          1750
      .330E+00, .403E+00, .430E+00, .356E+00, .318E+00, .270E+00,          1775
      .250E+00, .393E+00, .405E+00, .342E+00, .301E+00, .275E+00,          1800
      .147E+00, .249E+00, .313E+00, .318E+00, .291E+00, .268E+00,          1825
      .910E-01, .252E+00, .298E+00, .295E+00, .269E+00, .253E+00,          1850
      .580E-01, .158E+00, .214E+00, .244E+00, .244E+00, .245E+00,          1875
      .370E-01, .113E+00, .184E+00, .218E+00, .214E+00, .218E+00,          1900
      .244E-01, .118E+00, .156E+00, .188E+00, .195E+00, .200E+00,          1925
      .162E-01, .606E-01, .976E-01, .141E+00, .166E+00, .179E+00,          1950
      .112E-01, .425E-01, .903E-01, .133E+00, .148E+00, .156E+00,          1975
      .780E-02, .400E-01, .765E-01, .112E+00, .129E+00, .137E+00,          2000
      .540E-02, .352E-01, .647E-01, .876E-01, .110E+00, .118E+00,          2025
      .380E-02, .252E-01, .507E-01, .705E-01, .888E-01, .100E+00,          2050
      .260E-02, .179E-01, .377E-01, .546E-01, .724E-01, .828E-01,          2075
      .180E-02, .123E-01, .294E-01, .443E-01, .608E-01, .686E-01,          2100
      .127E-02, .850E-02, .212E-01, .378E-01, .579E-01, .640E-01,          2125
      .880E-03, .680E-02, .152E-01, .275E-01, .449E-01, .521E-01,          2150
      .620E-02, .400E-02, .107E-01, .214E-01, .374E-01, .453E-01,          2175
      .480E-03, .298E-02, .931E-02, .189E-01, .329E-01, .403E-01,          2200
      .405E-03, .175E-02, .696E-02, .152E-01, .295E-01, .365E-01,          2225
      .321E-03, .120E-02, .452E-02, .101E-01, .252E-01, .331E-01,          2250
      .229E-03, .721E-03, .364E-02, .930E-02, .225E-01, .305E-01,          2275
      .195E-03, .544E-03, .318E-02, .750E-02, .202E-01, .284E-01,          2300
      .154E-03, .375E-03, .185E-02, .603E-02, .175E-01, .269E-01,          2325
      .101E-03, .263E-03, .119E-02, .480E-02, .156E-01, .253E-01,          2350
      .852E-04, .185E-03, .909E-03, .360E-02, .133E-01, .241E-01,          2375
      .763E-04, .137E-03, .711E-03, .316E-02, .122E-01, .237E-01,          2400
      .615E-04, .126E-03, .610E-03, .257E-02, .101E-01, .218E-01,          2425
      .480E-04, .113E-03, .518E-03, .201E-02, .920E-02, .200E-01,          2450
      .372E-04, .106E-03, .435E-03, .168E-02, .785E-02, .183E-01,          2475
      .355E-04, .101E-03, .376E-03, .168E-02, .669E-02, .166E-01,          2500
      .358E-04, .990E-04, .366E-03, .167E-02, .651E-02, .156E-01,          2525
      .389E-04, .102E-03, .376E-03, .167E-02, .641E-02, .152E-01,          2550
      .422E-04, .106E-03, .373E-03, .168E-02, .656E-02, .150E-01,          2575
      .521E-04, .111E-03, .371E-03, .170E-02, .673E-02, .152E-01,          2600
      .646E-04, .121E-03, .384E-03, .179E-02, .798E-02, .179E-01,          2625
      .742E-04, .129E-03, .479E-03, .201E-02, .788E-02, .175E-01,          2650
      .953E-04, .165E-03, .544E-03, .249E-02, .945E-02, .204E-01,          2675
      .101E-03, .190E-03, .761E-03, .324E-02, .106E-01, .231E-01,          2700
      .147E-03, .272E-03, .892E-03, .441E-02, .125E-01, .257E-01,          2725
      .195E-03, .326E-03, .100E-02, .499E-02, .147E-01, .295E-01,          2750
      .261E-03, .421E-03, .145E-02, .568E-02, .161E-01, .306E-01,          2775
      .305E-03, .515E-03, .195E-02, .754E-02, .185E-01, .363E-01,          2800
      .362E-03, .645E-03, .237E-02, .830E-02, .205E-01, .373E-01,          2825
      .507E-03, .850E-03, .274E-02, .888E-02, .234E-01, .431E-01,          2850
      .799E-03, .118E-02, .322E-02, .110E-01, .262E-01, .451E-01,          2875
      .935E-03, .160E-02, .386E-02, .126E-01, .292E-01, .530E-01,          2900
      .108E-02, .231E-02, .451E-02, .140E-01, .306E-01, .536E-01,          2925
      .192E-02, .271E-02, .563E-02, .159E-01, .357E-01, .629E-01,          2950
      .263E-02, .300E-02, .625E-02, .179E-01, .385E-01, .666E-01,          2975
      .295E-02, .330E-02, .701E-02, .203E-01, .460E-01, .782E-01,          3000
      .310E-02, .370E-02, .846E-02, .220E-01, .519E-01, .889E-01,          3025
      .340E-02, .400E-02, .969E-02, .279E-01, .662E-01, .109E+00,          3050
      .730E-02, .450E-02, .111E-01, .272E-01, .676E-01, .109E+00,          3075
      .900E-02, .480E-02, .137E-01, .372E-01, .864E-01, .133E+00,          3100
      .100E-02, .510E-02, .162E-01, .471E-01, .100E+00, .142E+00,          3125
      .640E-03, .550E-02, .205E-01, .530E-01, .122E+00, .168E+00,          3150
      .160E-02, .600E-02, .247E-01, .633E-01, .135E+00, .177E+00,          3175
      .330E-02, .700E-02, .283E-01, .770E-01, .153E+00, .185E+00,          3200
      .410E-02, .860E-02, .376E-01, .914E-01, .166E+00, .206E+00,          3225
      .410E-02, .103E-01, .514E-01, .117E+00, .194E+00, .228E+00,          3250
      .290E-02, .129E-01, .664E-01, .147E+00, .220E+00, .254E+00,          3275
      .220E-02, .161E-01, .834E-01, .171E+00, .237E+00, .263E+00,          3300
      .220E-02, .212E-01, .103E+00, .201E+00, .268E+00, .283E+00,          3325
      .250E-02, .285E-01, .135E+00, .240E+00, .295E+00, .295E+00,          3350
      .310E-02, .385E-01, .169E+00, .272E+00, .312E+00, .301E+00,          3375
      .420E-02, .540E-01, .214E+00, .309E+00, .329E+00, .307E+00,          3400
      .600E-02, .770E-01, .267E+00, .343E+00, .332E+00, .314E+00,          3425
      .940E-02, .117E+00, .333E+00, .372E+00, .344E+00, .303E+00,          3450
      .165E-01, .173E+00, .365E+00, .385E+00, .353E+00, .300E+00,          3475
      .360E-01, .258E+00, .438E+00, .393E+00, .315E+00, .288E+00,          3500
      .720E-01, .375E+00, .510E+00, .409E+00, .294E+00, .271E+00,          3525
      .133E+00, .401E+00, .499E+00, .390E+00, .281E+00, .257E+00,          3550
      .215E+00, .500E+00, .443E+00, .341E+00, .254E+00, .230E+00,          3575
      .318E+00, .450E+00, .346E+00, .286E+00, .245E+00, .219E+00,          3600
      .442E+00, .400E+00, .354E+00, .279E+00, .233E+00, .216E+00,          3625
      .473E+00, .405E+00, .347E+00, .281E+00, .238E+00, .219E+00,          3650
      .568E+00, .501E+00, .423E+00, .315E+00, .243E+00, .218E+00,          3675
      .690E+00, .708E+00, .673E+00, .432E+00, .268E+00, .189E+00,          3700
      .617E+00, .831E+00, .566E+00, .320E+00, .194E+00, .123E+00,          3725
      .181E+01, .520E+00, .200E+00, .131E+00, .124E+00, .107E+00,          3750
      .136E+00, .124E+00, .120E+00, .119E+00, .115E+00, .115E+00,          3775
      .455E+00, .298E+00, .167E+00, .129E+00, .123E+00, .112E+00,          3800
      .760E+00, .503E+00, .242E+00, .154E+00, .129E+00, .127E+00,          3825
      .836E+00, .584E+00, .277E+00, .184E+00, .161E+00, .145E+00,          3850
      .840E+00, .728E+00, .422E+00, .236E+00, .197E+00, .167E+00,          3875
      .505E+00, .500E+00, .379E+00, .276E+00, .227E+00, .192E+00,          3900
      .117E+00, .400E+00, .423E+00, .315E+00, .243E+00, .202E+00,          3925
      .460E-01, .300E+00, .358E+00, .290E+00, .230E+00, .202E+00,          3950
      .183E-01, .205E+00, .269E+00, .235E+00, .195E+00, .192E+00,          3975
      .730E-02, .135E+00, .186E+00, .179E+00, .159E+00, .168E+00,          4000
      .557E-02, .790E-01, .113E+00, .124E+00, .124E+00, .134E+00,          4025
      .283E-02, .415E-01, .662E-01, .886E-01, .103E+00, .106E+00,          4050
      .226E-02, .197E-01, .367E-01, .594E-01, .801E-01, .879E-01,          4075
      .155E-02, .860E-02, .211E-01, .395E-01, .503E-01, .610E-01,          4100
      .103E-02, .521E-02, .119E-01, .246E-01, .354E-01, .480E-01,          4125
      .821E-03, .365E-02, .759E-02, .166E-01, .258E-01, .370E-01,          4150
      .752E-03, .183E-02, .445E-02, .100E-01, .179E-01, .268E-01,          4175
      .429E-03, .141E-02, .354E-02, .821E-02, .142E-01, .212E-01,          4200
      .327E-03, .902E-03, .209E-02, .588E-02, .112E-01, .172E-01,          4225
      .225E-03, .685E-03, .189E-02, .512E-02, .101E-01, .164E-01,          4250
      .186E-03, .551E-03, .156E-02, .366E-02, .812E-02, .136E-01,          4275
      .173E-03, .472E-03, .139E-02, .306E-02, .661E-02, .115E-01,          4300
      .138E-03, .395E-03, .110E-02, .272E-02, .587E-02, .104E-01,          4325
      .900E-04, .270E-03, .968E-03, .222E-02, .497E-02, .921E-02,          4350
      .752E-04, .233E-03, .744E-03, .208E-02, .466E-02, .876E-02,          4375
      .618E-04, .175E-03, .638E-03, .185E-02, .465E-02, .914E-02,          4400
      .504E-04, .134E-03, .499E-03, .174E-02, .455E-02, .935E-02,          4425
      .375E-04, .123E-03, .485E-03, .182E-02, .456E-02, .971E-02,          4450
      .305E-04, .892E-04, .338E-03, .134E-02, .460E-02, .104E-01,          4475
      .257E-04, .790E-04, .329E-03, .154E-02, .477E-02, .112E-01,          4500
      .242E-04, .740E-04, .308E-03, .135E-02, .497E-02, .122E-01,          4525
      .215E-04, .653E-04, .282E-03, .131E-02, .521E-02, .133E-01,          4550
      .218E-04, .660E-04, .272E-03, .152E-02, .573E-02, .148E-01,          4575
      .215E-04, .671E-04, .268E-03, .134E-02, .607E-02, .159E-01,          4600
      .217E-04, .695E-04, .285E-03, .161E-02, .677E-02, .173E-01,          4625
      .219E-04, .722E-04, .297E-03, .169E-02, .783E-02, .197E-01,          4650
      .226E-04, .771E-04, .341E-03, .236E-02, .925E-02, .226E-01,          4675
      .250E-04, .815E-04, .387E-03, .286E-02, .106E-01, .250E-01,          4700
      .280E-04, .845E-04, .420E-03, .357E-02, .124E-01, .276E-01,          4725
      .351E-04, .192E-03, .470E-03, .467E-02, .166E-01, .313E-01,          4750
      .435E-04, .200E-03, .105E-02, .566E-02, .185E-01, .341E-01,          4775
      .522E-04, .233E-03, .129E-02, .736E-02, .229E-01, .378E-01,          4800
      .673E-04, .306E-03, .183E-02, .982E-02, .258E-01, .404E-01,          4825
      .886E-04, .399E-03, .246E-02, .128E-01, .302E-01, .430E-01,          4850
      .113E-03, .618E-03, .346E-02, .161E-01, .358E-01, .459E-01,          4875
      .174E-03, .825E-03, .441E-02, .200E-01, .417E-01, .493E-01,          4900
      .265E-03, .163E-02, .777E-02, .245E-01, .450E-01, .507E-01,          4925
      .355E-03, .200E-02, .978E-02, .317E-01, .492E-01, .527E-01,          4950
      .538E-03, .271E-02, .167E-01, .401E-01, .503E-01, .523E-01,          4975
      .651E-03, .301E-02, .264E-01, .467E-01, .520E-01, .526E-01,          5000
      .987E-03, .530E-02, .321E-01, .499E-01, .523E-01, .510E-01,          5025
      .135E-02, .860E-02, .389E-01, .528E-01, .513E-01, .492E-01,          5050
      .226E-02, .130E-01, .472E-01, .559E-01, .500E-01, .469E-01,          5075
      .431E-02, .198E-01, .526E-01, .557E-01, .480E-01, .452E-01,          5100
      .628E-02, .282E-01, .488E-01, .495E-01, .451E-01, .430E-01,          5125
      .900E-02, .390E-01, .471E-01, .449E-01, .430E-01, .423E-01,          5150
      .180E-01, .462E-01, .412E-01, .391E-01, .403E-01, .415E-01,          5175
      .348E-01, .710E-01, .402E-01, .360E-01, .384E-01, .414E-01,          5200
      .718E-01, .590E-01, .399E-01, .360E-01, .376E-01, .420E-01,          5225
      .111E+00, .368E-01, .340E-01, .369E-01, .409E-01, .454E-01,          5250
      .329E-01, .285E-01, .365E-01, .423E-01, .461E-01, .482E-01,          5275
      .281E-01, .270E-01, .432E-01, .505E-01, .529E-01, .511E-01,          5300
      .121E+00, .422E-01, .589E-01, .598E-01, .572E-01, .544E-01,          5325
      .139E+00, .105E+00, .844E-01, .687E-01, .593E-01, .560E-01,          5350
      .774E-01, .710E-01, .683E-01, .618E-01, .556E-01, .534E-01,          5375
      .858E-01, .483E-01, .579E-01, .547E-01, .503E-01, .495E-01,          5400
      .985E-01, .575E-01, .589E-01, .510E-01, .451E-01, .449E-01,          5425
      .996E-01, .682E-01, .539E-01, .489E-01, .454E-01, .446E-01,          5450
      .680E-01, .680E-01, .548E-01, .495E-01, .460E-01, .458E-01,          5475
      .325E-01, .520E-01, .515E-01, .483E-01, .449E-01, .454E-01,          5500
      .150E-01, .350E-01, .451E-01, .464E-01, .452E-01, .449E-01,          5525
      .620E-02, .238E-01, .369E-01, .408E-01, .414E-01, .417E-01,          5550
      .270E-02, .158E-01, .282E-01, .339E-01, .366E-01, .384E-01,          5575
      .113E-02, .101E-01, .203E-01, .263E-01, .303E-01, .333E-01,          5600
      .829E-03, .590E-02, .148E-01, .206E-01, .247E-01, .295E-01,          5625
      .365E-03, .310E-02, .969E-02, .154E-01, .203E-01, .258E-01,          5650
      .240E-03, .130E-02, .589E-02, .112E-01, .164E-01, .222E-01,          5675
      .158E-03, .400E-03, .417E-02, .850E-02, .134E-01, .190E-01,          5700
      .103E-03, .262E-03, .208E-02, .594E-02, .109E-01, .162E-01,          5725
      .741E-04, .181E-03, .142E-02, .455E-02, .907E-02, .141E-01,          5750
      .625E-04, .135E-03, .816E-03, .316E-02, .698E-02, .121E-01,          5775
      .499E-04, .111E-03, .624E-03, .230E-02, .551E-02, .102E-01,          5800
      .325E-04, .677E-04, .425E-03, .124E-02, .385E-02, .818E-02,          5825
      .231E-04, .563E-04, .278E-03, .986E-03, .290E-02, .672E-02,          5850
      .165E-04, .481E-04, .247E-03, .944E-03, .253E-02, .612E-02,          5875
      .126E-04, .432E-04, .241E-03, .886E-03, .220E-02, .582E-02,          5900
      .118E-04, .420E-04, .235E-03, .847E-03, .209E-02, .571E-02,          5925
      .110E-04, .408E-04, .226E-03, .812E-03, .221E-02, .604E-02,          5950
      .101E-04, .400E-04, .213E-03, .805E-03, .239E-02, .641E-02,          5975
      .983E-05, .395E-04, .186E-03, .801E-03, .247E-02, .691E-02,          6000
      .979E-05, .401E-04, .193E-03, .805E-03, .260E-02, .732E-02,          6025
      .976E-05, .410E-04, .201E-03, .814E-03, .285E-02, .776E-02,          6050
      .988E-05, .420E-04, .210E-03, .832E-03, .317E-02, .842E-02,          6075
      .991E-05, .425E-04, .219E-03, .877E-03, .340E-02, .888E-02,          6100
      .102E-04, .435E-04, .231E-03, .937E-03, .361E-02, .929E-02,          6125
      .110E-04, .486E-04, .244E-03, .971E-03, .402E-02, .994E-02,          6150
      .127E-04, .579E-04, .257E-03, .111E-02, .437E-02, .104E-01,          6175
      .131E-04, .612E-04, .277E-03, .113E-02, .465E-02, .110E-01,          6200
      .150E-04, .783E-04, .353E-03, .116E-02, .510E-02, .116E-01,          6225
      .178E-04, .922E-04, .394E-03, .157E-02, .555E-02, .123E-01,          6250
      .203E-04, .115E-03, .481E-03, .188E-02, .601E-02, .131E-01,          6275
      .230E-04, .145E-03, .617E-03, .183E-02, .644E-02, .139E-01,          6300
      .280E-04, .187E-03, .723E-03, .202E-02, .686E-02, .146E-01,          6325
      .305E-04, .209E-03, .811E-03, .243E-02, .779E-02, .157E-01,          6350
      .455E-04, .244E-03, .935E-03, .243E-02, .844E-02, .166E-01,          6375
      .661E-04, .320E-03, .989E-03, .288E-02, .902E-02, .173E-01,          6400
      .723E-04, .397E-03, .122E-02, .359E-02, .100E-01, .184E-01,          6425
      .847E-04, .481E-03, .143E-02, .429E-02, .108E-01, .192E-01,          6450
      .103E-03, .591E-03, .174E-02, .488E-02, .116E-01, .200E-01,          6475
      .131E-03, .703E-03, .247E-02, .549E-02, .124E-01, .205E-01,          6500
      .165E-03, .872E-03, .265E-02, .641E-02, .131E-01, .211E-01,          6525
      .205E-03, .110E-02, .298E-02, .749E-02, .140E-01, .218E-01,          6550
      .253E-03, .130E-02, .346E-02, .811E-02, .150E-01, .230E-01,          6575
      .338E-03, .150E-02, .445E-02, .890E-02, .159E-01, .237E-01,          6600
      .437E-03, .170E-02, .491E-02, .107E-01, .170E-01, .245E-01,          6625
      .581E-03, .190E-02, .537E-02, .116E-01, .179E-01, .254E-01,          6650
      .685E-03, .220E-02, .578E-02, .128E-01, .189E-01, .263E-01,          6675
      .900E-03, .250E-02, .649E-02, .134E-01, .195E-01, .275E-01,          6700
      .121E-02, .280E-02, .722E-02, .142E-01, .202E-01, .281E-01,          6725
      .152E-02, .330E-02, .813E-02, .161E-01, .212E-01, .288E-01,          6750
      .185E-02, .370E-02, .907E-02, .168E-01, .222E-01, .292E-01,          6775
      .220E-02, .430E-02, .929E-02, .183E-01, .233E-01, .294E-01,          6800
      .255E-02, .500E-02, .114E-01, .195E-01, .245E-01, .289E-01,          6825
      .290E-02, .580E-02, .167E-01, .215E-01, .260E-01, .291E-01,          6850
      .320E-02, .670E-02, .208E-01, .237E-01, .274E-01, .293E-01,          6875
      .360E-02, .880E-02, .220E-01, .253E-01, .282E-01, .300E-01,          6900
      .400E-02, .920E-02, .238E-01, .273E-01, .290E-01, .304E-01,          6925
      .460E-02, .108E-01, .272E-01, .279E-01, .298E-01, .310E-01,          6950
      .530E-02, .128E-01, .304E-01, .292E-01, .297E-01, .312E-01,          6975
      .620E-02, .152E-01, .344E-01, .303E-01, .293E-01, .310E-01,          7000
      .760E-02, .182E-01, .341E-01, .297E-01, .290E-01, .300E-01,          7025
      .980E-02, .222E-01, .398E-01, .318E-01, .291E-01, .294E-01,          7050
      .132E-01, .271E-01, .402E-01, .294E-01, .274E-01, .282E-01,          7075
      .190E-01, .335E-01, .421E-01, .286E-01, .262E-01, .269E-01,          7100
      .240E-01, .432E-01, .431E-01, .276E-01, .245E-01, .257E-01,          7125
      .288E-01, .570E-01, .458E-01, .270E-01, .228E-01, .243E-01,          7150
      .323E-01, .740E-01, .449E-01, .261E-01, .214E-01, .221E-01,          7175
      .570E-01, .890E-01, .435E-01, .225E-01, .199E-01, .196E-01,          7200
      .216E-01, .680E-01, .378E-01, .239E-01, .195E-01, .192E-01,          7225
      .126E-01, .475E-01, .364E-01, .238E-01, .197E-01, .192E-01,          7250
      .117E-01, .369E-01, .385E-01, .249E-01, .212E-01, .204E-01,          7275
      .140E-01, .370E-01, .419E-01, .272E-01, .228E-01, .213E-01,          7300
      .425E-01, .418E-01, .440E-01, .280E-01, .248E-01, .229E-01,          7325
      .640E-01, .460E-01, .427E-01, .290E-01, .263E-01, .238E-01,          7350
      .385E-01, .385E-01, .374E-01, .259E-01, .235E-01, .224E-01,          7375
      .182E-01, .179E-01, .282E-01, .231E-01, .211E-01, .214E-01,          7400
      .170E-01, .810E-02, .191E-01, .175E-01, .181E-01, .194E-01,          7425
      .161E-01, .370E-02, .105E-01, .127E-01, .152E-01, .171E-01,          7450
      .145E-01, .170E-02, .554E-02, .855E-02, .113E-01, .131E-01,          7475
      .175E-02, .140E-02, .385E-02, .595E-02, .803E-02, .945E-02,          7500
      .772E-03, .751E-03, .384E-02, .575E-02, .537E-02, .594E-02,          7525
      .491E-03, .600E-03, .301E-02, .453E-02, .380E-02, .434E-02,          7550
      .275E-03, .410E-03, .193E-02, .366E-02, .319E-02, .332E-02,          7575
      .185E-01, .280E-03, .131E-02, .232E-02, .247E-02, .256E-02,          7600
      .101E-03, .160E-03, .915E-03, .150E-02, .186E-02, .197E-02,          7625
      .691E-04, .110E-03, .565E-03, .114E-02, .205E-02, .192E-02,          7650
      .476E-04, .750E-04, .114E-02, .124E-02, .175E-02, .187E-02,          7675
      .305E-04, .590E-04, .529E-03, .114E-02, .160E-02, .185E-02,          7700
      .240E-04, .480E-04, .293E-03, .842E-03, .141E-02, .184E-02,          7725
      .170E-04, .360E-04, .122E-03, .435E-03, .124E-02, .182E-02,          7750
      .120E-04, .240E-04, .121E-03, .435E-03, .118E-02, .187E-02,          7775
      .810E-05, .170E-04, .103E-03, .439E-03, .126E-02, .192E-02,          7800
      .550E-05, .120E-04, .866E-04, .367E-03, .119E-02, .193E-02,          7825
      .390E-05, .900E-05, .716E-04, .351E-03, .116E-02, .194E-02,          7850
      .295E-05, .830E-05, .373E-04, .254E-03, .114E-02, .196E-02,          7875
      .230E-05, .800E-05, .465E-04, .298E-03, .117E-02, .201E-02,          7900
      .225E-05, .820E-05, .367E-04, .252E-03, .116E-02, .205E-02,          7925
      .220E-05, .840E-05, .371E-04, .268E-03, .127E-02, .211E-02,          7950
      .223E-05, .920E-05, .396E-04, .273E-03, .128E-02, .216E-02,          7975
      .235E-05, .103E-04, .415E-04, .263E-03, .121E-02, .221E-02,          8000
      .280E-05, .125E-04, .633E-04, .363E-03, .136E-02, .231E-02,          8025
      .310E-05, .150E-04, .979E-04, .492E-03, .150E-02, .241E-02,          8050
      .370E-05, .180E-04, .120E-03, .580E-03, .167E-02, .251E-02,          8075
      .420E-05, .200E-04, .987E-04, .509E-03, .171E-02, .257E-02,          8100
      .510E-05, .240E-04, .134E-03, .547E-03, .173E-02, .267E-02,          8125
      .600E-05, .270E-04, .121E-03, .534E-03, .172E-02, .274E-02,          8150
      .720E-05, .300E-04, .204E-03, .684E-03, .184E-02, .285E-02,          8175
      .820E-05, .330E-04, .276E-03, .819E-03, .199E-02, .297E-02,          8200
      .100E-04, .380E-04, .317E-03, .859E-03, .214E-02, .308E-02,          8225
      .125E-04, .420E-04, .240E-03, .818E-03, .220E-02, .317E-02,          8250
      .145E-04, .500E-04, .452E-03, .109E-02, .238E-02, .293E-02,          8275
      .175E-04, .560E-04, .301E-03, .941E-03, .243E-02, .342E-02,          8300
      .198E-04, .630E-04, .280E-03, .107E-02, .260E-02, .353E-02,          8325
      .230E-04, .710E-04, .276E-03, .109E-02, .272E-02, .365E-02,          8350
      .280E-04, .830E-04, .369E-03, .127E-02, .295E-02, .377E-02,          8375
      .330E-04, .890E-04, .430E-03, .139E-02, .306E-02, .385E-02,          8400
      .360E-04, .950E-04, .371E-03, .135E-02, .306E-02, .384E-02,          8425
      .390E-04, .980E-04, .434E-03, .147E-02, .316E-02, .385E-02,          8450
      .400E-04, .990E-04, .397E-03, .143E-02, .318E-02, .384E-02,          8475
      .400E-04, .980E-04, .364E-03, .141E-02, .317E-02, .381E-02,          8500
      .390E-04, .940E-04, .390E-03, .142E-02, .314E-02, .376E-02,          8525
      .380E-04, .900E-04, .380E-03, .145E-02, .318E-02, .375E-02,          8550
      .380E-04, .900E-04, .380E-03, .145E-02, .318E-02, .375E-02,          8575
      .330E-04, .750E-04, .358E-03, .138E-02, .310E-02, .372E-02,          8600
      .270E-04, .580E-04, .382E-03, .143E-02, .315E-02, .369E-02,          8625
      .240E-04, .500E-04, .343E-03, .136E-02, .306E-02, .363E-02,          8650
      .200E-04, .450E-04, .309E-03, .134E-02, .306E-02, .359E-02,          8675
      .180E-04, .400E-04, .281E-03, .127E-02, .294E-02, .341E-02,          8700
      .170E-04, .360E-04, .276E-03, .124E-02, .290E-02, .336E-02,          8725
      .160E-04, .310E-04, .272E-03, .122E-02, .283E-02, .323E-02,          8750
      .140E-04, .280E-04, .241E-03, .117E-02, .273E-02, .309E-02,          8775
      .120E-04, .250E-04, .237E-03, .115E-02, .269E-02, .297E-02,          8800
      .100E-04, .220E-04, .218E-03, .111E-02, .259E-02, .284E-02,          8825
      .920E-05, .198E-04, .206E-03, .105E-02, .246E-02, .269E-02,          8850
      .810E-05, .170E-04, .205E-03, .100E-02, .235E-02, .257E-02,          8875
      .720E-05, .160E-04, .177E-03, .921E-03, .220E-02, .245E-02,          8900
      .650E-05, .150E-04, .172E-03, .834E-03, .205E-02, .232E-02,          8925
      .590E-05, .130E-04, .147E-03, .735E-03, .194E-02, .218E-02,          8950
      .510E-05, .110E-04, .120E-03, .629E-03, .177E-02, .203E-02,          8975
      .460E-05, .950E-05, .960E-04, .513E-03, .154E-02, .180E-02,          9000
      .420E-05, .800E-05, .578E-04, .314E-03, .123E-02, .154E-02,          9025
      .380E-05, .720E-05, .529E-04, .292E-03, .114E-02, .137E-02,          9050
      .330E-05, .660E-05, .485E-04, .269E-03, .102E-02, .122E-02,          9075
      .290E-05, .580E-05, .430E-04, .239E-03, .896E-03, .107E-02,          9100
      .270E-05, .520E-05, .259E-04, .193E-03, .748E-03, .944E-03,          9125
      .240E-05, .450E-05, .316E-04, .207E-03, .671E-02, .848E-03,          9150
      .220E-05, .400E-05, .444E-05, .602E-04, .516E-03, .750E-03,          9175
      .190E-05, .360E-05, .324E-05, .460E-04, .439E-03, .688E-03,          9200
      .170E-05, .320E-05, .180E-05, .321E-04, .384E-03, .653E-03,          9225
      .140E-05, .280E-05, .171E-05, .344E-04, .340E-03, .616E-03,          9250
      .130E-05, .250E-05, .299E-05, .600E-04, .343E-03, .619E-03,          9275
      .120E-05, .220E-05, .299E-05, .600E-04, .343E-03, .619E-03,          9300
      1., 1., 1., 1., 1., 1., 
      1., 1., 1., 1., 1., 1., 
      1., 1., 1., 1., 1., 1., 
      1., 1., 1., 1., 1., 1., 
      1., 1., 1., 1., 1., 1.







