Stadium Fly Through
19
-16125.55 -12473.90 5583.37  -16124.78 -12473.34 5583.06
-5684.37 -4872.99 1274.86  -5683.61 -4872.43 1274.54
-5799.42 -4956.74 374.65  -5798.62 -4956.16 374.68
-4816.18 -4240.97 152.05  -4815.38 -4240.39 152.08
-4287.23 -3855.90 54.94  -4286.43 -3855.32 54.96
-4138.06 -3526.20 47.10  -4137.15 -3526.60 47.12
-4063.01 -3330.48 51.92  -4062.59 -3329.58 51.95
-3485.12 -2444.95 76.31  -3484.47 -2444.20 76.34
-2707.55 -1630.54 102.20  -2706.86 -1629.83 102.22
1663.20 -49.30 -361.75  1664.18 -49.17 -361.73
1530.37 -180.23 -48.74  1530.98 -179.63 -48.23
859.92 229.38 214.86  859.12 229.89 215.17
-2556.48 -1037.65 180.96  -2557.02 -1038.48 180.99
-2973.16 -1651.46 203.55  -2973.76 -1652.25 203.58
-3480.09 -2514.72 267.87  -3480.05 -2515.69 268.06
-3060.81 -3116.67 371.40  -3059.89 -3117.02 371.44
-2209.36 -3265.67 345.39  -2208.38 -3265.79 345.39
-1702.80 -3303.70 410.62  -1702.89 -3304.68 410.53
-320.08 -3151.82 410.62  -319.87 -3152.78 410.53
