# vtk DataFile Version 2.0
Three-D cube surface heat flux and Q display
ASCII
DATASET UNSTRUCTURED_GRID

POINTS 602 FLOAT 
 -0.5 -0.5 -0.5
 -0.4 -0.5 -0.5
 -0.3 -0.5 -0.5
 -0.2 -0.5 -0.5
 -0.1 -0.5 -0.5
 0 -0.5 -0.5
 0.1 -0.5 -0.5
 0.2 -0.5 -0.5
 0.3 -0.5 -0.5
 0.4 -0.5 -0.5
 0.5 -0.5 -0.5
 -0.5 -0.4 -0.5
 -0.4 -0.4 -0.5
 -0.3 -0.4 -0.5
 -0.2 -0.4 -0.5
 -0.1 -0.4 -0.5
 0 -0.4 -0.5
 0.1 -0.4 -0.5
 0.2 -0.4 -0.5
 0.3 -0.4 -0.5
 0.4 -0.4 -0.5
 0.5 -0.4 -0.5
 -0.5 -0.3 -0.5
 -0.4 -0.3 -0.5
 -0.3 -0.3 -0.5
 -0.2 -0.3 -0.5
 -0.1 -0.3 -0.5
 0 -0.3 -0.5
 0.1 -0.3 -0.5
 0.2 -0.3 -0.5
 0.3 -0.3 -0.5
 0.4 -0.3 -0.5
 0.5 -0.3 -0.5
 -0.5 -0.2 -0.5
 -0.4 -0.2 -0.5
 -0.3 -0.2 -0.5
 -0.2 -0.2 -0.5
 -0.1 -0.2 -0.5
 0 -0.2 -0.5
 0.1 -0.2 -0.5
 0.2 -0.2 -0.5
 0.3 -0.2 -0.5
 0.4 -0.2 -0.5
 0.5 -0.2 -0.5
 -0.5 -0.1 -0.5
 -0.4 -0.1 -0.5
 -0.3 -0.1 -0.5
 -0.2 -0.1 -0.5
 -0.1 -0.1 -0.5
 0 -0.1 -0.5
 0.1 -0.1 -0.5
 0.2 -0.1 -0.5
 0.3 -0.1 -0.5
 0.4 -0.1 -0.5
 0.5 -0.1 -0.5
 -0.5 0 -0.5
 -0.4 0 -0.5
 -0.3 0 -0.5
 -0.2 0 -0.5
 -0.1 0 -0.5
 0 0 -0.5
 0.1 0 -0.5
 0.2 0 -0.5
 0.3 0 -0.5
 0.4 0 -0.5
 0.5 0 -0.5
 -0.5 0.1 -0.5
 -0.4 0.1 -0.5
 -0.3 0.1 -0.5
 -0.2 0.1 -0.5
 -0.1 0.1 -0.5
 0 0.1 -0.5
 0.1 0.1 -0.5
 0.2 0.1 -0.5
 0.3 0.1 -0.5
 0.4 0.1 -0.5
 0.5 0.1 -0.5
 -0.5 0.2 -0.5
 -0.4 0.2 -0.5
 -0.3 0.2 -0.5
 -0.2 0.2 -0.5
 -0.1 0.2 -0.5
 0 0.2 -0.5
 0.1 0.2 -0.5
 0.2 0.2 -0.5
 0.3 0.2 -0.5
 0.4 0.2 -0.5
 0.5 0.2 -0.5
 -0.5 0.3 -0.5
 -0.4 0.3 -0.5
 -0.3 0.3 -0.5
 -0.2 0.3 -0.5
 -0.1 0.3 -0.5
 0 0.3 -0.5
 0.1 0.3 -0.5
 0.2 0.3 -0.5
 0.3 0.3 -0.5
 0.4 0.3 -0.5
 0.5 0.3 -0.5
 -0.5 0.4 -0.5
 -0.4 0.4 -0.5
 -0.3 0.4 -0.5
 -0.2 0.4 -0.5
 -0.1 0.4 -0.5
 0 0.4 -0.5
 0.1 0.4 -0.5
 0.2 0.4 -0.5
 0.3 0.4 -0.5
 0.4 0.4 -0.5
 0.5 0.4 -0.5
 -0.5 0.5 -0.5
 -0.4 0.5 -0.5
 -0.3 0.5 -0.5
 -0.2 0.5 -0.5
 -0.1 0.5 -0.5
 0 0.5 -0.5
 0.1 0.5 -0.5
 0.2 0.5 -0.5
 0.3 0.5 -0.5
 0.4 0.5 -0.5
 0.5 0.5 -0.5
 -0.5 -0.5 0.5
 -0.4 -0.5 0.5
 -0.3 -0.5 0.5
 -0.2 -0.5 0.5
 -0.1 -0.5 0.5
 0 -0.5 0.5
 0.1 -0.5 0.5
 0.2 -0.5 0.5
 0.3 -0.5 0.5
 0.4 -0.5 0.5
 0.5 -0.5 0.5
 -0.5 -0.4 0.5
 -0.4 -0.4 0.5
 -0.3 -0.4 0.5
 -0.2 -0.4 0.5
 -0.1 -0.4 0.5
 0 -0.4 0.5
 0.1 -0.4 0.5
 0.2 -0.4 0.5
 0.3 -0.4 0.5
 0.4 -0.4 0.5
 0.5 -0.4 0.5
 -0.5 -0.3 0.5
 -0.4 -0.3 0.5
 -0.3 -0.3 0.5
 -0.2 -0.3 0.5
 -0.1 -0.3 0.5
 0 -0.3 0.5
 0.1 -0.3 0.5
 0.2 -0.3 0.5
 0.3 -0.3 0.5
 0.4 -0.3 0.5
 0.5 -0.3 0.5
 -0.5 -0.2 0.5
 -0.4 -0.2 0.5
 -0.3 -0.2 0.5
 -0.2 -0.2 0.5
 -0.1 -0.2 0.5
 0 -0.2 0.5
 0.1 -0.2 0.5
 0.2 -0.2 0.5
 0.3 -0.2 0.5
 0.4 -0.2 0.5
 0.5 -0.2 0.5
 -0.5 -0.1 0.5
 -0.4 -0.1 0.5
 -0.3 -0.1 0.5
 -0.2 -0.1 0.5
 -0.1 -0.1 0.5
 0 -0.1 0.5
 0.1 -0.1 0.5
 0.2 -0.1 0.5
 0.3 -0.1 0.5
 0.4 -0.1 0.5
 0.5 -0.1 0.5
 -0.5 0 0.5
 -0.4 0 0.5
 -0.3 0 0.5
 -0.2 0 0.5
 -0.1 0 0.5
 0 0 0.5
 0.1 0 0.5
 0.2 0 0.5
 0.3 0 0.5
 0.4 0 0.5
 0.5 0 0.5
 -0.5 0.1 0.5
 -0.4 0.1 0.5
 -0.3 0.1 0.5
 -0.2 0.1 0.5
 -0.1 0.1 0.5
 0 0.1 0.5
 0.1 0.1 0.5
 0.2 0.1 0.5
 0.3 0.1 0.5
 0.4 0.1 0.5
 0.5 0.1 0.5
 -0.5 0.2 0.5
 -0.4 0.2 0.5
 -0.3 0.2 0.5
 -0.2 0.2 0.5
 -0.1 0.2 0.5
 0 0.2 0.5
 0.1 0.2 0.5
 0.2 0.2 0.5
 0.3 0.2 0.5
 0.4 0.2 0.5
 0.5 0.2 0.5
 -0.5 0.3 0.5
 -0.4 0.3 0.5
 -0.3 0.3 0.5
 -0.2 0.3 0.5
 -0.1 0.3 0.5
 0 0.3 0.5
 0.1 0.3 0.5
 0.2 0.3 0.5
 0.3 0.3 0.5
 0.4 0.3 0.5
 0.5 0.3 0.5
 -0.5 0.4 0.5
 -0.4 0.4 0.5
 -0.3 0.4 0.5
 -0.2 0.4 0.5
 -0.1 0.4 0.5
 0 0.4 0.5
 0.1 0.4 0.5
 0.2 0.4 0.5
 0.3 0.4 0.5
 0.4 0.4 0.5
 0.5 0.4 0.5
 -0.5 0.5 0.5
 -0.4 0.5 0.5
 -0.3 0.5 0.5
 -0.2 0.5 0.5
 -0.1 0.5 0.5
 0 0.5 0.5
 0.1 0.5 0.5
 0.2 0.5 0.5
 0.3 0.5 0.5
 0.4 0.5 0.5
 0.5 0.5 0.5
 -0.5 0.5 -0.4
 -0.4 0.5 -0.4
 -0.3 0.5 -0.4
 -0.2 0.5 -0.4
 -0.1 0.5 -0.4
 0 0.5 -0.4
 0.1 0.5 -0.4
 0.2 0.5 -0.4
 0.3 0.5 -0.4
 0.4 0.5 -0.4
 0.5 0.5 -0.4
 -0.5 0.5 -0.3
 -0.4 0.5 -0.3
 -0.3 0.5 -0.3
 -0.2 0.5 -0.3
 -0.1 0.5 -0.3
 0 0.5 -0.3
 0.1 0.5 -0.3
 0.2 0.5 -0.3
 0.3 0.5 -0.3
 0.4 0.5 -0.3
 0.5 0.5 -0.3
 -0.5 0.5 -0.2
 -0.4 0.5 -0.2
 -0.3 0.5 -0.2
 -0.2 0.5 -0.2
 -0.1 0.5 -0.2
 0 0.5 -0.2
 0.1 0.5 -0.2
 0.2 0.5 -0.2
 0.3 0.5 -0.2
 0.4 0.5 -0.2
 0.5 0.5 -0.2
 -0.5 0.5 -0.1
 -0.4 0.5 -0.1
 -0.3 0.5 -0.1
 -0.2 0.5 -0.1
 -0.1 0.5 -0.1
 0 0.5 -0.1
 0.1 0.5 -0.1
 0.2 0.5 -0.1
 0.3 0.5 -0.1
 0.4 0.5 -0.1
 0.5 0.5 -0.1
 -0.5 0.5 0
 -0.4 0.5 0
 -0.3 0.5 0
 -0.2 0.5 0
 -0.1 0.5 0
 0 0.5 0
 0.1 0.5 0
 0.2 0.5 0
 0.3 0.5 0
 0.4 0.5 0
 0.5 0.5 0
 -0.5 0.5 0.1
 -0.4 0.5 0.1
 -0.3 0.5 0.1
 -0.2 0.5 0.1
 -0.1 0.5 0.1
 0 0.5 0.1
 0.1 0.5 0.1
 0.2 0.5 0.1
 0.3 0.5 0.1
 0.4 0.5 0.1
 0.5 0.5 0.1
 -0.5 0.5 0.2
 -0.4 0.5 0.2
 -0.3 0.5 0.2
 -0.2 0.5 0.2
 -0.1 0.5 0.2
 0 0.5 0.2
 0.1 0.5 0.2
 0.2 0.5 0.2
 0.3 0.5 0.2
 0.4 0.5 0.2
 0.5 0.5 0.2
 -0.5 0.5 0.3
 -0.4 0.5 0.3
 -0.3 0.5 0.3
 -0.2 0.5 0.3
 -0.1 0.5 0.3
 0 0.5 0.3
 0.1 0.5 0.3
 0.2 0.5 0.3
 0.3 0.5 0.3
 0.4 0.5 0.3
 0.5 0.5 0.3
 -0.5 0.5 0.4
 -0.4 0.5 0.4
 -0.3 0.5 0.4
 -0.2 0.5 0.4
 -0.1 0.5 0.4
 0 0.5 0.4
 0.1 0.5 0.4
 0.2 0.5 0.4
 0.3 0.5 0.4
 0.4 0.5 0.4
 0.5 0.5 0.4
 -0.5 -0.5 -0.4
 -0.4 -0.5 -0.4
 -0.3 -0.5 -0.4
 -0.2 -0.5 -0.4
 -0.1 -0.5 -0.4
 0 -0.5 -0.4
 0.1 -0.5 -0.4
 0.2 -0.5 -0.4
 0.3 -0.5 -0.4
 0.4 -0.5 -0.4
 0.5 -0.5 -0.4
 -0.5 -0.5 -0.3
 -0.4 -0.5 -0.3
 -0.3 -0.5 -0.3
 -0.2 -0.5 -0.3
 -0.1 -0.5 -0.3
 0 -0.5 -0.3
 0.1 -0.5 -0.3
 0.2 -0.5 -0.3
 0.3 -0.5 -0.3
 0.4 -0.5 -0.3
 0.5 -0.5 -0.3
 -0.5 -0.5 -0.2
 -0.4 -0.5 -0.2
 -0.3 -0.5 -0.2
 -0.2 -0.5 -0.2
 -0.1 -0.5 -0.2
 0 -0.5 -0.2
 0.1 -0.5 -0.2
 0.2 -0.5 -0.2
 0.3 -0.5 -0.2
 0.4 -0.5 -0.2
 0.5 -0.5 -0.2
 -0.5 -0.5 -0.1
 -0.4 -0.5 -0.1
 -0.3 -0.5 -0.1
 -0.2 -0.5 -0.1
 -0.1 -0.5 -0.1
 0 -0.5 -0.1
 0.1 -0.5 -0.1
 0.2 -0.5 -0.1
 0.3 -0.5 -0.1
 0.4 -0.5 -0.1
 0.5 -0.5 -0.1
 -0.5 -0.5 0
 -0.4 -0.5 0
 -0.3 -0.5 0
 -0.2 -0.5 0
 -0.1 -0.5 0
 0 -0.5 0
 0.1 -0.5 0
 0.2 -0.5 0
 0.3 -0.5 0
 0.4 -0.5 0
 0.5 -0.5 0
 -0.5 -0.5 0.1
 -0.4 -0.5 0.1
 -0.3 -0.5 0.1
 -0.2 -0.5 0.1
 -0.1 -0.5 0.1
 0 -0.5 0.1
 0.1 -0.5 0.1
 0.2 -0.5 0.1
 0.3 -0.5 0.1
 0.4 -0.5 0.1
 0.5 -0.5 0.1
 -0.5 -0.5 0.2
 -0.4 -0.5 0.2
 -0.3 -0.5 0.2
 -0.2 -0.5 0.2
 -0.1 -0.5 0.2
 0 -0.5 0.2
 0.1 -0.5 0.2
 0.2 -0.5 0.2
 0.3 -0.5 0.2
 0.4 -0.5 0.2
 0.5 -0.5 0.2
 -0.5 -0.5 0.3
 -0.4 -0.5 0.3
 -0.3 -0.5 0.3
 -0.2 -0.5 0.3
 -0.1 -0.5 0.3
 0 -0.5 0.3
 0.1 -0.5 0.3
 0.2 -0.5 0.3
 0.3 -0.5 0.3
 0.4 -0.5 0.3
 0.5 -0.5 0.3
 -0.5 -0.5 0.4
 -0.4 -0.5 0.4
 -0.3 -0.5 0.4
 -0.2 -0.5 0.4
 -0.1 -0.5 0.4
 0 -0.5 0.4
 0.1 -0.5 0.4
 0.2 -0.5 0.4
 0.3 -0.5 0.4
 0.4 -0.5 0.4
 0.5 -0.5 0.4
 -0.5 -0.4 -0.4
 -0.5 -0.3 -0.4
 -0.5 -0.2 -0.4
 -0.5 -0.1 -0.4
 -0.5 0 -0.4
 -0.5 0.1 -0.4
 -0.5 0.2 -0.4
 -0.5 0.3 -0.4
 -0.5 0.4 -0.4
 -0.5 -0.4 -0.3
 -0.5 -0.3 -0.3
 -0.5 -0.2 -0.3
 -0.5 -0.1 -0.3
 -0.5 0 -0.3
 -0.5 0.1 -0.3
 -0.5 0.2 -0.3
 -0.5 0.3 -0.3
 -0.5 0.4 -0.3
 -0.5 -0.4 -0.2
 -0.5 -0.3 -0.2
 -0.5 -0.2 -0.2
 -0.5 -0.1 -0.2
 -0.5 0 -0.2
 -0.5 0.1 -0.2
 -0.5 0.2 -0.2
 -0.5 0.3 -0.2
 -0.5 0.4 -0.2
 -0.5 -0.4 -0.1
 -0.5 -0.3 -0.1
 -0.5 -0.2 -0.1
 -0.5 -0.1 -0.1
 -0.5 0 -0.1
 -0.5 0.1 -0.1
 -0.5 0.2 -0.1
 -0.5 0.3 -0.1
 -0.5 0.4 -0.1
 -0.5 -0.4 0
 -0.5 -0.3 0
 -0.5 -0.2 0
 -0.5 -0.1 0
 -0.5 0 0
 -0.5 0.1 0
 -0.5 0.2 0
 -0.5 0.3 0
 -0.5 0.4 0
 -0.5 -0.4 0.1
 -0.5 -0.3 0.1
 -0.5 -0.2 0.1
 -0.5 -0.1 0.1
 -0.5 0 0.1
 -0.5 0.1 0.1
 -0.5 0.2 0.1
 -0.5 0.3 0.1
 -0.5 0.4 0.1
 -0.5 -0.4 0.2
 -0.5 -0.3 0.2
 -0.5 -0.2 0.2
 -0.5 -0.1 0.2
 -0.5 0 0.2
 -0.5 0.1 0.2
 -0.5 0.2 0.2
 -0.5 0.3 0.2
 -0.5 0.4 0.2
 -0.5 -0.4 0.3
 -0.5 -0.3 0.3
 -0.5 -0.2 0.3
 -0.5 -0.1 0.3
 -0.5 0 0.3
 -0.5 0.1 0.3
 -0.5 0.2 0.3
 -0.5 0.3 0.3
 -0.5 0.4 0.3
 -0.5 -0.4 0.4
 -0.5 -0.3 0.4
 -0.5 -0.2 0.4
 -0.5 -0.1 0.4
 -0.5 0 0.4
 -0.5 0.1 0.4
 -0.5 0.2 0.4
 -0.5 0.3 0.4
 -0.5 0.4 0.4
 0.5 -0.4 -0.4
 0.5 -0.3 -0.4
 0.5 -0.2 -0.4
 0.5 -0.1 -0.4
 0.5 0 -0.4
 0.5 0.1 -0.4
 0.5 0.2 -0.4
 0.5 0.3 -0.4
 0.5 0.4 -0.4
 0.5 -0.4 -0.3
 0.5 -0.3 -0.3
 0.5 -0.2 -0.3
 0.5 -0.1 -0.3
 0.5 0 -0.3
 0.5 0.1 -0.3
 0.5 0.2 -0.3
 0.5 0.3 -0.3
 0.5 0.4 -0.3
 0.5 -0.4 -0.2
 0.5 -0.3 -0.2
 0.5 -0.2 -0.2
 0.5 -0.1 -0.2
 0.5 0 -0.2
 0.5 0.1 -0.2
 0.5 0.2 -0.2
 0.5 0.3 -0.2
 0.5 0.4 -0.2
 0.5 -0.4 -0.1
 0.5 -0.3 -0.1
 0.5 -0.2 -0.1
 0.5 -0.1 -0.1
 0.5 0 -0.1
 0.5 0.1 -0.1
 0.5 0.2 -0.1
 0.5 0.3 -0.1
 0.5 0.4 -0.1
 0.5 -0.4 0
 0.5 -0.3 0
 0.5 -0.2 0
 0.5 -0.1 0
 0.5 0 0
 0.5 0.1 0
 0.5 0.2 0
 0.5 0.3 0
 0.5 0.4 0
 0.5 -0.4 0.1
 0.5 -0.3 0.1
 0.5 -0.2 0.1
 0.5 -0.1 0.1
 0.5 0 0.1
 0.5 0.1 0.1
 0.5 0.2 0.1
 0.5 0.3 0.1
 0.5 0.4 0.1
 0.5 -0.4 0.2
 0.5 -0.3 0.2
 0.5 -0.2 0.2
 0.5 -0.1 0.2
 0.5 0 0.2
 0.5 0.1 0.2
 0.5 0.2 0.2
 0.5 0.3 0.2
 0.5 0.4 0.2
 0.5 -0.4 0.3
 0.5 -0.3 0.3
 0.5 -0.2 0.3
 0.5 -0.1 0.3
 0.5 0 0.3
 0.5 0.1 0.3
 0.5 0.2 0.3
 0.5 0.3 0.3
 0.5 0.4 0.3
 0.5 -0.4 0.4
 0.5 -0.3 0.4
 0.5 -0.2 0.4
 0.5 -0.1 0.4
 0.5 0 0.4
 0.5 0.1 0.4
 0.5 0.2 0.4
 0.5 0.3 0.4
 0.5 0.4 0.4

CELLS 600 3000
 4 0 1 12 11
 4 1 2 13 12
 4 2 3 14 13
 4 3 4 15 14
 4 4 5 16 15
 4 5 6 17 16
 4 6 7 18 17
 4 7 8 19 18
 4 8 9 20 19
 4 9 10 21 20
 4 11 12 23 22
 4 12 13 24 23
 4 13 14 25 24
 4 14 15 26 25
 4 15 16 27 26
 4 16 17 28 27
 4 17 18 29 28
 4 18 19 30 29
 4 19 20 31 30
 4 20 21 32 31
 4 22 23 34 33
 4 23 24 35 34
 4 24 25 36 35
 4 25 26 37 36
 4 26 27 38 37
 4 27 28 39 38
 4 28 29 40 39
 4 29 30 41 40
 4 30 31 42 41
 4 31 32 43 42
 4 33 34 45 44
 4 34 35 46 45
 4 35 36 47 46
 4 36 37 48 47
 4 37 38 49 48
 4 38 39 50 49
 4 39 40 51 50
 4 40 41 52 51
 4 41 42 53 52
 4 42 43 54 53
 4 44 45 56 55
 4 45 46 57 56
 4 46 47 58 57
 4 47 48 59 58
 4 48 49 60 59
 4 49 50 61 60
 4 50 51 62 61
 4 51 52 63 62
 4 52 53 64 63
 4 53 54 65 64
 4 55 56 67 66
 4 56 57 68 67
 4 57 58 69 68
 4 58 59 70 69
 4 59 60 71 70
 4 60 61 72 71
 4 61 62 73 72
 4 62 63 74 73
 4 63 64 75 74
 4 64 65 76 75
 4 66 67 78 77
 4 67 68 79 78
 4 68 69 80 79
 4 69 70 81 80
 4 70 71 82 81
 4 71 72 83 82
 4 72 73 84 83
 4 73 74 85 84
 4 74 75 86 85
 4 75 76 87 86
 4 77 78 89 88
 4 78 79 90 89
 4 79 80 91 90
 4 80 81 92 91
 4 81 82 93 92
 4 82 83 94 93
 4 83 84 95 94
 4 84 85 96 95
 4 85 86 97 96
 4 86 87 98 97
 4 88 89 100 99
 4 89 90 101 100
 4 90 91 102 101
 4 91 92 103 102
 4 92 93 104 103
 4 93 94 105 104
 4 94 95 106 105
 4 95 96 107 106
 4 96 97 108 107
 4 97 98 109 108
 4 99 100 111 110
 4 100 101 112 111
 4 101 102 113 112
 4 102 103 114 113
 4 103 104 115 114
 4 104 105 116 115
 4 105 106 117 116
 4 106 107 118 117
 4 107 108 119 118
 4 108 109 120 119
 4 121 122 133 132
 4 122 123 134 133
 4 123 124 135 134
 4 124 125 136 135
 4 125 126 137 136
 4 126 127 138 137
 4 127 128 139 138
 4 128 129 140 139
 4 129 130 141 140
 4 130 131 142 141
 4 132 133 144 143
 4 133 134 145 144
 4 134 135 146 145
 4 135 136 147 146
 4 136 137 148 147
 4 137 138 149 148
 4 138 139 150 149
 4 139 140 151 150
 4 140 141 152 151
 4 141 142 153 152
 4 143 144 155 154
 4 144 145 156 155
 4 145 146 157 156
 4 146 147 158 157
 4 147 148 159 158
 4 148 149 160 159
 4 149 150 161 160
 4 150 151 162 161
 4 151 152 163 162
 4 152 153 164 163
 4 154 155 166 165
 4 155 156 167 166
 4 156 157 168 167
 4 157 158 169 168
 4 158 159 170 169
 4 159 160 171 170
 4 160 161 172 171
 4 161 162 173 172
 4 162 163 174 173
 4 163 164 175 174
 4 165 166 177 176
 4 166 167 178 177
 4 167 168 179 178
 4 168 169 180 179
 4 169 170 181 180
 4 170 171 182 181
 4 171 172 183 182
 4 172 173 184 183
 4 173 174 185 184
 4 174 175 186 185
 4 176 177 188 187
 4 177 178 189 188
 4 178 179 190 189
 4 179 180 191 190
 4 180 181 192 191
 4 181 182 193 192
 4 182 183 194 193
 4 183 184 195 194
 4 184 185 196 195
 4 185 186 197 196
 4 187 188 199 198
 4 188 189 200 199
 4 189 190 201 200
 4 190 191 202 201
 4 191 192 203 202
 4 192 193 204 203
 4 193 194 205 204
 4 194 195 206 205
 4 195 196 207 206
 4 196 197 208 207
 4 198 199 210 209
 4 199 200 211 210
 4 200 201 212 211
 4 201 202 213 212
 4 202 203 214 213
 4 203 204 215 214
 4 204 205 216 215
 4 205 206 217 216
 4 206 207 218 217
 4 207 208 219 218
 4 209 210 221 220
 4 210 211 222 221
 4 211 212 223 222
 4 212 213 224 223
 4 213 214 225 224
 4 214 215 226 225
 4 215 216 227 226
 4 216 217 228 227
 4 217 218 229 228
 4 218 219 230 229
 4 220 221 232 231
 4 221 222 233 232
 4 222 223 234 233
 4 223 224 235 234
 4 224 225 236 235
 4 225 226 237 236
 4 226 227 238 237
 4 227 228 239 238
 4 228 229 240 239
 4 229 230 241 240
 4 110 111 243 242
 4 111 112 244 243
 4 112 113 245 244
 4 113 114 246 245
 4 114 115 247 246
 4 115 116 248 247
 4 116 117 249 248
 4 117 118 250 249
 4 118 119 251 250
 4 119 120 252 251
 4 242 243 254 253
 4 243 244 255 254
 4 244 245 256 255
 4 245 246 257 256
 4 246 247 258 257
 4 247 248 259 258
 4 248 249 260 259
 4 249 250 261 260
 4 250 251 262 261
 4 251 252 263 262
 4 253 254 265 264
 4 254 255 266 265
 4 255 256 267 266
 4 256 257 268 267
 4 257 258 269 268
 4 258 259 270 269
 4 259 260 271 270
 4 260 261 272 271
 4 261 262 273 272
 4 262 263 274 273
 4 264 265 276 275
 4 265 266 277 276
 4 266 267 278 277
 4 267 268 279 278
 4 268 269 280 279
 4 269 270 281 280
 4 270 271 282 281
 4 271 272 283 282
 4 272 273 284 283
 4 273 274 285 284
 4 275 276 287 286
 4 276 277 288 287
 4 277 278 289 288
 4 278 279 290 289
 4 279 280 291 290
 4 280 281 292 291
 4 281 282 293 292
 4 282 283 294 293
 4 283 284 295 294
 4 284 285 296 295
 4 286 287 298 297
 4 287 288 299 298
 4 288 289 300 299
 4 289 290 301 300
 4 290 291 302 301
 4 291 292 303 302
 4 292 293 304 303
 4 293 294 305 304
 4 294 295 306 305
 4 295 296 307 306
 4 297 298 309 308
 4 298 299 310 309
 4 299 300 311 310
 4 300 301 312 311
 4 301 302 313 312
 4 302 303 314 313
 4 303 304 315 314
 4 304 305 316 315
 4 305 306 317 316
 4 306 307 318 317
 4 308 309 320 319
 4 309 310 321 320
 4 310 311 322 321
 4 311 312 323 322
 4 312 313 324 323
 4 313 314 325 324
 4 314 315 326 325
 4 315 316 327 326
 4 316 317 328 327
 4 317 318 329 328
 4 319 320 331 330
 4 320 321 332 331
 4 321 322 333 332
 4 322 323 334 333
 4 323 324 335 334
 4 324 325 336 335
 4 325 326 337 336
 4 326 327 338 337
 4 327 328 339 338
 4 328 329 340 339
 4 330 331 232 231
 4 331 332 233 232
 4 332 333 234 233
 4 333 334 235 234
 4 334 335 236 235
 4 335 336 237 236
 4 336 337 238 237
 4 337 338 239 238
 4 338 339 240 239
 4 339 340 241 240
 4 0 1 342 341
 4 1 2 343 342
 4 2 3 344 343
 4 3 4 345 344
 4 4 5 346 345
 4 5 6 347 346
 4 6 7 348 347
 4 7 8 349 348
 4 8 9 350 349
 4 9 10 351 350
 4 341 342 353 352
 4 342 343 354 353
 4 343 344 355 354
 4 344 345 356 355
 4 345 346 357 356
 4 346 347 358 357
 4 347 348 359 358
 4 348 349 360 359
 4 349 350 361 360
 4 350 351 362 361
 4 352 353 364 363
 4 353 354 365 364
 4 354 355 366 365
 4 355 356 367 366
 4 356 357 368 367
 4 357 358 369 368
 4 358 359 370 369
 4 359 360 371 370
 4 360 361 372 371
 4 361 362 373 372
 4 363 364 375 374
 4 364 365 376 375
 4 365 366 377 376
 4 366 367 378 377
 4 367 368 379 378
 4 368 369 380 379
 4 369 370 381 380
 4 370 371 382 381
 4 371 372 383 382
 4 372 373 384 383
 4 374 375 386 385
 4 375 376 387 386
 4 376 377 388 387
 4 377 378 389 388
 4 378 379 390 389
 4 379 380 391 390
 4 380 381 392 391
 4 381 382 393 392
 4 382 383 394 393
 4 383 384 395 394
 4 385 386 397 396
 4 386 387 398 397
 4 387 388 399 398
 4 388 389 400 399
 4 389 390 401 400
 4 390 391 402 401
 4 391 392 403 402
 4 392 393 404 403
 4 393 394 405 404
 4 394 395 406 405
 4 396 397 408 407
 4 397 398 409 408
 4 398 399 410 409
 4 399 400 411 410
 4 400 401 412 411
 4 401 402 413 412
 4 402 403 414 413
 4 403 404 415 414
 4 404 405 416 415
 4 405 406 417 416
 4 407 408 419 418
 4 408 409 420 419
 4 409 410 421 420
 4 410 411 422 421
 4 411 412 423 422
 4 412 413 424 423
 4 413 414 425 424
 4 414 415 426 425
 4 415 416 427 426
 4 416 417 428 427
 4 418 419 430 429
 4 419 420 431 430
 4 420 421 432 431
 4 421 422 433 432
 4 422 423 434 433
 4 423 424 435 434
 4 424 425 436 435
 4 425 426 437 436
 4 426 427 438 437
 4 427 428 439 438
 4 429 430 122 121
 4 430 431 123 122
 4 431 432 124 123
 4 432 433 125 124
 4 433 434 126 125
 4 434 435 127 126
 4 435 436 128 127
 4 436 437 129 128
 4 437 438 130 129
 4 438 439 131 130
 4 0 11 440 341
 4 11 22 441 440
 4 22 33 442 441
 4 33 44 443 442
 4 44 55 444 443
 4 55 66 445 444
 4 66 77 446 445
 4 77 88 447 446
 4 88 99 448 447
 4 99 110 242 448
 4 341 440 449 352
 4 440 441 450 449
 4 441 442 451 450
 4 442 443 452 451
 4 443 444 453 452
 4 444 445 454 453
 4 445 446 455 454
 4 446 447 456 455
 4 447 448 457 456
 4 448 242 253 457
 4 352 449 458 363
 4 449 450 459 458
 4 450 451 460 459
 4 451 452 461 460
 4 452 453 462 461
 4 453 454 463 462
 4 454 455 464 463
 4 455 456 465 464
 4 456 457 466 465
 4 457 253 264 466
 4 363 458 467 374
 4 458 459 468 467
 4 459 460 469 468
 4 460 461 470 469
 4 461 462 471 470
 4 462 463 472 471
 4 463 464 473 472
 4 464 465 474 473
 4 465 466 475 474
 4 466 264 275 475
 4 374 467 476 385
 4 467 468 477 476
 4 468 469 478 477
 4 469 470 479 478
 4 470 471 480 479
 4 471 472 481 480
 4 472 473 482 481
 4 473 474 483 482
 4 474 475 484 483
 4 475 275 286 484
 4 385 476 485 396
 4 476 477 486 485
 4 477 478 487 486
 4 478 479 488 487
 4 479 480 489 488
 4 480 481 490 489
 4 481 482 491 490
 4 482 483 492 491
 4 483 484 493 492
 4 484 286 297 493
 4 396 485 494 407
 4 485 486 495 494
 4 486 487 496 495
 4 487 488 497 496
 4 488 489 498 497
 4 489 490 499 498
 4 490 491 500 499
 4 491 492 501 500
 4 492 493 502 501
 4 493 297 308 502
 4 407 494 503 418
 4 494 495 504 503
 4 495 496 505 504
 4 496 497 506 505
 4 497 498 507 506
 4 498 499 508 507
 4 499 500 509 508
 4 500 501 510 509
 4 501 502 511 510
 4 502 308 319 511
 4 418 503 512 429
 4 503 504 513 512
 4 504 505 514 513
 4 505 506 515 514
 4 506 507 516 515
 4 507 508 517 516
 4 508 509 518 517
 4 509 510 519 518
 4 510 511 520 519
 4 511 319 330 520
 4 429 512 132 121
 4 512 513 143 132
 4 513 514 154 143
 4 514 515 165 154
 4 515 516 176 165
 4 516 517 187 176
 4 517 518 198 187
 4 518 519 209 198
 4 519 520 220 209
 4 520 330 231 220
 4 10 21 521 351
 4 21 32 522 521
 4 32 43 523 522
 4 43 54 524 523
 4 54 65 525 524
 4 65 76 526 525
 4 76 87 527 526
 4 87 98 528 527
 4 98 109 529 528
 4 109 120 252 529
 4 351 521 530 362
 4 521 522 531 530
 4 522 523 532 531
 4 523 524 533 532
 4 524 525 534 533
 4 525 526 535 534
 4 526 527 536 535
 4 527 528 537 536
 4 528 529 538 537
 4 529 252 263 538
 4 362 530 539 373
 4 530 531 540 539
 4 531 532 541 540
 4 532 533 542 541
 4 533 534 543 542
 4 534 535 544 543
 4 535 536 545 544
 4 536 537 546 545
 4 537 538 547 546
 4 538 263 274 547
 4 373 539 548 384
 4 539 540 549 548
 4 540 541 550 549
 4 541 542 551 550
 4 542 543 552 551
 4 543 544 553 552
 4 544 545 554 553
 4 545 546 555 554
 4 546 547 556 555
 4 547 274 285 556
 4 384 548 557 395
 4 548 549 558 557
 4 549 550 559 558
 4 550 551 560 559
 4 551 552 561 560
 4 552 553 562 561
 4 553 554 563 562
 4 554 555 564 563
 4 555 556 565 564
 4 556 285 296 565
 4 395 557 566 406
 4 557 558 567 566
 4 558 559 568 567
 4 559 560 569 568
 4 560 561 570 569
 4 561 562 571 570
 4 562 563 572 571
 4 563 564 573 572
 4 564 565 574 573
 4 565 296 307 574
 4 406 566 575 417
 4 566 567 576 575
 4 567 568 577 576
 4 568 569 578 577
 4 569 570 579 578
 4 570 571 580 579
 4 571 572 581 580
 4 572 573 582 581
 4 573 574 583 582
 4 574 307 318 583
 4 417 575 584 428
 4 575 576 585 584
 4 576 577 586 585
 4 577 578 587 586
 4 578 579 588 587
 4 579 580 589 588
 4 580 581 590 589
 4 581 582 591 590
 4 582 583 592 591
 4 583 318 329 592
 4 428 584 593 439
 4 584 585 594 593
 4 585 586 595 594
 4 586 587 596 595
 4 587 588 597 596
 4 588 589 598 597
 4 589 590 599 598
 4 590 591 600 599
 4 591 592 601 600
 4 592 329 340 601
 4 439 593 142 131
 4 593 594 153 142
 4 594 595 164 153
 4 595 596 175 164
 4 596 597 186 175
 4 597 598 197 186
 4 598 599 208 197
 4 599 600 219 208
 4 600 601 230 219
 4 601 340 241 230

CELL_TYPES 600
 9
 9
 9
 9
 9
 9
 9
 9
 9
 9
 9
 9
 9
 9
 9
 9
 9
 9
 9
 9
 9
 9
 9
 9
 9
 9
 9
 9
 9
 9
 9
 9
 9
 9
 9
 9
 9
 9
 9
 9
 9
 9
 9
 9
 9
 9
 9
 9
 9
 9
 9
 9
 9
 9
 9
 9
 9
 9
 9
 9
 9
 9
 9
 9
 9
 9
 9
 9
 9
 9
 9
 9
 9
 9
 9
 9
 9
 9
 9
 9
 9
 9
 9
 9
 9
 9
 9
 9
 9
 9
 9
 9
 9
 9
 9
 9
 9
 9
 9
 9
 9
 9
 9
 9
 9
 9
 9
 9
 9
 9
 9
 9
 9
 9
 9
 9
 9
 9
 9
 9
 9
 9
 9
 9
 9
 9
 9
 9
 9
 9
 9
 9
 9
 9
 9
 9
 9
 9
 9
 9
 9
 9
 9
 9
 9
 9
 9
 9
 9
 9
 9
 9
 9
 9
 9
 9
 9
 9
 9
 9
 9
 9
 9
 9
 9
 9
 9
 9
 9
 9
 9
 9
 9
 9
 9
 9
 9
 9
 9
 9
 9
 9
 9
 9
 9
 9
 9
 9
 9
 9
 9
 9
 9
 9
 9
 9
 9
 9
 9
 9
 9
 9
 9
 9
 9
 9
 9
 9
 9
 9
 9
 9
 9
 9
 9
 9
 9
 9
 9
 9
 9
 9
 9
 9
 9
 9
 9
 9
 9
 9
 9
 9
 9
 9
 9
 9
 9
 9
 9
 9
 9
 9
 9
 9
 9
 9
 9
 9
 9
 9
 9
 9
 9
 9
 9
 9
 9
 9
 9
 9
 9
 9
 9
 9
 9
 9
 9
 9
 9
 9
 9
 9
 9
 9
 9
 9
 9
 9
 9
 9
 9
 9
 9
 9
 9
 9
 9
 9
 9
 9
 9
 9
 9
 9
 9
 9
 9
 9
 9
 9
 9
 9
 9
 9
 9
 9
 9
 9
 9
 9
 9
 9
 9
 9
 9
 9
 9
 9
 9
 9
 9
 9
 9
 9
 9
 9
 9
 9
 9
 9
 9
 9
 9
 9
 9
 9
 9
 9
 9
 9
 9
 9
 9
 9
 9
 9
 9
 9
 9
 9
 9
 9
 9
 9
 9
 9
 9
 9
 9
 9
 9
 9
 9
 9
 9
 9
 9
 9
 9
 9
 9
 9
 9
 9
 9
 9
 9
 9
 9
 9
 9
 9
 9
 9
 9
 9
 9
 9
 9
 9
 9
 9
 9
 9
 9
 9
 9
 9
 9
 9
 9
 9
 9
 9
 9
 9
 9
 9
 9
 9
 9
 9
 9
 9
 9
 9
 9
 9
 9
 9
 9
 9
 9
 9
 9
 9
 9
 9
 9
 9
 9
 9
 9
 9
 9
 9
 9
 9
 9
 9
 9
 9
 9
 9
 9
 9
 9
 9
 9
 9
 9
 9
 9
 9
 9
 9
 9
 9
 9
 9
 9
 9
 9
 9
 9
 9
 9
 9
 9
 9
 9
 9
 9
 9
 9
 9
 9
 9
 9
 9
 9
 9
 9
 9
 9
 9
 9
 9
 9
 9
 9
 9
 9
 9
 9
 9
 9
 9
 9
 9
 9
 9
 9
 9
 9
 9
 9
 9
 9
 9
 9
 9
 9
 9
 9
 9
 9
 9
 9
 9
 9
 9
 9
 9
 9
 9
 9
 9
 9
 9
 9
 9
 9
 9
 9
 9
 9
 9
 9
 9
 9
 9
 9
 9
 9
 9
 9
 9
 9
 9
 9
 9
 9
 9
 9
 9
 9
 9
 9
 9
 9
 9
 9
 9
 9
 9
 9
 9
 9
 9
 9
 9
 9
 9
 9
 9
 9
 9
 9
 9
 9
 9
 9
 9
 9
 9
 9
 9
 9
 9
 9
 9
 9
 9
 9
 9
 9
 9
 9
 9

CELL_DATA 600
FIELD DOMAIN 2
SurfaceElement_HEAT_FLUX_q 1 600 FLOAT
 -0.664213
 -0.668857
 -0.670734
 -0.665699
 -0.667214
 -0.666253
 -0.666138
 -0.665975
 -0.666974
 -0.664898
 -0.66035
 -0.66834
 -0.670196
 -0.652565
 -0.660514
 -0.667532
 -0.671657
 -0.6674
 -0.670522
 -0.675626
 -0.67147
 -0.660282
 -0.662298
 -0.670365
 -0.665365
 -0.676697
 -0.66346
 -0.66078
 -0.660993
 -0.666416
 -0.670823
 -0.667473
 -0.668029
 -0.666591
 -0.672592
 -0.672183
 -0.666135
 -0.665736
 -0.659057
 -0.671027
 -0.666633
 -0.661491
 -0.664975
 -0.670711
 -0.665136
 -0.666639
 -0.67771
 -0.663416
 -0.659144
 -0.663424
 -0.673195
 -0.670568
 -0.67003
 -0.669617
 -0.657641
 -0.662837
 -0.671725
 -0.680067
 -0.674303
 -0.665701
 -0.667636
 -0.661357
 -0.663807
 -0.670444
 -0.664349
 -0.673471
 -0.662057
 -0.658883
 -0.66322
 -0.66747
 -0.669802
 -0.668236
 -0.676222
 -0.666282
 -0.659791
 -0.660519
 -0.654292
 -0.671256
 -0.673557
 -0.674138
 -0.670405
 -0.665968
 -0.673522
 -0.659975
 -0.657092
 -0.662928
 -0.670918
 -0.666068
 -0.660079
 -0.663355
 -0.669529
 -0.663099
 -0.672395
 -0.670093
 -0.672043
 -0.655152
 -0.670988
 -0.667392
 -0.666624
 -0.668432
 -0.672145
 -0.668837
 -0.668115
 -0.674158
 -0.655085
 -0.670579
 -0.657623
 -0.663392
 -0.668519
 -0.661993
 -0.665929
 -0.665542
 -0.665064
 -0.660203
 -0.66665
 -0.669203
 -0.66881
 -0.674803
 -0.66233
 -0.668209
 -0.664241
 -0.65545
 -0.677959
 -0.666868
 -0.671762
 -0.667221
 -0.671337
 -0.65996
 -0.67056
 -0.671803
 -0.669428
 -0.679767
 -0.666551
 -0.673661
 -0.66362
 -0.662021
 -0.664224
 -0.675672
 -0.67135
 -0.671071
 -0.665453
 -0.674474
 -0.66175
 -0.66337
 -0.671041
 -0.672852
 -0.661006
 -0.663174
 -0.665824
 -0.656874
 -0.659813
 -0.673225
 -0.66615
 -0.666476
 -0.658651
 -0.668956
 -0.654215
 -0.660452
 -0.67063
 -0.670508
 -0.658408
 -0.67102
 -0.667802
 -0.668496
 -0.657779
 -0.656841
 -0.662883
 -0.662483
 -0.666823
 -0.65992
 -0.657158
 -0.660311
 -0.663883
 -0.668308
 -0.667389
 -0.669052
 -0.66555
 -0.664854
 -0.666713
 -0.665637
 -0.664649
 -0.671857
 -0.667442
 -0.666609
 -0.66244
 -0.666941
 -0.668271
 -0.668757
 -0.661254
 -0.669109
 -0.671651
 -0.660516
 -0.662906
 -0.657939
 -0.664769
 -0.670092
 -0.663407
 -0.662387
 -0.665976
 -0.660145
 0
 0
 0
 0
 0
 0
 0
 0
 0
 0
 0
 0
 0
 0
 0
 0
 0
 0
 0
 0
 0
 0
 0
 0
 0
 0
 0
 0
 0
 0
 0
 0
 0
 0
 0
 0
 0
 0
 0
 0
 0
 0
 0
 0
 0
 0
 0
 0
 0
 0
 0
 0
 0
 0
 0
 0
 0
 0
 0
 0
 0
 0
 0
 0
 0
 0
 0
 0
 0
 0
 0
 0
 0
 0
 0
 0
 0
 0
 0
 0
 0
 0
 0
 0
 0
 0
 0
 0
 0
 0
 0
 0
 0
 0
 0
 0
 0
 0
 0
 0
 0
 0
 0
 0
 0
 0
 0
 0
 0
 0
 0
 0
 0
 0
 0
 0
 0
 0
 0
 0
 0
 0
 0
 0
 0
 0
 0
 0
 0
 0
 0
 0
 0
 0
 0
 0
 0
 0
 0
 0
 0
 0
 0
 0
 0
 0
 0
 0
 0
 0
 0
 0
 0
 0
 0
 0
 0
 0
 0
 0
 0
 0
 0
 0
 0
 0
 0
 0
 0
 0
 0
 0
 0
 0
 0
 0
 0
 0
 0
 0
 0
 0
 0
 0
 0
 0
 0
 0
 0
 0
 0
 0
 0
 0
 0
 0
 0
 0
 0
 0
 0
 0
 0
 0
 0
 0
 0
 0
 0
 0
 0
 0
 0
 0
 0
 0
 0
 0
 0
 0
 0
 0
 0
 0
 0
 0
 0
 0
 0
 0
 0
 0
 0
 0
 0
 0
 0
 0
 0
 0
 0
 0
 0
 0
 0
 0
 0
 0
 0
 0
 0
 0
 0
 0
 0
 0
 0
 0
 0
 0
 0
 0
 0
 0
 0
 0
 0
 0
 0
 0
 0
 0
 0
 0
 0
 0
 0
 0
 0
 0
 0
 0
 0
 0
 0
 0
 0
 0
 0
 0
 0
 0
 0
 0
 0
 0
 0
 0
 0
 0
 0
 0
 0
 0
 0
 0
 0
 0
 0
 0
 0
 0
 0
 0
 0
 0
 0
 0
 0
 0
 0
 0
 0
 0
 0
 0
 0
 0
 0
 0
 0
 0
 0
 0
 0
 0
 0
 0
 0
 0
 0
 0
 0
 0
 0
 0
 0
 0
 0
 0
 0
 0
 0
 0
 0
 0
 0
 0
 0
 0
 0
 0
 0
 0
 0
 0
 0
 0
 0
 0
 0
 0
 0
 0
 0
 0
 0
 0
 0
 0
 0
 0
 0
 0
 0
 0
 0
 0
 0
 0
 0
 0
 0
 0
 0
 0
 0
 0
 0
 0

SurfaceElement_HEAT_Q 1 600 FLOAT 
 -0.00664213
 -0.00668857
 -0.00670734
 -0.00665699
 -0.00667214
 -0.00666253
 -0.00666138
 -0.00665975
 -0.00666974
 -0.00664898
 -0.0066035
 -0.0066834
 -0.00670196
 -0.00652565
 -0.00660514
 -0.00667532
 -0.00671657
 -0.006674
 -0.00670522
 -0.00675626
 -0.0067147
 -0.00660282
 -0.00662298
 -0.00670365
 -0.00665365
 -0.00676697
 -0.0066346
 -0.0066078
 -0.00660993
 -0.00666416
 -0.00670823
 -0.00667473
 -0.00668029
 -0.00666591
 -0.00672592
 -0.00672183
 -0.00666135
 -0.00665736
 -0.00659057
 -0.00671027
 -0.00666633
 -0.00661491
 -0.00664975
 -0.00670711
 -0.00665136
 -0.00666639
 -0.0067771
 -0.00663416
 -0.00659144
 -0.00663424
 -0.00673195
 -0.00670568
 -0.0067003
 -0.00669617
 -0.00657641
 -0.00662837
 -0.00671725
 -0.00680067
 -0.00674303
 -0.00665701
 -0.00667636
 -0.00661357
 -0.00663807
 -0.00670444
 -0.00664349
 -0.00673471
 -0.00662057
 -0.00658883
 -0.0066322
 -0.0066747
 -0.00669802
 -0.00668236
 -0.00676222
 -0.00666282
 -0.00659791
 -0.00660519
 -0.00654292
 -0.00671256
 -0.00673557
 -0.00674138
 -0.00670405
 -0.00665968
 -0.00673522
 -0.00659975
 -0.00657092
 -0.00662928
 -0.00670918
 -0.00666068
 -0.00660079
 -0.00663355
 -0.00669529
 -0.00663099
 -0.00672395
 -0.00670093
 -0.00672043
 -0.00655152
 -0.00670988
 -0.00667392
 -0.00666624
 -0.00668432
 -0.00672145
 -0.00668837
 -0.00668115
 -0.00674158
 -0.00655085
 -0.00670579
 -0.00657623
 -0.00663392
 -0.00668519
 -0.00661993
 -0.00665929
 -0.00665542
 -0.00665064
 -0.00660203
 -0.0066665
 -0.00669203
 -0.0066881
 -0.00674803
 -0.0066233
 -0.00668209
 -0.00664241
 -0.0065545
 -0.00677959
 -0.00666868
 -0.00671762
 -0.00667221
 -0.00671337
 -0.0065996
 -0.0067056
 -0.00671803
 -0.00669428
 -0.00679767
 -0.00666551
 -0.00673661
 -0.0066362
 -0.00662021
 -0.00664224
 -0.00675672
 -0.0067135
 -0.00671071
 -0.00665453
 -0.00674474
 -0.0066175
 -0.0066337
 -0.00671041
 -0.00672852
 -0.00661006
 -0.00663174
 -0.00665824
 -0.00656874
 -0.00659813
 -0.00673225
 -0.0066615
 -0.00666476
 -0.00658651
 -0.00668956
 -0.00654215
 -0.00660452
 -0.0067063
 -0.00670508
 -0.00658408
 -0.0067102
 -0.00667802
 -0.00668496
 -0.00657779
 -0.00656841
 -0.00662883
 -0.00662483
 -0.00666823
 -0.0065992
 -0.00657158
 -0.00660311
 -0.00663883
 -0.00668308
 -0.00667389
 -0.00669052
 -0.0066555
 -0.00664854
 -0.00666713
 -0.00665637
 -0.00664649
 -0.00671857
 -0.00667442
 -0.00666609
 -0.0066244
 -0.00666941
 -0.00668271
 -0.00668757
 -0.00661254
 -0.00669109
 -0.00671651
 -0.00660516
 -0.00662906
 -0.00657939
 -0.00664769
 -0.00670092
 -0.00663407
 -0.00662387
 -0.00665976
 -0.00660145
 0
 0
 0
 0
 0
 0
 0
 0
 0
 0
 0
 0
 0
 0
 0
 0
 0
 0
 0
 0
 0
 0
 0
 0
 0
 0
 0
 0
 0
 0
 0
 0
 0
 0
 0
 0
 0
 0
 0
 0
 0
 0
 0
 0
 0
 0
 0
 0
 0
 0
 0
 0
 0
 0
 0
 0
 0
 0
 0
 0
 0
 0
 0
 0
 0
 0
 0
 0
 0
 0
 0
 0
 0
 0
 0
 0
 0
 0
 0
 0
 0
 0
 0
 0
 0
 0
 0
 0
 0
 0
 0
 0
 0
 0
 0
 0
 0
 0
 0
 0
 0
 0
 0
 0
 0
 0
 0
 0
 0
 0
 0
 0
 0
 0
 0
 0
 0
 0
 0
 0
 0
 0
 0
 0
 0
 0
 0
 0
 0
 0
 0
 0
 0
 0
 0
 0
 0
 0
 0
 0
 0
 0
 0
 0
 0
 0
 0
 0
 0
 0
 0
 0
 0
 0
 0
 0
 0
 0
 0
 0
 0
 0
 0
 0
 0
 0
 0
 0
 0
 0
 0
 0
 0
 0
 0
 0
 0
 0
 0
 0
 0
 0
 0
 0
 0
 0
 0
 0
 0
 0
 0
 0
 0
 0
 0
 0
 0
 0
 0
 0
 0
 0
 0
 0
 0
 0
 0
 0
 0
 0
 0
 0
 0
 0
 0
 0
 0
 0
 0
 0
 0
 0
 0
 0
 0
 0
 0
 0
 0
 0
 0
 0
 0
 0
 0
 0
 0
 0
 0
 0
 0
 0
 0
 0
 0
 0
 0
 0
 0
 0
 0
 0
 0
 0
 0
 0
 0
 0
 0
 0
 0
 0
 0
 0
 0
 0
 0
 0
 0
 0
 0
 0
 0
 0
 0
 0
 0
 0
 0
 0
 0
 0
 0
 0
 0
 0
 0
 0
 0
 0
 0
 0
 0
 0
 0
 0
 0
 0
 0
 0
 0
 0
 0
 0
 0
 0
 0
 0
 0
 0
 0
 0
 0
 0
 0
 0
 0
 0
 0
 0
 0
 0
 0
 0
 0
 0
 0
 0
 0
 0
 0
 0
 0
 0
 0
 0
 0
 0
 0
 0
 0
 0
 0
 0
 0
 0
 0
 0
 0
 0
 0
 0
 0
 0
 0
 0
 0
 0
 0
 0
 0
 0
 0
 0
 0
 0
 0
 0
 0
 0
 0
 0
 0
 0
 0
 0
 0
 0
 0
 0
 0
 0
 0
 0
 0
 0
 0
 0
 0
 0
 0
 0
 0
 0
 0
 0
 0
 0
 0
 0
