# vtk DataFile Version 2.0
Three-D cube divergence of heat flux and Q in volume elements
ASCII
DATASET UNSTRUCTURED_GRID

POINTS  1331  FLOAT
 -0.5 -0.5 -0.5
 -0.4 -0.5 -0.5
 -0.3 -0.5 -0.5
 -0.2 -0.5 -0.5
 -0.1 -0.5 -0.5
 0 -0.5 -0.5
 0.1 -0.5 -0.5
 0.2 -0.5 -0.5
 0.3 -0.5 -0.5
 0.4 -0.5 -0.5
 0.5 -0.5 -0.5
 -0.5 -0.4 -0.5
 -0.4 -0.4 -0.5
 -0.3 -0.4 -0.5
 -0.2 -0.4 -0.5
 -0.1 -0.4 -0.5
 0 -0.4 -0.5
 0.1 -0.4 -0.5
 0.2 -0.4 -0.5
 0.3 -0.4 -0.5
 0.4 -0.4 -0.5
 0.5 -0.4 -0.5
 -0.5 -0.3 -0.5
 -0.4 -0.3 -0.5
 -0.3 -0.3 -0.5
 -0.2 -0.3 -0.5
 -0.1 -0.3 -0.5
 0 -0.3 -0.5
 0.1 -0.3 -0.5
 0.2 -0.3 -0.5
 0.3 -0.3 -0.5
 0.4 -0.3 -0.5
 0.5 -0.3 -0.5
 -0.5 -0.2 -0.5
 -0.4 -0.2 -0.5
 -0.3 -0.2 -0.5
 -0.2 -0.2 -0.5
 -0.1 -0.2 -0.5
 0 -0.2 -0.5
 0.1 -0.2 -0.5
 0.2 -0.2 -0.5
 0.3 -0.2 -0.5
 0.4 -0.2 -0.5
 0.5 -0.2 -0.5
 -0.5 -0.1 -0.5
 -0.4 -0.1 -0.5
 -0.3 -0.1 -0.5
 -0.2 -0.1 -0.5
 -0.1 -0.1 -0.5
 0 -0.1 -0.5
 0.1 -0.1 -0.5
 0.2 -0.1 -0.5
 0.3 -0.1 -0.5
 0.4 -0.1 -0.5
 0.5 -0.1 -0.5
 -0.5 0 -0.5
 -0.4 0 -0.5
 -0.3 0 -0.5
 -0.2 0 -0.5
 -0.1 0 -0.5
 0 0 -0.5
 0.1 0 -0.5
 0.2 0 -0.5
 0.3 0 -0.5
 0.4 0 -0.5
 0.5 0 -0.5
 -0.5 0.1 -0.5
 -0.4 0.1 -0.5
 -0.3 0.1 -0.5
 -0.2 0.1 -0.5
 -0.1 0.1 -0.5
 0 0.1 -0.5
 0.1 0.1 -0.5
 0.2 0.1 -0.5
 0.3 0.1 -0.5
 0.4 0.1 -0.5
 0.5 0.1 -0.5
 -0.5 0.2 -0.5
 -0.4 0.2 -0.5
 -0.3 0.2 -0.5
 -0.2 0.2 -0.5
 -0.1 0.2 -0.5
 0 0.2 -0.5
 0.1 0.2 -0.5
 0.2 0.2 -0.5
 0.3 0.2 -0.5
 0.4 0.2 -0.5
 0.5 0.2 -0.5
 -0.5 0.3 -0.5
 -0.4 0.3 -0.5
 -0.3 0.3 -0.5
 -0.2 0.3 -0.5
 -0.1 0.3 -0.5
 0 0.3 -0.5
 0.1 0.3 -0.5
 0.2 0.3 -0.5
 0.3 0.3 -0.5
 0.4 0.3 -0.5
 0.5 0.3 -0.5
 -0.5 0.4 -0.5
 -0.4 0.4 -0.5
 -0.3 0.4 -0.5
 -0.2 0.4 -0.5
 -0.1 0.4 -0.5
 0 0.4 -0.5
 0.1 0.4 -0.5
 0.2 0.4 -0.5
 0.3 0.4 -0.5
 0.4 0.4 -0.5
 0.5 0.4 -0.5
 -0.5 0.5 -0.5
 -0.4 0.5 -0.5
 -0.3 0.5 -0.5
 -0.2 0.5 -0.5
 -0.1 0.5 -0.5
 0 0.5 -0.5
 0.1 0.5 -0.5
 0.2 0.5 -0.5
 0.3 0.5 -0.5
 0.4 0.5 -0.5
 0.5 0.5 -0.5
 -0.5 -0.5 -0.4
 -0.4 -0.5 -0.4
 -0.3 -0.5 -0.4
 -0.2 -0.5 -0.4
 -0.1 -0.5 -0.4
 0 -0.5 -0.4
 0.1 -0.5 -0.4
 0.2 -0.5 -0.4
 0.3 -0.5 -0.4
 0.4 -0.5 -0.4
 0.5 -0.5 -0.4
 -0.5 -0.4 -0.4
 -0.4 -0.4 -0.4
 -0.3 -0.4 -0.4
 -0.2 -0.4 -0.4
 -0.1 -0.4 -0.4
 0 -0.4 -0.4
 0.1 -0.4 -0.4
 0.2 -0.4 -0.4
 0.3 -0.4 -0.4
 0.4 -0.4 -0.4
 0.5 -0.4 -0.4
 -0.5 -0.3 -0.4
 -0.4 -0.3 -0.4
 -0.3 -0.3 -0.4
 -0.2 -0.3 -0.4
 -0.1 -0.3 -0.4
 0 -0.3 -0.4
 0.1 -0.3 -0.4
 0.2 -0.3 -0.4
 0.3 -0.3 -0.4
 0.4 -0.3 -0.4
 0.5 -0.3 -0.4
 -0.5 -0.2 -0.4
 -0.4 -0.2 -0.4
 -0.3 -0.2 -0.4
 -0.2 -0.2 -0.4
 -0.1 -0.2 -0.4
 0 -0.2 -0.4
 0.1 -0.2 -0.4
 0.2 -0.2 -0.4
 0.3 -0.2 -0.4
 0.4 -0.2 -0.4
 0.5 -0.2 -0.4
 -0.5 -0.1 -0.4
 -0.4 -0.1 -0.4
 -0.3 -0.1 -0.4
 -0.2 -0.1 -0.4
 -0.1 -0.1 -0.4
 0 -0.1 -0.4
 0.1 -0.1 -0.4
 0.2 -0.1 -0.4
 0.3 -0.1 -0.4
 0.4 -0.1 -0.4
 0.5 -0.1 -0.4
 -0.5 0 -0.4
 -0.4 0 -0.4
 -0.3 0 -0.4
 -0.2 0 -0.4
 -0.1 0 -0.4
 0 0 -0.4
 0.1 0 -0.4
 0.2 0 -0.4
 0.3 0 -0.4
 0.4 0 -0.4
 0.5 0 -0.4
 -0.5 0.1 -0.4
 -0.4 0.1 -0.4
 -0.3 0.1 -0.4
 -0.2 0.1 -0.4
 -0.1 0.1 -0.4
 0 0.1 -0.4
 0.1 0.1 -0.4
 0.2 0.1 -0.4
 0.3 0.1 -0.4
 0.4 0.1 -0.4
 0.5 0.1 -0.4
 -0.5 0.2 -0.4
 -0.4 0.2 -0.4
 -0.3 0.2 -0.4
 -0.2 0.2 -0.4
 -0.1 0.2 -0.4
 0 0.2 -0.4
 0.1 0.2 -0.4
 0.2 0.2 -0.4
 0.3 0.2 -0.4
 0.4 0.2 -0.4
 0.5 0.2 -0.4
 -0.5 0.3 -0.4
 -0.4 0.3 -0.4
 -0.3 0.3 -0.4
 -0.2 0.3 -0.4
 -0.1 0.3 -0.4
 0 0.3 -0.4
 0.1 0.3 -0.4
 0.2 0.3 -0.4
 0.3 0.3 -0.4
 0.4 0.3 -0.4
 0.5 0.3 -0.4
 -0.5 0.4 -0.4
 -0.4 0.4 -0.4
 -0.3 0.4 -0.4
 -0.2 0.4 -0.4
 -0.1 0.4 -0.4
 0 0.4 -0.4
 0.1 0.4 -0.4
 0.2 0.4 -0.4
 0.3 0.4 -0.4
 0.4 0.4 -0.4
 0.5 0.4 -0.4
 -0.5 0.5 -0.4
 -0.4 0.5 -0.4
 -0.3 0.5 -0.4
 -0.2 0.5 -0.4
 -0.1 0.5 -0.4
 0 0.5 -0.4
 0.1 0.5 -0.4
 0.2 0.5 -0.4
 0.3 0.5 -0.4
 0.4 0.5 -0.4
 0.5 0.5 -0.4
 -0.5 -0.5 -0.3
 -0.4 -0.5 -0.3
 -0.3 -0.5 -0.3
 -0.2 -0.5 -0.3
 -0.1 -0.5 -0.3
 0 -0.5 -0.3
 0.1 -0.5 -0.3
 0.2 -0.5 -0.3
 0.3 -0.5 -0.3
 0.4 -0.5 -0.3
 0.5 -0.5 -0.3
 -0.5 -0.4 -0.3
 -0.4 -0.4 -0.3
 -0.3 -0.4 -0.3
 -0.2 -0.4 -0.3
 -0.1 -0.4 -0.3
 0 -0.4 -0.3
 0.1 -0.4 -0.3
 0.2 -0.4 -0.3
 0.3 -0.4 -0.3
 0.4 -0.4 -0.3
 0.5 -0.4 -0.3
 -0.5 -0.3 -0.3
 -0.4 -0.3 -0.3
 -0.3 -0.3 -0.3
 -0.2 -0.3 -0.3
 -0.1 -0.3 -0.3
 0 -0.3 -0.3
 0.1 -0.3 -0.3
 0.2 -0.3 -0.3
 0.3 -0.3 -0.3
 0.4 -0.3 -0.3
 0.5 -0.3 -0.3
 -0.5 -0.2 -0.3
 -0.4 -0.2 -0.3
 -0.3 -0.2 -0.3
 -0.2 -0.2 -0.3
 -0.1 -0.2 -0.3
 0 -0.2 -0.3
 0.1 -0.2 -0.3
 0.2 -0.2 -0.3
 0.3 -0.2 -0.3
 0.4 -0.2 -0.3
 0.5 -0.2 -0.3
 -0.5 -0.1 -0.3
 -0.4 -0.1 -0.3
 -0.3 -0.1 -0.3
 -0.2 -0.1 -0.3
 -0.1 -0.1 -0.3
 0 -0.1 -0.3
 0.1 -0.1 -0.3
 0.2 -0.1 -0.3
 0.3 -0.1 -0.3
 0.4 -0.1 -0.3
 0.5 -0.1 -0.3
 -0.5 0 -0.3
 -0.4 0 -0.3
 -0.3 0 -0.3
 -0.2 0 -0.3
 -0.1 0 -0.3
 0 0 -0.3
 0.1 0 -0.3
 0.2 0 -0.3
 0.3 0 -0.3
 0.4 0 -0.3
 0.5 0 -0.3
 -0.5 0.1 -0.3
 -0.4 0.1 -0.3
 -0.3 0.1 -0.3
 -0.2 0.1 -0.3
 -0.1 0.1 -0.3
 0 0.1 -0.3
 0.1 0.1 -0.3
 0.2 0.1 -0.3
 0.3 0.1 -0.3
 0.4 0.1 -0.3
 0.5 0.1 -0.3
 -0.5 0.2 -0.3
 -0.4 0.2 -0.3
 -0.3 0.2 -0.3
 -0.2 0.2 -0.3
 -0.1 0.2 -0.3
 0 0.2 -0.3
 0.1 0.2 -0.3
 0.2 0.2 -0.3
 0.3 0.2 -0.3
 0.4 0.2 -0.3
 0.5 0.2 -0.3
 -0.5 0.3 -0.3
 -0.4 0.3 -0.3
 -0.3 0.3 -0.3
 -0.2 0.3 -0.3
 -0.1 0.3 -0.3
 0 0.3 -0.3
 0.1 0.3 -0.3
 0.2 0.3 -0.3
 0.3 0.3 -0.3
 0.4 0.3 -0.3
 0.5 0.3 -0.3
 -0.5 0.4 -0.3
 -0.4 0.4 -0.3
 -0.3 0.4 -0.3
 -0.2 0.4 -0.3
 -0.1 0.4 -0.3
 0 0.4 -0.3
 0.1 0.4 -0.3
 0.2 0.4 -0.3
 0.3 0.4 -0.3
 0.4 0.4 -0.3
 0.5 0.4 -0.3
 -0.5 0.5 -0.3
 -0.4 0.5 -0.3
 -0.3 0.5 -0.3
 -0.2 0.5 -0.3
 -0.1 0.5 -0.3
 0 0.5 -0.3
 0.1 0.5 -0.3
 0.2 0.5 -0.3
 0.3 0.5 -0.3
 0.4 0.5 -0.3
 0.5 0.5 -0.3
 -0.5 -0.5 -0.2
 -0.4 -0.5 -0.2
 -0.3 -0.5 -0.2
 -0.2 -0.5 -0.2
 -0.1 -0.5 -0.2
 0 -0.5 -0.2
 0.1 -0.5 -0.2
 0.2 -0.5 -0.2
 0.3 -0.5 -0.2
 0.4 -0.5 -0.2
 0.5 -0.5 -0.2
 -0.5 -0.4 -0.2
 -0.4 -0.4 -0.2
 -0.3 -0.4 -0.2
 -0.2 -0.4 -0.2
 -0.1 -0.4 -0.2
 0 -0.4 -0.2
 0.1 -0.4 -0.2
 0.2 -0.4 -0.2
 0.3 -0.4 -0.2
 0.4 -0.4 -0.2
 0.5 -0.4 -0.2
 -0.5 -0.3 -0.2
 -0.4 -0.3 -0.2
 -0.3 -0.3 -0.2
 -0.2 -0.3 -0.2
 -0.1 -0.3 -0.2
 0 -0.3 -0.2
 0.1 -0.3 -0.2
 0.2 -0.3 -0.2
 0.3 -0.3 -0.2
 0.4 -0.3 -0.2
 0.5 -0.3 -0.2
 -0.5 -0.2 -0.2
 -0.4 -0.2 -0.2
 -0.3 -0.2 -0.2
 -0.2 -0.2 -0.2
 -0.1 -0.2 -0.2
 0 -0.2 -0.2
 0.1 -0.2 -0.2
 0.2 -0.2 -0.2
 0.3 -0.2 -0.2
 0.4 -0.2 -0.2
 0.5 -0.2 -0.2
 -0.5 -0.1 -0.2
 -0.4 -0.1 -0.2
 -0.3 -0.1 -0.2
 -0.2 -0.1 -0.2
 -0.1 -0.1 -0.2
 0 -0.1 -0.2
 0.1 -0.1 -0.2
 0.2 -0.1 -0.2
 0.3 -0.1 -0.2
 0.4 -0.1 -0.2
 0.5 -0.1 -0.2
 -0.5 0 -0.2
 -0.4 0 -0.2
 -0.3 0 -0.2
 -0.2 0 -0.2
 -0.1 0 -0.2
 0 0 -0.2
 0.1 0 -0.2
 0.2 0 -0.2
 0.3 0 -0.2
 0.4 0 -0.2
 0.5 0 -0.2
 -0.5 0.1 -0.2
 -0.4 0.1 -0.2
 -0.3 0.1 -0.2
 -0.2 0.1 -0.2
 -0.1 0.1 -0.2
 0 0.1 -0.2
 0.1 0.1 -0.2
 0.2 0.1 -0.2
 0.3 0.1 -0.2
 0.4 0.1 -0.2
 0.5 0.1 -0.2
 -0.5 0.2 -0.2
 -0.4 0.2 -0.2
 -0.3 0.2 -0.2
 -0.2 0.2 -0.2
 -0.1 0.2 -0.2
 0 0.2 -0.2
 0.1 0.2 -0.2
 0.2 0.2 -0.2
 0.3 0.2 -0.2
 0.4 0.2 -0.2
 0.5 0.2 -0.2
 -0.5 0.3 -0.2
 -0.4 0.3 -0.2
 -0.3 0.3 -0.2
 -0.2 0.3 -0.2
 -0.1 0.3 -0.2
 0 0.3 -0.2
 0.1 0.3 -0.2
 0.2 0.3 -0.2
 0.3 0.3 -0.2
 0.4 0.3 -0.2
 0.5 0.3 -0.2
 -0.5 0.4 -0.2
 -0.4 0.4 -0.2
 -0.3 0.4 -0.2
 -0.2 0.4 -0.2
 -0.1 0.4 -0.2
 0 0.4 -0.2
 0.1 0.4 -0.2
 0.2 0.4 -0.2
 0.3 0.4 -0.2
 0.4 0.4 -0.2
 0.5 0.4 -0.2
 -0.5 0.5 -0.2
 -0.4 0.5 -0.2
 -0.3 0.5 -0.2
 -0.2 0.5 -0.2
 -0.1 0.5 -0.2
 0 0.5 -0.2
 0.1 0.5 -0.2
 0.2 0.5 -0.2
 0.3 0.5 -0.2
 0.4 0.5 -0.2
 0.5 0.5 -0.2
 -0.5 -0.5 -0.1
 -0.4 -0.5 -0.1
 -0.3 -0.5 -0.1
 -0.2 -0.5 -0.1
 -0.1 -0.5 -0.1
 0 -0.5 -0.1
 0.1 -0.5 -0.1
 0.2 -0.5 -0.1
 0.3 -0.5 -0.1
 0.4 -0.5 -0.1
 0.5 -0.5 -0.1
 -0.5 -0.4 -0.1
 -0.4 -0.4 -0.1
 -0.3 -0.4 -0.1
 -0.2 -0.4 -0.1
 -0.1 -0.4 -0.1
 0 -0.4 -0.1
 0.1 -0.4 -0.1
 0.2 -0.4 -0.1
 0.3 -0.4 -0.1
 0.4 -0.4 -0.1
 0.5 -0.4 -0.1
 -0.5 -0.3 -0.1
 -0.4 -0.3 -0.1
 -0.3 -0.3 -0.1
 -0.2 -0.3 -0.1
 -0.1 -0.3 -0.1
 0 -0.3 -0.1
 0.1 -0.3 -0.1
 0.2 -0.3 -0.1
 0.3 -0.3 -0.1
 0.4 -0.3 -0.1
 0.5 -0.3 -0.1
 -0.5 -0.2 -0.1
 -0.4 -0.2 -0.1
 -0.3 -0.2 -0.1
 -0.2 -0.2 -0.1
 -0.1 -0.2 -0.1
 0 -0.2 -0.1
 0.1 -0.2 -0.1
 0.2 -0.2 -0.1
 0.3 -0.2 -0.1
 0.4 -0.2 -0.1
 0.5 -0.2 -0.1
 -0.5 -0.1 -0.1
 -0.4 -0.1 -0.1
 -0.3 -0.1 -0.1
 -0.2 -0.1 -0.1
 -0.1 -0.1 -0.1
 0 -0.1 -0.1
 0.1 -0.1 -0.1
 0.2 -0.1 -0.1
 0.3 -0.1 -0.1
 0.4 -0.1 -0.1
 0.5 -0.1 -0.1
 -0.5 0 -0.1
 -0.4 0 -0.1
 -0.3 0 -0.1
 -0.2 0 -0.1
 -0.1 0 -0.1
 0 0 -0.1
 0.1 0 -0.1
 0.2 0 -0.1
 0.3 0 -0.1
 0.4 0 -0.1
 0.5 0 -0.1
 -0.5 0.1 -0.1
 -0.4 0.1 -0.1
 -0.3 0.1 -0.1
 -0.2 0.1 -0.1
 -0.1 0.1 -0.1
 0 0.1 -0.1
 0.1 0.1 -0.1
 0.2 0.1 -0.1
 0.3 0.1 -0.1
 0.4 0.1 -0.1
 0.5 0.1 -0.1
 -0.5 0.2 -0.1
 -0.4 0.2 -0.1
 -0.3 0.2 -0.1
 -0.2 0.2 -0.1
 -0.1 0.2 -0.1
 0 0.2 -0.1
 0.1 0.2 -0.1
 0.2 0.2 -0.1
 0.3 0.2 -0.1
 0.4 0.2 -0.1
 0.5 0.2 -0.1
 -0.5 0.3 -0.1
 -0.4 0.3 -0.1
 -0.3 0.3 -0.1
 -0.2 0.3 -0.1
 -0.1 0.3 -0.1
 0 0.3 -0.1
 0.1 0.3 -0.1
 0.2 0.3 -0.1
 0.3 0.3 -0.1
 0.4 0.3 -0.1
 0.5 0.3 -0.1
 -0.5 0.4 -0.1
 -0.4 0.4 -0.1
 -0.3 0.4 -0.1
 -0.2 0.4 -0.1
 -0.1 0.4 -0.1
 0 0.4 -0.1
 0.1 0.4 -0.1
 0.2 0.4 -0.1
 0.3 0.4 -0.1
 0.4 0.4 -0.1
 0.5 0.4 -0.1
 -0.5 0.5 -0.1
 -0.4 0.5 -0.1
 -0.3 0.5 -0.1
 -0.2 0.5 -0.1
 -0.1 0.5 -0.1
 0 0.5 -0.1
 0.1 0.5 -0.1
 0.2 0.5 -0.1
 0.3 0.5 -0.1
 0.4 0.5 -0.1
 0.5 0.5 -0.1
 -0.5 -0.5 0
 -0.4 -0.5 0
 -0.3 -0.5 0
 -0.2 -0.5 0
 -0.1 -0.5 0
 0 -0.5 0
 0.1 -0.5 0
 0.2 -0.5 0
 0.3 -0.5 0
 0.4 -0.5 0
 0.5 -0.5 0
 -0.5 -0.4 0
 -0.4 -0.4 0
 -0.3 -0.4 0
 -0.2 -0.4 0
 -0.1 -0.4 0
 0 -0.4 0
 0.1 -0.4 0
 0.2 -0.4 0
 0.3 -0.4 0
 0.4 -0.4 0
 0.5 -0.4 0
 -0.5 -0.3 0
 -0.4 -0.3 0
 -0.3 -0.3 0
 -0.2 -0.3 0
 -0.1 -0.3 0
 0 -0.3 0
 0.1 -0.3 0
 0.2 -0.3 0
 0.3 -0.3 0
 0.4 -0.3 0
 0.5 -0.3 0
 -0.5 -0.2 0
 -0.4 -0.2 0
 -0.3 -0.2 0
 -0.2 -0.2 0
 -0.1 -0.2 0
 0 -0.2 0
 0.1 -0.2 0
 0.2 -0.2 0
 0.3 -0.2 0
 0.4 -0.2 0
 0.5 -0.2 0
 -0.5 -0.1 0
 -0.4 -0.1 0
 -0.3 -0.1 0
 -0.2 -0.1 0
 -0.1 -0.1 0
 0 -0.1 0
 0.1 -0.1 0
 0.2 -0.1 0
 0.3 -0.1 0
 0.4 -0.1 0
 0.5 -0.1 0
 -0.5 0 0
 -0.4 0 0
 -0.3 0 0
 -0.2 0 0
 -0.1 0 0
 0 0 0
 0.1 0 0
 0.2 0 0
 0.3 0 0
 0.4 0 0
 0.5 0 0
 -0.5 0.1 0
 -0.4 0.1 0
 -0.3 0.1 0
 -0.2 0.1 0
 -0.1 0.1 0
 0 0.1 0
 0.1 0.1 0
 0.2 0.1 0
 0.3 0.1 0
 0.4 0.1 0
 0.5 0.1 0
 -0.5 0.2 0
 -0.4 0.2 0
 -0.3 0.2 0
 -0.2 0.2 0
 -0.1 0.2 0
 0 0.2 0
 0.1 0.2 0
 0.2 0.2 0
 0.3 0.2 0
 0.4 0.2 0
 0.5 0.2 0
 -0.5 0.3 0
 -0.4 0.3 0
 -0.3 0.3 0
 -0.2 0.3 0
 -0.1 0.3 0
 0 0.3 0
 0.1 0.3 0
 0.2 0.3 0
 0.3 0.3 0
 0.4 0.3 0
 0.5 0.3 0
 -0.5 0.4 0
 -0.4 0.4 0
 -0.3 0.4 0
 -0.2 0.4 0
 -0.1 0.4 0
 0 0.4 0
 0.1 0.4 0
 0.2 0.4 0
 0.3 0.4 0
 0.4 0.4 0
 0.5 0.4 0
 -0.5 0.5 0
 -0.4 0.5 0
 -0.3 0.5 0
 -0.2 0.5 0
 -0.1 0.5 0
 0 0.5 0
 0.1 0.5 0
 0.2 0.5 0
 0.3 0.5 0
 0.4 0.5 0
 0.5 0.5 0
 -0.5 -0.5 0.1
 -0.4 -0.5 0.1
 -0.3 -0.5 0.1
 -0.2 -0.5 0.1
 -0.1 -0.5 0.1
 0 -0.5 0.1
 0.1 -0.5 0.1
 0.2 -0.5 0.1
 0.3 -0.5 0.1
 0.4 -0.5 0.1
 0.5 -0.5 0.1
 -0.5 -0.4 0.1
 -0.4 -0.4 0.1
 -0.3 -0.4 0.1
 -0.2 -0.4 0.1
 -0.1 -0.4 0.1
 0 -0.4 0.1
 0.1 -0.4 0.1
 0.2 -0.4 0.1
 0.3 -0.4 0.1
 0.4 -0.4 0.1
 0.5 -0.4 0.1
 -0.5 -0.3 0.1
 -0.4 -0.3 0.1
 -0.3 -0.3 0.1
 -0.2 -0.3 0.1
 -0.1 -0.3 0.1
 0 -0.3 0.1
 0.1 -0.3 0.1
 0.2 -0.3 0.1
 0.3 -0.3 0.1
 0.4 -0.3 0.1
 0.5 -0.3 0.1
 -0.5 -0.2 0.1
 -0.4 -0.2 0.1
 -0.3 -0.2 0.1
 -0.2 -0.2 0.1
 -0.1 -0.2 0.1
 0 -0.2 0.1
 0.1 -0.2 0.1
 0.2 -0.2 0.1
 0.3 -0.2 0.1
 0.4 -0.2 0.1
 0.5 -0.2 0.1
 -0.5 -0.1 0.1
 -0.4 -0.1 0.1
 -0.3 -0.1 0.1
 -0.2 -0.1 0.1
 -0.1 -0.1 0.1
 0 -0.1 0.1
 0.1 -0.1 0.1
 0.2 -0.1 0.1
 0.3 -0.1 0.1
 0.4 -0.1 0.1
 0.5 -0.1 0.1
 -0.5 0 0.1
 -0.4 0 0.1
 -0.3 0 0.1
 -0.2 0 0.1
 -0.1 0 0.1
 0 0 0.1
 0.1 0 0.1
 0.2 0 0.1
 0.3 0 0.1
 0.4 0 0.1
 0.5 0 0.1
 -0.5 0.1 0.1
 -0.4 0.1 0.1
 -0.3 0.1 0.1
 -0.2 0.1 0.1
 -0.1 0.1 0.1
 0 0.1 0.1
 0.1 0.1 0.1
 0.2 0.1 0.1
 0.3 0.1 0.1
 0.4 0.1 0.1
 0.5 0.1 0.1
 -0.5 0.2 0.1
 -0.4 0.2 0.1
 -0.3 0.2 0.1
 -0.2 0.2 0.1
 -0.1 0.2 0.1
 0 0.2 0.1
 0.1 0.2 0.1
 0.2 0.2 0.1
 0.3 0.2 0.1
 0.4 0.2 0.1
 0.5 0.2 0.1
 -0.5 0.3 0.1
 -0.4 0.3 0.1
 -0.3 0.3 0.1
 -0.2 0.3 0.1
 -0.1 0.3 0.1
 0 0.3 0.1
 0.1 0.3 0.1
 0.2 0.3 0.1
 0.3 0.3 0.1
 0.4 0.3 0.1
 0.5 0.3 0.1
 -0.5 0.4 0.1
 -0.4 0.4 0.1
 -0.3 0.4 0.1
 -0.2 0.4 0.1
 -0.1 0.4 0.1
 0 0.4 0.1
 0.1 0.4 0.1
 0.2 0.4 0.1
 0.3 0.4 0.1
 0.4 0.4 0.1
 0.5 0.4 0.1
 -0.5 0.5 0.1
 -0.4 0.5 0.1
 -0.3 0.5 0.1
 -0.2 0.5 0.1
 -0.1 0.5 0.1
 0 0.5 0.1
 0.1 0.5 0.1
 0.2 0.5 0.1
 0.3 0.5 0.1
 0.4 0.5 0.1
 0.5 0.5 0.1
 -0.5 -0.5 0.2
 -0.4 -0.5 0.2
 -0.3 -0.5 0.2
 -0.2 -0.5 0.2
 -0.1 -0.5 0.2
 0 -0.5 0.2
 0.1 -0.5 0.2
 0.2 -0.5 0.2
 0.3 -0.5 0.2
 0.4 -0.5 0.2
 0.5 -0.5 0.2
 -0.5 -0.4 0.2
 -0.4 -0.4 0.2
 -0.3 -0.4 0.2
 -0.2 -0.4 0.2
 -0.1 -0.4 0.2
 0 -0.4 0.2
 0.1 -0.4 0.2
 0.2 -0.4 0.2
 0.3 -0.4 0.2
 0.4 -0.4 0.2
 0.5 -0.4 0.2
 -0.5 -0.3 0.2
 -0.4 -0.3 0.2
 -0.3 -0.3 0.2
 -0.2 -0.3 0.2
 -0.1 -0.3 0.2
 0 -0.3 0.2
 0.1 -0.3 0.2
 0.2 -0.3 0.2
 0.3 -0.3 0.2
 0.4 -0.3 0.2
 0.5 -0.3 0.2
 -0.5 -0.2 0.2
 -0.4 -0.2 0.2
 -0.3 -0.2 0.2
 -0.2 -0.2 0.2
 -0.1 -0.2 0.2
 0 -0.2 0.2
 0.1 -0.2 0.2
 0.2 -0.2 0.2
 0.3 -0.2 0.2
 0.4 -0.2 0.2
 0.5 -0.2 0.2
 -0.5 -0.1 0.2
 -0.4 -0.1 0.2
 -0.3 -0.1 0.2
 -0.2 -0.1 0.2
 -0.1 -0.1 0.2
 0 -0.1 0.2
 0.1 -0.1 0.2
 0.2 -0.1 0.2
 0.3 -0.1 0.2
 0.4 -0.1 0.2
 0.5 -0.1 0.2
 -0.5 0 0.2
 -0.4 0 0.2
 -0.3 0 0.2
 -0.2 0 0.2
 -0.1 0 0.2
 0 0 0.2
 0.1 0 0.2
 0.2 0 0.2
 0.3 0 0.2
 0.4 0 0.2
 0.5 0 0.2
 -0.5 0.1 0.2
 -0.4 0.1 0.2
 -0.3 0.1 0.2
 -0.2 0.1 0.2
 -0.1 0.1 0.2
 0 0.1 0.2
 0.1 0.1 0.2
 0.2 0.1 0.2
 0.3 0.1 0.2
 0.4 0.1 0.2
 0.5 0.1 0.2
 -0.5 0.2 0.2
 -0.4 0.2 0.2
 -0.3 0.2 0.2
 -0.2 0.2 0.2
 -0.1 0.2 0.2
 0 0.2 0.2
 0.1 0.2 0.2
 0.2 0.2 0.2
 0.3 0.2 0.2
 0.4 0.2 0.2
 0.5 0.2 0.2
 -0.5 0.3 0.2
 -0.4 0.3 0.2
 -0.3 0.3 0.2
 -0.2 0.3 0.2
 -0.1 0.3 0.2
 0 0.3 0.2
 0.1 0.3 0.2
 0.2 0.3 0.2
 0.3 0.3 0.2
 0.4 0.3 0.2
 0.5 0.3 0.2
 -0.5 0.4 0.2
 -0.4 0.4 0.2
 -0.3 0.4 0.2
 -0.2 0.4 0.2
 -0.1 0.4 0.2
 0 0.4 0.2
 0.1 0.4 0.2
 0.2 0.4 0.2
 0.3 0.4 0.2
 0.4 0.4 0.2
 0.5 0.4 0.2
 -0.5 0.5 0.2
 -0.4 0.5 0.2
 -0.3 0.5 0.2
 -0.2 0.5 0.2
 -0.1 0.5 0.2
 0 0.5 0.2
 0.1 0.5 0.2
 0.2 0.5 0.2
 0.3 0.5 0.2
 0.4 0.5 0.2
 0.5 0.5 0.2
 -0.5 -0.5 0.3
 -0.4 -0.5 0.3
 -0.3 -0.5 0.3
 -0.2 -0.5 0.3
 -0.1 -0.5 0.3
 0 -0.5 0.3
 0.1 -0.5 0.3
 0.2 -0.5 0.3
 0.3 -0.5 0.3
 0.4 -0.5 0.3
 0.5 -0.5 0.3
 -0.5 -0.4 0.3
 -0.4 -0.4 0.3
 -0.3 -0.4 0.3
 -0.2 -0.4 0.3
 -0.1 -0.4 0.3
 0 -0.4 0.3
 0.1 -0.4 0.3
 0.2 -0.4 0.3
 0.3 -0.4 0.3
 0.4 -0.4 0.3
 0.5 -0.4 0.3
 -0.5 -0.3 0.3
 -0.4 -0.3 0.3
 -0.3 -0.3 0.3
 -0.2 -0.3 0.3
 -0.1 -0.3 0.3
 0 -0.3 0.3
 0.1 -0.3 0.3
 0.2 -0.3 0.3
 0.3 -0.3 0.3
 0.4 -0.3 0.3
 0.5 -0.3 0.3
 -0.5 -0.2 0.3
 -0.4 -0.2 0.3
 -0.3 -0.2 0.3
 -0.2 -0.2 0.3
 -0.1 -0.2 0.3
 0 -0.2 0.3
 0.1 -0.2 0.3
 0.2 -0.2 0.3
 0.3 -0.2 0.3
 0.4 -0.2 0.3
 0.5 -0.2 0.3
 -0.5 -0.1 0.3
 -0.4 -0.1 0.3
 -0.3 -0.1 0.3
 -0.2 -0.1 0.3
 -0.1 -0.1 0.3
 0 -0.1 0.3
 0.1 -0.1 0.3
 0.2 -0.1 0.3
 0.3 -0.1 0.3
 0.4 -0.1 0.3
 0.5 -0.1 0.3
 -0.5 0 0.3
 -0.4 0 0.3
 -0.3 0 0.3
 -0.2 0 0.3
 -0.1 0 0.3
 0 0 0.3
 0.1 0 0.3
 0.2 0 0.3
 0.3 0 0.3
 0.4 0 0.3
 0.5 0 0.3
 -0.5 0.1 0.3
 -0.4 0.1 0.3
 -0.3 0.1 0.3
 -0.2 0.1 0.3
 -0.1 0.1 0.3
 0 0.1 0.3
 0.1 0.1 0.3
 0.2 0.1 0.3
 0.3 0.1 0.3
 0.4 0.1 0.3
 0.5 0.1 0.3
 -0.5 0.2 0.3
 -0.4 0.2 0.3
 -0.3 0.2 0.3
 -0.2 0.2 0.3
 -0.1 0.2 0.3
 0 0.2 0.3
 0.1 0.2 0.3
 0.2 0.2 0.3
 0.3 0.2 0.3
 0.4 0.2 0.3
 0.5 0.2 0.3
 -0.5 0.3 0.3
 -0.4 0.3 0.3
 -0.3 0.3 0.3
 -0.2 0.3 0.3
 -0.1 0.3 0.3
 0 0.3 0.3
 0.1 0.3 0.3
 0.2 0.3 0.3
 0.3 0.3 0.3
 0.4 0.3 0.3
 0.5 0.3 0.3
 -0.5 0.4 0.3
 -0.4 0.4 0.3
 -0.3 0.4 0.3
 -0.2 0.4 0.3
 -0.1 0.4 0.3
 0 0.4 0.3
 0.1 0.4 0.3
 0.2 0.4 0.3
 0.3 0.4 0.3
 0.4 0.4 0.3
 0.5 0.4 0.3
 -0.5 0.5 0.3
 -0.4 0.5 0.3
 -0.3 0.5 0.3
 -0.2 0.5 0.3
 -0.1 0.5 0.3
 0 0.5 0.3
 0.1 0.5 0.3
 0.2 0.5 0.3
 0.3 0.5 0.3
 0.4 0.5 0.3
 0.5 0.5 0.3
 -0.5 -0.5 0.4
 -0.4 -0.5 0.4
 -0.3 -0.5 0.4
 -0.2 -0.5 0.4
 -0.1 -0.5 0.4
 0 -0.5 0.4
 0.1 -0.5 0.4
 0.2 -0.5 0.4
 0.3 -0.5 0.4
 0.4 -0.5 0.4
 0.5 -0.5 0.4
 -0.5 -0.4 0.4
 -0.4 -0.4 0.4
 -0.3 -0.4 0.4
 -0.2 -0.4 0.4
 -0.1 -0.4 0.4
 0 -0.4 0.4
 0.1 -0.4 0.4
 0.2 -0.4 0.4
 0.3 -0.4 0.4
 0.4 -0.4 0.4
 0.5 -0.4 0.4
 -0.5 -0.3 0.4
 -0.4 -0.3 0.4
 -0.3 -0.3 0.4
 -0.2 -0.3 0.4
 -0.1 -0.3 0.4
 0 -0.3 0.4
 0.1 -0.3 0.4
 0.2 -0.3 0.4
 0.3 -0.3 0.4
 0.4 -0.3 0.4
 0.5 -0.3 0.4
 -0.5 -0.2 0.4
 -0.4 -0.2 0.4
 -0.3 -0.2 0.4
 -0.2 -0.2 0.4
 -0.1 -0.2 0.4
 0 -0.2 0.4
 0.1 -0.2 0.4
 0.2 -0.2 0.4
 0.3 -0.2 0.4
 0.4 -0.2 0.4
 0.5 -0.2 0.4
 -0.5 -0.1 0.4
 -0.4 -0.1 0.4
 -0.3 -0.1 0.4
 -0.2 -0.1 0.4
 -0.1 -0.1 0.4
 0 -0.1 0.4
 0.1 -0.1 0.4
 0.2 -0.1 0.4
 0.3 -0.1 0.4
 0.4 -0.1 0.4
 0.5 -0.1 0.4
 -0.5 0 0.4
 -0.4 0 0.4
 -0.3 0 0.4
 -0.2 0 0.4
 -0.1 0 0.4
 0 0 0.4
 0.1 0 0.4
 0.2 0 0.4
 0.3 0 0.4
 0.4 0 0.4
 0.5 0 0.4
 -0.5 0.1 0.4
 -0.4 0.1 0.4
 -0.3 0.1 0.4
 -0.2 0.1 0.4
 -0.1 0.1 0.4
 0 0.1 0.4
 0.1 0.1 0.4
 0.2 0.1 0.4
 0.3 0.1 0.4
 0.4 0.1 0.4
 0.5 0.1 0.4
 -0.5 0.2 0.4
 -0.4 0.2 0.4
 -0.3 0.2 0.4
 -0.2 0.2 0.4
 -0.1 0.2 0.4
 0 0.2 0.4
 0.1 0.2 0.4
 0.2 0.2 0.4
 0.3 0.2 0.4
 0.4 0.2 0.4
 0.5 0.2 0.4
 -0.5 0.3 0.4
 -0.4 0.3 0.4
 -0.3 0.3 0.4
 -0.2 0.3 0.4
 -0.1 0.3 0.4
 0 0.3 0.4
 0.1 0.3 0.4
 0.2 0.3 0.4
 0.3 0.3 0.4
 0.4 0.3 0.4
 0.5 0.3 0.4
 -0.5 0.4 0.4
 -0.4 0.4 0.4
 -0.3 0.4 0.4
 -0.2 0.4 0.4
 -0.1 0.4 0.4
 0 0.4 0.4
 0.1 0.4 0.4
 0.2 0.4 0.4
 0.3 0.4 0.4
 0.4 0.4 0.4
 0.5 0.4 0.4
 -0.5 0.5 0.4
 -0.4 0.5 0.4
 -0.3 0.5 0.4
 -0.2 0.5 0.4
 -0.1 0.5 0.4
 0 0.5 0.4
 0.1 0.5 0.4
 0.2 0.5 0.4
 0.3 0.5 0.4
 0.4 0.5 0.4
 0.5 0.5 0.4
 -0.5 -0.5 0.5
 -0.4 -0.5 0.5
 -0.3 -0.5 0.5
 -0.2 -0.5 0.5
 -0.1 -0.5 0.5
 0 -0.5 0.5
 0.1 -0.5 0.5
 0.2 -0.5 0.5
 0.3 -0.5 0.5
 0.4 -0.5 0.5
 0.5 -0.5 0.5
 -0.5 -0.4 0.5
 -0.4 -0.4 0.5
 -0.3 -0.4 0.5
 -0.2 -0.4 0.5
 -0.1 -0.4 0.5
 0 -0.4 0.5
 0.1 -0.4 0.5
 0.2 -0.4 0.5
 0.3 -0.4 0.5
 0.4 -0.4 0.5
 0.5 -0.4 0.5
 -0.5 -0.3 0.5
 -0.4 -0.3 0.5
 -0.3 -0.3 0.5
 -0.2 -0.3 0.5
 -0.1 -0.3 0.5
 0 -0.3 0.5
 0.1 -0.3 0.5
 0.2 -0.3 0.5
 0.3 -0.3 0.5
 0.4 -0.3 0.5
 0.5 -0.3 0.5
 -0.5 -0.2 0.5
 -0.4 -0.2 0.5
 -0.3 -0.2 0.5
 -0.2 -0.2 0.5
 -0.1 -0.2 0.5
 0 -0.2 0.5
 0.1 -0.2 0.5
 0.2 -0.2 0.5
 0.3 -0.2 0.5
 0.4 -0.2 0.5
 0.5 -0.2 0.5
 -0.5 -0.1 0.5
 -0.4 -0.1 0.5
 -0.3 -0.1 0.5
 -0.2 -0.1 0.5
 -0.1 -0.1 0.5
 0 -0.1 0.5
 0.1 -0.1 0.5
 0.2 -0.1 0.5
 0.3 -0.1 0.5
 0.4 -0.1 0.5
 0.5 -0.1 0.5
 -0.5 0 0.5
 -0.4 0 0.5
 -0.3 0 0.5
 -0.2 0 0.5
 -0.1 0 0.5
 0 0 0.5
 0.1 0 0.5
 0.2 0 0.5
 0.3 0 0.5
 0.4 0 0.5
 0.5 0 0.5
 -0.5 0.1 0.5
 -0.4 0.1 0.5
 -0.3 0.1 0.5
 -0.2 0.1 0.5
 -0.1 0.1 0.5
 0 0.1 0.5
 0.1 0.1 0.5
 0.2 0.1 0.5
 0.3 0.1 0.5
 0.4 0.1 0.5
 0.5 0.1 0.5
 -0.5 0.2 0.5
 -0.4 0.2 0.5
 -0.3 0.2 0.5
 -0.2 0.2 0.5
 -0.1 0.2 0.5
 0 0.2 0.5
 0.1 0.2 0.5
 0.2 0.2 0.5
 0.3 0.2 0.5
 0.4 0.2 0.5
 0.5 0.2 0.5
 -0.5 0.3 0.5
 -0.4 0.3 0.5
 -0.3 0.3 0.5
 -0.2 0.3 0.5
 -0.1 0.3 0.5
 0 0.3 0.5
 0.1 0.3 0.5
 0.2 0.3 0.5
 0.3 0.3 0.5
 0.4 0.3 0.5
 0.5 0.3 0.5
 -0.5 0.4 0.5
 -0.4 0.4 0.5
 -0.3 0.4 0.5
 -0.2 0.4 0.5
 -0.1 0.4 0.5
 0 0.4 0.5
 0.1 0.4 0.5
 0.2 0.4 0.5
 0.3 0.4 0.5
 0.4 0.4 0.5
 0.5 0.4 0.5
 -0.5 0.5 0.5
 -0.4 0.5 0.5
 -0.3 0.5 0.5
 -0.2 0.5 0.5
 -0.1 0.5 0.5
 0 0.5 0.5
 0.1 0.5 0.5
 0.2 0.5 0.5
 0.3 0.5 0.5
 0.4 0.5 0.5
 0.5 0.5 0.5

CELLS 1000 9000
 8 0 1 12 11 121 122 133 132
 8 1 2 13 12 122 123 134 133
 8 2 3 14 13 123 124 135 134
 8 3 4 15 14 124 125 136 135
 8 4 5 16 15 125 126 137 136
 8 5 6 17 16 126 127 138 137
 8 6 7 18 17 127 128 139 138
 8 7 8 19 18 128 129 140 139
 8 8 9 20 19 129 130 141 140
 8 9 10 21 20 130 131 142 141
 8 11 12 23 22 132 133 144 143
 8 12 13 24 23 133 134 145 144
 8 13 14 25 24 134 135 146 145
 8 14 15 26 25 135 136 147 146
 8 15 16 27 26 136 137 148 147
 8 16 17 28 27 137 138 149 148
 8 17 18 29 28 138 139 150 149
 8 18 19 30 29 139 140 151 150
 8 19 20 31 30 140 141 152 151
 8 20 21 32 31 141 142 153 152
 8 22 23 34 33 143 144 155 154
 8 23 24 35 34 144 145 156 155
 8 24 25 36 35 145 146 157 156
 8 25 26 37 36 146 147 158 157
 8 26 27 38 37 147 148 159 158
 8 27 28 39 38 148 149 160 159
 8 28 29 40 39 149 150 161 160
 8 29 30 41 40 150 151 162 161
 8 30 31 42 41 151 152 163 162
 8 31 32 43 42 152 153 164 163
 8 33 34 45 44 154 155 166 165
 8 34 35 46 45 155 156 167 166
 8 35 36 47 46 156 157 168 167
 8 36 37 48 47 157 158 169 168
 8 37 38 49 48 158 159 170 169
 8 38 39 50 49 159 160 171 170
 8 39 40 51 50 160 161 172 171
 8 40 41 52 51 161 162 173 172
 8 41 42 53 52 162 163 174 173
 8 42 43 54 53 163 164 175 174
 8 44 45 56 55 165 166 177 176
 8 45 46 57 56 166 167 178 177
 8 46 47 58 57 167 168 179 178
 8 47 48 59 58 168 169 180 179
 8 48 49 60 59 169 170 181 180
 8 49 50 61 60 170 171 182 181
 8 50 51 62 61 171 172 183 182
 8 51 52 63 62 172 173 184 183
 8 52 53 64 63 173 174 185 184
 8 53 54 65 64 174 175 186 185
 8 55 56 67 66 176 177 188 187
 8 56 57 68 67 177 178 189 188
 8 57 58 69 68 178 179 190 189
 8 58 59 70 69 179 180 191 190
 8 59 60 71 70 180 181 192 191
 8 60 61 72 71 181 182 193 192
 8 61 62 73 72 182 183 194 193
 8 62 63 74 73 183 184 195 194
 8 63 64 75 74 184 185 196 195
 8 64 65 76 75 185 186 197 196
 8 66 67 78 77 187 188 199 198
 8 67 68 79 78 188 189 200 199
 8 68 69 80 79 189 190 201 200
 8 69 70 81 80 190 191 202 201
 8 70 71 82 81 191 192 203 202
 8 71 72 83 82 192 193 204 203
 8 72 73 84 83 193 194 205 204
 8 73 74 85 84 194 195 206 205
 8 74 75 86 85 195 196 207 206
 8 75 76 87 86 196 197 208 207
 8 77 78 89 88 198 199 210 209
 8 78 79 90 89 199 200 211 210
 8 79 80 91 90 200 201 212 211
 8 80 81 92 91 201 202 213 212
 8 81 82 93 92 202 203 214 213
 8 82 83 94 93 203 204 215 214
 8 83 84 95 94 204 205 216 215
 8 84 85 96 95 205 206 217 216
 8 85 86 97 96 206 207 218 217
 8 86 87 98 97 207 208 219 218
 8 88 89 100 99 209 210 221 220
 8 89 90 101 100 210 211 222 221
 8 90 91 102 101 211 212 223 222
 8 91 92 103 102 212 213 224 223
 8 92 93 104 103 213 214 225 224
 8 93 94 105 104 214 215 226 225
 8 94 95 106 105 215 216 227 226
 8 95 96 107 106 216 217 228 227
 8 96 97 108 107 217 218 229 228
 8 97 98 109 108 218 219 230 229
 8 99 100 111 110 220 221 232 231
 8 100 101 112 111 221 222 233 232
 8 101 102 113 112 222 223 234 233
 8 102 103 114 113 223 224 235 234
 8 103 104 115 114 224 225 236 235
 8 104 105 116 115 225 226 237 236
 8 105 106 117 116 226 227 238 237
 8 106 107 118 117 227 228 239 238
 8 107 108 119 118 228 229 240 239
 8 108 109 120 119 229 230 241 240
 8 121 122 133 132 242 243 254 253
 8 122 123 134 133 243 244 255 254
 8 123 124 135 134 244 245 256 255
 8 124 125 136 135 245 246 257 256
 8 125 126 137 136 246 247 258 257
 8 126 127 138 137 247 248 259 258
 8 127 128 139 138 248 249 260 259
 8 128 129 140 139 249 250 261 260
 8 129 130 141 140 250 251 262 261
 8 130 131 142 141 251 252 263 262
 8 132 133 144 143 253 254 265 264
 8 133 134 145 144 254 255 266 265
 8 134 135 146 145 255 256 267 266
 8 135 136 147 146 256 257 268 267
 8 136 137 148 147 257 258 269 268
 8 137 138 149 148 258 259 270 269
 8 138 139 150 149 259 260 271 270
 8 139 140 151 150 260 261 272 271
 8 140 141 152 151 261 262 273 272
 8 141 142 153 152 262 263 274 273
 8 143 144 155 154 264 265 276 275
 8 144 145 156 155 265 266 277 276
 8 145 146 157 156 266 267 278 277
 8 146 147 158 157 267 268 279 278
 8 147 148 159 158 268 269 280 279
 8 148 149 160 159 269 270 281 280
 8 149 150 161 160 270 271 282 281
 8 150 151 162 161 271 272 283 282
 8 151 152 163 162 272 273 284 283
 8 152 153 164 163 273 274 285 284
 8 154 155 166 165 275 276 287 286
 8 155 156 167 166 276 277 288 287
 8 156 157 168 167 277 278 289 288
 8 157 158 169 168 278 279 290 289
 8 158 159 170 169 279 280 291 290
 8 159 160 171 170 280 281 292 291
 8 160 161 172 171 281 282 293 292
 8 161 162 173 172 282 283 294 293
 8 162 163 174 173 283 284 295 294
 8 163 164 175 174 284 285 296 295
 8 165 166 177 176 286 287 298 297
 8 166 167 178 177 287 288 299 298
 8 167 168 179 178 288 289 300 299
 8 168 169 180 179 289 290 301 300
 8 169 170 181 180 290 291 302 301
 8 170 171 182 181 291 292 303 302
 8 171 172 183 182 292 293 304 303
 8 172 173 184 183 293 294 305 304
 8 173 174 185 184 294 295 306 305
 8 174 175 186 185 295 296 307 306
 8 176 177 188 187 297 298 309 308
 8 177 178 189 188 298 299 310 309
 8 178 179 190 189 299 300 311 310
 8 179 180 191 190 300 301 312 311
 8 180 181 192 191 301 302 313 312
 8 181 182 193 192 302 303 314 313
 8 182 183 194 193 303 304 315 314
 8 183 184 195 194 304 305 316 315
 8 184 185 196 195 305 306 317 316
 8 185 186 197 196 306 307 318 317
 8 187 188 199 198 308 309 320 319
 8 188 189 200 199 309 310 321 320
 8 189 190 201 200 310 311 322 321
 8 190 191 202 201 311 312 323 322
 8 191 192 203 202 312 313 324 323
 8 192 193 204 203 313 314 325 324
 8 193 194 205 204 314 315 326 325
 8 194 195 206 205 315 316 327 326
 8 195 196 207 206 316 317 328 327
 8 196 197 208 207 317 318 329 328
 8 198 199 210 209 319 320 331 330
 8 199 200 211 210 320 321 332 331
 8 200 201 212 211 321 322 333 332
 8 201 202 213 212 322 323 334 333
 8 202 203 214 213 323 324 335 334
 8 203 204 215 214 324 325 336 335
 8 204 205 216 215 325 326 337 336
 8 205 206 217 216 326 327 338 337
 8 206 207 218 217 327 328 339 338
 8 207 208 219 218 328 329 340 339
 8 209 210 221 220 330 331 342 341
 8 210 211 222 221 331 332 343 342
 8 211 212 223 222 332 333 344 343
 8 212 213 224 223 333 334 345 344
 8 213 214 225 224 334 335 346 345
 8 214 215 226 225 335 336 347 346
 8 215 216 227 226 336 337 348 347
 8 216 217 228 227 337 338 349 348
 8 217 218 229 228 338 339 350 349
 8 218 219 230 229 339 340 351 350
 8 220 221 232 231 341 342 353 352
 8 221 222 233 232 342 343 354 353
 8 222 223 234 233 343 344 355 354
 8 223 224 235 234 344 345 356 355
 8 224 225 236 235 345 346 357 356
 8 225 226 237 236 346 347 358 357
 8 226 227 238 237 347 348 359 358
 8 227 228 239 238 348 349 360 359
 8 228 229 240 239 349 350 361 360
 8 229 230 241 240 350 351 362 361
 8 242 243 254 253 363 364 375 374
 8 243 244 255 254 364 365 376 375
 8 244 245 256 255 365 366 377 376
 8 245 246 257 256 366 367 378 377
 8 246 247 258 257 367 368 379 378
 8 247 248 259 258 368 369 380 379
 8 248 249 260 259 369 370 381 380
 8 249 250 261 260 370 371 382 381
 8 250 251 262 261 371 372 383 382
 8 251 252 263 262 372 373 384 383
 8 253 254 265 264 374 375 386 385
 8 254 255 266 265 375 376 387 386
 8 255 256 267 266 376 377 388 387
 8 256 257 268 267 377 378 389 388
 8 257 258 269 268 378 379 390 389
 8 258 259 270 269 379 380 391 390
 8 259 260 271 270 380 381 392 391
 8 260 261 272 271 381 382 393 392
 8 261 262 273 272 382 383 394 393
 8 262 263 274 273 383 384 395 394
 8 264 265 276 275 385 386 397 396
 8 265 266 277 276 386 387 398 397
 8 266 267 278 277 387 388 399 398
 8 267 268 279 278 388 389 400 399
 8 268 269 280 279 389 390 401 400
 8 269 270 281 280 390 391 402 401
 8 270 271 282 281 391 392 403 402
 8 271 272 283 282 392 393 404 403
 8 272 273 284 283 393 394 405 404
 8 273 274 285 284 394 395 406 405
 8 275 276 287 286 396 397 408 407
 8 276 277 288 287 397 398 409 408
 8 277 278 289 288 398 399 410 409
 8 278 279 290 289 399 400 411 410
 8 279 280 291 290 400 401 412 411
 8 280 281 292 291 401 402 413 412
 8 281 282 293 292 402 403 414 413
 8 282 283 294 293 403 404 415 414
 8 283 284 295 294 404 405 416 415
 8 284 285 296 295 405 406 417 416
 8 286 287 298 297 407 408 419 418
 8 287 288 299 298 408 409 420 419
 8 288 289 300 299 409 410 421 420
 8 289 290 301 300 410 411 422 421
 8 290 291 302 301 411 412 423 422
 8 291 292 303 302 412 413 424 423
 8 292 293 304 303 413 414 425 424
 8 293 294 305 304 414 415 426 425
 8 294 295 306 305 415 416 427 426
 8 295 296 307 306 416 417 428 427
 8 297 298 309 308 418 419 430 429
 8 298 299 310 309 419 420 431 430
 8 299 300 311 310 420 421 432 431
 8 300 301 312 311 421 422 433 432
 8 301 302 313 312 422 423 434 433
 8 302 303 314 313 423 424 435 434
 8 303 304 315 314 424 425 436 435
 8 304 305 316 315 425 426 437 436
 8 305 306 317 316 426 427 438 437
 8 306 307 318 317 427 428 439 438
 8 308 309 320 319 429 430 441 440
 8 309 310 321 320 430 431 442 441
 8 310 311 322 321 431 432 443 442
 8 311 312 323 322 432 433 444 443
 8 312 313 324 323 433 434 445 444
 8 313 314 325 324 434 435 446 445
 8 314 315 326 325 435 436 447 446
 8 315 316 327 326 436 437 448 447
 8 316 317 328 327 437 438 449 448
 8 317 318 329 328 438 439 450 449
 8 319 320 331 330 440 441 452 451
 8 320 321 332 331 441 442 453 452
 8 321 322 333 332 442 443 454 453
 8 322 323 334 333 443 444 455 454
 8 323 324 335 334 444 445 456 455
 8 324 325 336 335 445 446 457 456
 8 325 326 337 336 446 447 458 457
 8 326 327 338 337 447 448 459 458
 8 327 328 339 338 448 449 460 459
 8 328 329 340 339 449 450 461 460
 8 330 331 342 341 451 452 463 462
 8 331 332 343 342 452 453 464 463
 8 332 333 344 343 453 454 465 464
 8 333 334 345 344 454 455 466 465
 8 334 335 346 345 455 456 467 466
 8 335 336 347 346 456 457 468 467
 8 336 337 348 347 457 458 469 468
 8 337 338 349 348 458 459 470 469
 8 338 339 350 349 459 460 471 470
 8 339 340 351 350 460 461 472 471
 8 341 342 353 352 462 463 474 473
 8 342 343 354 353 463 464 475 474
 8 343 344 355 354 464 465 476 475
 8 344 345 356 355 465 466 477 476
 8 345 346 357 356 466 467 478 477
 8 346 347 358 357 467 468 479 478
 8 347 348 359 358 468 469 480 479
 8 348 349 360 359 469 470 481 480
 8 349 350 361 360 470 471 482 481
 8 350 351 362 361 471 472 483 482
 8 363 364 375 374 484 485 496 495
 8 364 365 376 375 485 486 497 496
 8 365 366 377 376 486 487 498 497
 8 366 367 378 377 487 488 499 498
 8 367 368 379 378 488 489 500 499
 8 368 369 380 379 489 490 501 500
 8 369 370 381 380 490 491 502 501
 8 370 371 382 381 491 492 503 502
 8 371 372 383 382 492 493 504 503
 8 372 373 384 383 493 494 505 504
 8 374 375 386 385 495 496 507 506
 8 375 376 387 386 496 497 508 507
 8 376 377 388 387 497 498 509 508
 8 377 378 389 388 498 499 510 509
 8 378 379 390 389 499 500 511 510
 8 379 380 391 390 500 501 512 511
 8 380 381 392 391 501 502 513 512
 8 381 382 393 392 502 503 514 513
 8 382 383 394 393 503 504 515 514
 8 383 384 395 394 504 505 516 515
 8 385 386 397 396 506 507 518 517
 8 386 387 398 397 507 508 519 518
 8 387 388 399 398 508 509 520 519
 8 388 389 400 399 509 510 521 520
 8 389 390 401 400 510 511 522 521
 8 390 391 402 401 511 512 523 522
 8 391 392 403 402 512 513 524 523
 8 392 393 404 403 513 514 525 524
 8 393 394 405 404 514 515 526 525
 8 394 395 406 405 515 516 527 526
 8 396 397 408 407 517 518 529 528
 8 397 398 409 408 518 519 530 529
 8 398 399 410 409 519 520 531 530
 8 399 400 411 410 520 521 532 531
 8 400 401 412 411 521 522 533 532
 8 401 402 413 412 522 523 534 533
 8 402 403 414 413 523 524 535 534
 8 403 404 415 414 524 525 536 535
 8 404 405 416 415 525 526 537 536
 8 405 406 417 416 526 527 538 537
 8 407 408 419 418 528 529 540 539
 8 408 409 420 419 529 530 541 540
 8 409 410 421 420 530 531 542 541
 8 410 411 422 421 531 532 543 542
 8 411 412 423 422 532 533 544 543
 8 412 413 424 423 533 534 545 544
 8 413 414 425 424 534 535 546 545
 8 414 415 426 425 535 536 547 546
 8 415 416 427 426 536 537 548 547
 8 416 417 428 427 537 538 549 548
 8 418 419 430 429 539 540 551 550
 8 419 420 431 430 540 541 552 551
 8 420 421 432 431 541 542 553 552
 8 421 422 433 432 542 543 554 553
 8 422 423 434 433 543 544 555 554
 8 423 424 435 434 544 545 556 555
 8 424 425 436 435 545 546 557 556
 8 425 426 437 436 546 547 558 557
 8 426 427 438 437 547 548 559 558
 8 427 428 439 438 548 549 560 559
 8 429 430 441 440 550 551 562 561
 8 430 431 442 441 551 552 563 562
 8 431 432 443 442 552 553 564 563
 8 432 433 444 443 553 554 565 564
 8 433 434 445 444 554 555 566 565
 8 434 435 446 445 555 556 567 566
 8 435 436 447 446 556 557 568 567
 8 436 437 448 447 557 558 569 568
 8 437 438 449 448 558 559 570 569
 8 438 439 450 449 559 560 571 570
 8 440 441 452 451 561 562 573 572
 8 441 442 453 452 562 563 574 573
 8 442 443 454 453 563 564 575 574
 8 443 444 455 454 564 565 576 575
 8 444 445 456 455 565 566 577 576
 8 445 446 457 456 566 567 578 577
 8 446 447 458 457 567 568 579 578
 8 447 448 459 458 568 569 580 579
 8 448 449 460 459 569 570 581 580
 8 449 450 461 460 570 571 582 581
 8 451 452 463 462 572 573 584 583
 8 452 453 464 463 573 574 585 584
 8 453 454 465 464 574 575 586 585
 8 454 455 466 465 575 576 587 586
 8 455 456 467 466 576 577 588 587
 8 456 457 468 467 577 578 589 588
 8 457 458 469 468 578 579 590 589
 8 458 459 470 469 579 580 591 590
 8 459 460 471 470 580 581 592 591
 8 460 461 472 471 581 582 593 592
 8 462 463 474 473 583 584 595 594
 8 463 464 475 474 584 585 596 595
 8 464 465 476 475 585 586 597 596
 8 465 466 477 476 586 587 598 597
 8 466 467 478 477 587 588 599 598
 8 467 468 479 478 588 589 600 599
 8 468 469 480 479 589 590 601 600
 8 469 470 481 480 590 591 602 601
 8 470 471 482 481 591 592 603 602
 8 471 472 483 482 592 593 604 603
 8 484 485 496 495 605 606 617 616
 8 485 486 497 496 606 607 618 617
 8 486 487 498 497 607 608 619 618
 8 487 488 499 498 608 609 620 619
 8 488 489 500 499 609 610 621 620
 8 489 490 501 500 610 611 622 621
 8 490 491 502 501 611 612 623 622
 8 491 492 503 502 612 613 624 623
 8 492 493 504 503 613 614 625 624
 8 493 494 505 504 614 615 626 625
 8 495 496 507 506 616 617 628 627
 8 496 497 508 507 617 618 629 628
 8 497 498 509 508 618 619 630 629
 8 498 499 510 509 619 620 631 630
 8 499 500 511 510 620 621 632 631
 8 500 501 512 511 621 622 633 632
 8 501 502 513 512 622 623 634 633
 8 502 503 514 513 623 624 635 634
 8 503 504 515 514 624 625 636 635
 8 504 505 516 515 625 626 637 636
 8 506 507 518 517 627 628 639 638
 8 507 508 519 518 628 629 640 639
 8 508 509 520 519 629 630 641 640
 8 509 510 521 520 630 631 642 641
 8 510 511 522 521 631 632 643 642
 8 511 512 523 522 632 633 644 643
 8 512 513 524 523 633 634 645 644
 8 513 514 525 524 634 635 646 645
 8 514 515 526 525 635 636 647 646
 8 515 516 527 526 636 637 648 647
 8 517 518 529 528 638 639 650 649
 8 518 519 530 529 639 640 651 650
 8 519 520 531 530 640 641 652 651
 8 520 521 532 531 641 642 653 652
 8 521 522 533 532 642 643 654 653
 8 522 523 534 533 643 644 655 654
 8 523 524 535 534 644 645 656 655
 8 524 525 536 535 645 646 657 656
 8 525 526 537 536 646 647 658 657
 8 526 527 538 537 647 648 659 658
 8 528 529 540 539 649 650 661 660
 8 529 530 541 540 650 651 662 661
 8 530 531 542 541 651 652 663 662
 8 531 532 543 542 652 653 664 663
 8 532 533 544 543 653 654 665 664
 8 533 534 545 544 654 655 666 665
 8 534 535 546 545 655 656 667 666
 8 535 536 547 546 656 657 668 667
 8 536 537 548 547 657 658 669 668
 8 537 538 549 548 658 659 670 669
 8 539 540 551 550 660 661 672 671
 8 540 541 552 551 661 662 673 672
 8 541 542 553 552 662 663 674 673
 8 542 543 554 553 663 664 675 674
 8 543 544 555 554 664 665 676 675
 8 544 545 556 555 665 666 677 676
 8 545 546 557 556 666 667 678 677
 8 546 547 558 557 667 668 679 678
 8 547 548 559 558 668 669 680 679
 8 548 549 560 559 669 670 681 680
 8 550 551 562 561 671 672 683 682
 8 551 552 563 562 672 673 684 683
 8 552 553 564 563 673 674 685 684
 8 553 554 565 564 674 675 686 685
 8 554 555 566 565 675 676 687 686
 8 555 556 567 566 676 677 688 687
 8 556 557 568 567 677 678 689 688
 8 557 558 569 568 678 679 690 689
 8 558 559 570 569 679 680 691 690
 8 559 560 571 570 680 681 692 691
 8 561 562 573 572 682 683 694 693
 8 562 563 574 573 683 684 695 694
 8 563 564 575 574 684 685 696 695
 8 564 565 576 575 685 686 697 696
 8 565 566 577 576 686 687 698 697
 8 566 567 578 577 687 688 699 698
 8 567 568 579 578 688 689 700 699
 8 568 569 580 579 689 690 701 700
 8 569 570 581 580 690 691 702 701
 8 570 571 582 581 691 692 703 702
 8 572 573 584 583 693 694 705 704
 8 573 574 585 584 694 695 706 705
 8 574 575 586 585 695 696 707 706
 8 575 576 587 586 696 697 708 707
 8 576 577 588 587 697 698 709 708
 8 577 578 589 588 698 699 710 709
 8 578 579 590 589 699 700 711 710
 8 579 580 591 590 700 701 712 711
 8 580 581 592 591 701 702 713 712
 8 581 582 593 592 702 703 714 713
 8 583 584 595 594 704 705 716 715
 8 584 585 596 595 705 706 717 716
 8 585 586 597 596 706 707 718 717
 8 586 587 598 597 707 708 719 718
 8 587 588 599 598 708 709 720 719
 8 588 589 600 599 709 710 721 720
 8 589 590 601 600 710 711 722 721
 8 590 591 602 601 711 712 723 722
 8 591 592 603 602 712 713 724 723
 8 592 593 604 603 713 714 725 724
 8 605 606 617 616 726 727 738 737
 8 606 607 618 617 727 728 739 738
 8 607 608 619 618 728 729 740 739
 8 608 609 620 619 729 730 741 740
 8 609 610 621 620 730 731 742 741
 8 610 611 622 621 731 732 743 742
 8 611 612 623 622 732 733 744 743
 8 612 613 624 623 733 734 745 744
 8 613 614 625 624 734 735 746 745
 8 614 615 626 625 735 736 747 746
 8 616 617 628 627 737 738 749 748
 8 617 618 629 628 738 739 750 749
 8 618 619 630 629 739 740 751 750
 8 619 620 631 630 740 741 752 751
 8 620 621 632 631 741 742 753 752
 8 621 622 633 632 742 743 754 753
 8 622 623 634 633 743 744 755 754
 8 623 624 635 634 744 745 756 755
 8 624 625 636 635 745 746 757 756
 8 625 626 637 636 746 747 758 757
 8 627 628 639 638 748 749 760 759
 8 628 629 640 639 749 750 761 760
 8 629 630 641 640 750 751 762 761
 8 630 631 642 641 751 752 763 762
 8 631 632 643 642 752 753 764 763
 8 632 633 644 643 753 754 765 764
 8 633 634 645 644 754 755 766 765
 8 634 635 646 645 755 756 767 766
 8 635 636 647 646 756 757 768 767
 8 636 637 648 647 757 758 769 768
 8 638 639 650 649 759 760 771 770
 8 639 640 651 650 760 761 772 771
 8 640 641 652 651 761 762 773 772
 8 641 642 653 652 762 763 774 773
 8 642 643 654 653 763 764 775 774
 8 643 644 655 654 764 765 776 775
 8 644 645 656 655 765 766 777 776
 8 645 646 657 656 766 767 778 777
 8 646 647 658 657 767 768 779 778
 8 647 648 659 658 768 769 780 779
 8 649 650 661 660 770 771 782 781
 8 650 651 662 661 771 772 783 782
 8 651 652 663 662 772 773 784 783
 8 652 653 664 663 773 774 785 784
 8 653 654 665 664 774 775 786 785
 8 654 655 666 665 775 776 787 786
 8 655 656 667 666 776 777 788 787
 8 656 657 668 667 777 778 789 788
 8 657 658 669 668 778 779 790 789
 8 658 659 670 669 779 780 791 790
 8 660 661 672 671 781 782 793 792
 8 661 662 673 672 782 783 794 793
 8 662 663 674 673 783 784 795 794
 8 663 664 675 674 784 785 796 795
 8 664 665 676 675 785 786 797 796
 8 665 666 677 676 786 787 798 797
 8 666 667 678 677 787 788 799 798
 8 667 668 679 678 788 789 800 799
 8 668 669 680 679 789 790 801 800
 8 669 670 681 680 790 791 802 801
 8 671 672 683 682 792 793 804 803
 8 672 673 684 683 793 794 805 804
 8 673 674 685 684 794 795 806 805
 8 674 675 686 685 795 796 807 806
 8 675 676 687 686 796 797 808 807
 8 676 677 688 687 797 798 809 808
 8 677 678 689 688 798 799 810 809
 8 678 679 690 689 799 800 811 810
 8 679 680 691 690 800 801 812 811
 8 680 681 692 691 801 802 813 812
 8 682 683 694 693 803 804 815 814
 8 683 684 695 694 804 805 816 815
 8 684 685 696 695 805 806 817 816
 8 685 686 697 696 806 807 818 817
 8 686 687 698 697 807 808 819 818
 8 687 688 699 698 808 809 820 819
 8 688 689 700 699 809 810 821 820
 8 689 690 701 700 810 811 822 821
 8 690 691 702 701 811 812 823 822
 8 691 692 703 702 812 813 824 823
 8 693 694 705 704 814 815 826 825
 8 694 695 706 705 815 816 827 826
 8 695 696 707 706 816 817 828 827
 8 696 697 708 707 817 818 829 828
 8 697 698 709 708 818 819 830 829
 8 698 699 710 709 819 820 831 830
 8 699 700 711 710 820 821 832 831
 8 700 701 712 711 821 822 833 832
 8 701 702 713 712 822 823 834 833
 8 702 703 714 713 823 824 835 834
 8 704 705 716 715 825 826 837 836
 8 705 706 717 716 826 827 838 837
 8 706 707 718 717 827 828 839 838
 8 707 708 719 718 828 829 840 839
 8 708 709 720 719 829 830 841 840
 8 709 710 721 720 830 831 842 841
 8 710 711 722 721 831 832 843 842
 8 711 712 723 722 832 833 844 843
 8 712 713 724 723 833 834 845 844
 8 713 714 725 724 834 835 846 845
 8 726 727 738 737 847 848 859 858
 8 727 728 739 738 848 849 860 859
 8 728 729 740 739 849 850 861 860
 8 729 730 741 740 850 851 862 861
 8 730 731 742 741 851 852 863 862
 8 731 732 743 742 852 853 864 863
 8 732 733 744 743 853 854 865 864
 8 733 734 745 744 854 855 866 865
 8 734 735 746 745 855 856 867 866
 8 735 736 747 746 856 857 868 867
 8 737 738 749 748 858 859 870 869
 8 738 739 750 749 859 860 871 870
 8 739 740 751 750 860 861 872 871
 8 740 741 752 751 861 862 873 872
 8 741 742 753 752 862 863 874 873
 8 742 743 754 753 863 864 875 874
 8 743 744 755 754 864 865 876 875
 8 744 745 756 755 865 866 877 876
 8 745 746 757 756 866 867 878 877
 8 746 747 758 757 867 868 879 878
 8 748 749 760 759 869 870 881 880
 8 749 750 761 760 870 871 882 881
 8 750 751 762 761 871 872 883 882
 8 751 752 763 762 872 873 884 883
 8 752 753 764 763 873 874 885 884
 8 753 754 765 764 874 875 886 885
 8 754 755 766 765 875 876 887 886
 8 755 756 767 766 876 877 888 887
 8 756 757 768 767 877 878 889 888
 8 757 758 769 768 878 879 890 889
 8 759 760 771 770 880 881 892 891
 8 760 761 772 771 881 882 893 892
 8 761 762 773 772 882 883 894 893
 8 762 763 774 773 883 884 895 894
 8 763 764 775 774 884 885 896 895
 8 764 765 776 775 885 886 897 896
 8 765 766 777 776 886 887 898 897
 8 766 767 778 777 887 888 899 898
 8 767 768 779 778 888 889 900 899
 8 768 769 780 779 889 890 901 900
 8 770 771 782 781 891 892 903 902
 8 771 772 783 782 892 893 904 903
 8 772 773 784 783 893 894 905 904
 8 773 774 785 784 894 895 906 905
 8 774 775 786 785 895 896 907 906
 8 775 776 787 786 896 897 908 907
 8 776 777 788 787 897 898 909 908
 8 777 778 789 788 898 899 910 909
 8 778 779 790 789 899 900 911 910
 8 779 780 791 790 900 901 912 911
 8 781 782 793 792 902 903 914 913
 8 782 783 794 793 903 904 915 914
 8 783 784 795 794 904 905 916 915
 8 784 785 796 795 905 906 917 916
 8 785 786 797 796 906 907 918 917
 8 786 787 798 797 907 908 919 918
 8 787 788 799 798 908 909 920 919
 8 788 789 800 799 909 910 921 920
 8 789 790 801 800 910 911 922 921
 8 790 791 802 801 911 912 923 922
 8 792 793 804 803 913 914 925 924
 8 793 794 805 804 914 915 926 925
 8 794 795 806 805 915 916 927 926
 8 795 796 807 806 916 917 928 927
 8 796 797 808 807 917 918 929 928
 8 797 798 809 808 918 919 930 929
 8 798 799 810 809 919 920 931 930
 8 799 800 811 810 920 921 932 931
 8 800 801 812 811 921 922 933 932
 8 801 802 813 812 922 923 934 933
 8 803 804 815 814 924 925 936 935
 8 804 805 816 815 925 926 937 936
 8 805 806 817 816 926 927 938 937
 8 806 807 818 817 927 928 939 938
 8 807 808 819 818 928 929 940 939
 8 808 809 820 819 929 930 941 940
 8 809 810 821 820 930 931 942 941
 8 810 811 822 821 931 932 943 942
 8 811 812 823 822 932 933 944 943
 8 812 813 824 823 933 934 945 944
 8 814 815 826 825 935 936 947 946
 8 815 816 827 826 936 937 948 947
 8 816 817 828 827 937 938 949 948
 8 817 818 829 828 938 939 950 949
 8 818 819 830 829 939 940 951 950
 8 819 820 831 830 940 941 952 951
 8 820 821 832 831 941 942 953 952
 8 821 822 833 832 942 943 954 953
 8 822 823 834 833 943 944 955 954
 8 823 824 835 834 944 945 956 955
 8 825 826 837 836 946 947 958 957
 8 826 827 838 837 947 948 959 958
 8 827 828 839 838 948 949 960 959
 8 828 829 840 839 949 950 961 960
 8 829 830 841 840 950 951 962 961
 8 830 831 842 841 951 952 963 962
 8 831 832 843 842 952 953 964 963
 8 832 833 844 843 953 954 965 964
 8 833 834 845 844 954 955 966 965
 8 834 835 846 845 955 956 967 966
 8 847 848 859 858 968 969 980 979
 8 848 849 860 859 969 970 981 980
 8 849 850 861 860 970 971 982 981
 8 850 851 862 861 971 972 983 982
 8 851 852 863 862 972 973 984 983
 8 852 853 864 863 973 974 985 984
 8 853 854 865 864 974 975 986 985
 8 854 855 866 865 975 976 987 986
 8 855 856 867 866 976 977 988 987
 8 856 857 868 867 977 978 989 988
 8 858 859 870 869 979 980 991 990
 8 859 860 871 870 980 981 992 991
 8 860 861 872 871 981 982 993 992
 8 861 862 873 872 982 983 994 993
 8 862 863 874 873 983 984 995 994
 8 863 864 875 874 984 985 996 995
 8 864 865 876 875 985 986 997 996
 8 865 866 877 876 986 987 998 997
 8 866 867 878 877 987 988 999 998
 8 867 868 879 878 988 989 1000 999
 8 869 870 881 880 990 991 1002 1001
 8 870 871 882 881 991 992 1003 1002
 8 871 872 883 882 992 993 1004 1003
 8 872 873 884 883 993 994 1005 1004
 8 873 874 885 884 994 995 1006 1005
 8 874 875 886 885 995 996 1007 1006
 8 875 876 887 886 996 997 1008 1007
 8 876 877 888 887 997 998 1009 1008
 8 877 878 889 888 998 999 1010 1009
 8 878 879 890 889 999 1000 1011 1010
 8 880 881 892 891 1001 1002 1013 1012
 8 881 882 893 892 1002 1003 1014 1013
 8 882 883 894 893 1003 1004 1015 1014
 8 883 884 895 894 1004 1005 1016 1015
 8 884 885 896 895 1005 1006 1017 1016
 8 885 886 897 896 1006 1007 1018 1017
 8 886 887 898 897 1007 1008 1019 1018
 8 887 888 899 898 1008 1009 1020 1019
 8 888 889 900 899 1009 1010 1021 1020
 8 889 890 901 900 1010 1011 1022 1021
 8 891 892 903 902 1012 1013 1024 1023
 8 892 893 904 903 1013 1014 1025 1024
 8 893 894 905 904 1014 1015 1026 1025
 8 894 895 906 905 1015 1016 1027 1026
 8 895 896 907 906 1016 1017 1028 1027
 8 896 897 908 907 1017 1018 1029 1028
 8 897 898 909 908 1018 1019 1030 1029
 8 898 899 910 909 1019 1020 1031 1030
 8 899 900 911 910 1020 1021 1032 1031
 8 900 901 912 911 1021 1022 1033 1032
 8 902 903 914 913 1023 1024 1035 1034
 8 903 904 915 914 1024 1025 1036 1035
 8 904 905 916 915 1025 1026 1037 1036
 8 905 906 917 916 1026 1027 1038 1037
 8 906 907 918 917 1027 1028 1039 1038
 8 907 908 919 918 1028 1029 1040 1039
 8 908 909 920 919 1029 1030 1041 1040
 8 909 910 921 920 1030 1031 1042 1041
 8 910 911 922 921 1031 1032 1043 1042
 8 911 912 923 922 1032 1033 1044 1043
 8 913 914 925 924 1034 1035 1046 1045
 8 914 915 926 925 1035 1036 1047 1046
 8 915 916 927 926 1036 1037 1048 1047
 8 916 917 928 927 1037 1038 1049 1048
 8 917 918 929 928 1038 1039 1050 1049
 8 918 919 930 929 1039 1040 1051 1050
 8 919 920 931 930 1040 1041 1052 1051
 8 920 921 932 931 1041 1042 1053 1052
 8 921 922 933 932 1042 1043 1054 1053
 8 922 923 934 933 1043 1044 1055 1054
 8 924 925 936 935 1045 1046 1057 1056
 8 925 926 937 936 1046 1047 1058 1057
 8 926 927 938 937 1047 1048 1059 1058
 8 927 928 939 938 1048 1049 1060 1059
 8 928 929 940 939 1049 1050 1061 1060
 8 929 930 941 940 1050 1051 1062 1061
 8 930 931 942 941 1051 1052 1063 1062
 8 931 932 943 942 1052 1053 1064 1063
 8 932 933 944 943 1053 1054 1065 1064
 8 933 934 945 944 1054 1055 1066 1065
 8 935 936 947 946 1056 1057 1068 1067
 8 936 937 948 947 1057 1058 1069 1068
 8 937 938 949 948 1058 1059 1070 1069
 8 938 939 950 949 1059 1060 1071 1070
 8 939 940 951 950 1060 1061 1072 1071
 8 940 941 952 951 1061 1062 1073 1072
 8 941 942 953 952 1062 1063 1074 1073
 8 942 943 954 953 1063 1064 1075 1074
 8 943 944 955 954 1064 1065 1076 1075
 8 944 945 956 955 1065 1066 1077 1076
 8 946 947 958 957 1067 1068 1079 1078
 8 947 948 959 958 1068 1069 1080 1079
 8 948 949 960 959 1069 1070 1081 1080
 8 949 950 961 960 1070 1071 1082 1081
 8 950 951 962 961 1071 1072 1083 1082
 8 951 952 963 962 1072 1073 1084 1083
 8 952 953 964 963 1073 1074 1085 1084
 8 953 954 965 964 1074 1075 1086 1085
 8 954 955 966 965 1075 1076 1087 1086
 8 955 956 967 966 1076 1077 1088 1087
 8 968 969 980 979 1089 1090 1101 1100
 8 969 970 981 980 1090 1091 1102 1101
 8 970 971 982 981 1091 1092 1103 1102
 8 971 972 983 982 1092 1093 1104 1103
 8 972 973 984 983 1093 1094 1105 1104
 8 973 974 985 984 1094 1095 1106 1105
 8 974 975 986 985 1095 1096 1107 1106
 8 975 976 987 986 1096 1097 1108 1107
 8 976 977 988 987 1097 1098 1109 1108
 8 977 978 989 988 1098 1099 1110 1109
 8 979 980 991 990 1100 1101 1112 1111
 8 980 981 992 991 1101 1102 1113 1112
 8 981 982 993 992 1102 1103 1114 1113
 8 982 983 994 993 1103 1104 1115 1114
 8 983 984 995 994 1104 1105 1116 1115
 8 984 985 996 995 1105 1106 1117 1116
 8 985 986 997 996 1106 1107 1118 1117
 8 986 987 998 997 1107 1108 1119 1118
 8 987 988 999 998 1108 1109 1120 1119
 8 988 989 1000 999 1109 1110 1121 1120
 8 990 991 1002 1001 1111 1112 1123 1122
 8 991 992 1003 1002 1112 1113 1124 1123
 8 992 993 1004 1003 1113 1114 1125 1124
 8 993 994 1005 1004 1114 1115 1126 1125
 8 994 995 1006 1005 1115 1116 1127 1126
 8 995 996 1007 1006 1116 1117 1128 1127
 8 996 997 1008 1007 1117 1118 1129 1128
 8 997 998 1009 1008 1118 1119 1130 1129
 8 998 999 1010 1009 1119 1120 1131 1130
 8 999 1000 1011 1010 1120 1121 1132 1131
 8 1001 1002 1013 1012 1122 1123 1134 1133
 8 1002 1003 1014 1013 1123 1124 1135 1134
 8 1003 1004 1015 1014 1124 1125 1136 1135
 8 1004 1005 1016 1015 1125 1126 1137 1136
 8 1005 1006 1017 1016 1126 1127 1138 1137
 8 1006 1007 1018 1017 1127 1128 1139 1138
 8 1007 1008 1019 1018 1128 1129 1140 1139
 8 1008 1009 1020 1019 1129 1130 1141 1140
 8 1009 1010 1021 1020 1130 1131 1142 1141
 8 1010 1011 1022 1021 1131 1132 1143 1142
 8 1012 1013 1024 1023 1133 1134 1145 1144
 8 1013 1014 1025 1024 1134 1135 1146 1145
 8 1014 1015 1026 1025 1135 1136 1147 1146
 8 1015 1016 1027 1026 1136 1137 1148 1147
 8 1016 1017 1028 1027 1137 1138 1149 1148
 8 1017 1018 1029 1028 1138 1139 1150 1149
 8 1018 1019 1030 1029 1139 1140 1151 1150
 8 1019 1020 1031 1030 1140 1141 1152 1151
 8 1020 1021 1032 1031 1141 1142 1153 1152
 8 1021 1022 1033 1032 1142 1143 1154 1153
 8 1023 1024 1035 1034 1144 1145 1156 1155
 8 1024 1025 1036 1035 1145 1146 1157 1156
 8 1025 1026 1037 1036 1146 1147 1158 1157
 8 1026 1027 1038 1037 1147 1148 1159 1158
 8 1027 1028 1039 1038 1148 1149 1160 1159
 8 1028 1029 1040 1039 1149 1150 1161 1160
 8 1029 1030 1041 1040 1150 1151 1162 1161
 8 1030 1031 1042 1041 1151 1152 1163 1162
 8 1031 1032 1043 1042 1152 1153 1164 1163
 8 1032 1033 1044 1043 1153 1154 1165 1164
 8 1034 1035 1046 1045 1155 1156 1167 1166
 8 1035 1036 1047 1046 1156 1157 1168 1167
 8 1036 1037 1048 1047 1157 1158 1169 1168
 8 1037 1038 1049 1048 1158 1159 1170 1169
 8 1038 1039 1050 1049 1159 1160 1171 1170
 8 1039 1040 1051 1050 1160 1161 1172 1171
 8 1040 1041 1052 1051 1161 1162 1173 1172
 8 1041 1042 1053 1052 1162 1163 1174 1173
 8 1042 1043 1054 1053 1163 1164 1175 1174
 8 1043 1044 1055 1054 1164 1165 1176 1175
 8 1045 1046 1057 1056 1166 1167 1178 1177
 8 1046 1047 1058 1057 1167 1168 1179 1178
 8 1047 1048 1059 1058 1168 1169 1180 1179
 8 1048 1049 1060 1059 1169 1170 1181 1180
 8 1049 1050 1061 1060 1170 1171 1182 1181
 8 1050 1051 1062 1061 1171 1172 1183 1182
 8 1051 1052 1063 1062 1172 1173 1184 1183
 8 1052 1053 1064 1063 1173 1174 1185 1184
 8 1053 1054 1065 1064 1174 1175 1186 1185
 8 1054 1055 1066 1065 1175 1176 1187 1186
 8 1056 1057 1068 1067 1177 1178 1189 1188
 8 1057 1058 1069 1068 1178 1179 1190 1189
 8 1058 1059 1070 1069 1179 1180 1191 1190
 8 1059 1060 1071 1070 1180 1181 1192 1191
 8 1060 1061 1072 1071 1181 1182 1193 1192
 8 1061 1062 1073 1072 1182 1183 1194 1193
 8 1062 1063 1074 1073 1183 1184 1195 1194
 8 1063 1064 1075 1074 1184 1185 1196 1195
 8 1064 1065 1076 1075 1185 1186 1197 1196
 8 1065 1066 1077 1076 1186 1187 1198 1197
 8 1067 1068 1079 1078 1188 1189 1200 1199
 8 1068 1069 1080 1079 1189 1190 1201 1200
 8 1069 1070 1081 1080 1190 1191 1202 1201
 8 1070 1071 1082 1081 1191 1192 1203 1202
 8 1071 1072 1083 1082 1192 1193 1204 1203
 8 1072 1073 1084 1083 1193 1194 1205 1204
 8 1073 1074 1085 1084 1194 1195 1206 1205
 8 1074 1075 1086 1085 1195 1196 1207 1206
 8 1075 1076 1087 1086 1196 1197 1208 1207
 8 1076 1077 1088 1087 1197 1198 1209 1208
 8 1089 1090 1101 1100 1210 1211 1222 1221
 8 1090 1091 1102 1101 1211 1212 1223 1222
 8 1091 1092 1103 1102 1212 1213 1224 1223
 8 1092 1093 1104 1103 1213 1214 1225 1224
 8 1093 1094 1105 1104 1214 1215 1226 1225
 8 1094 1095 1106 1105 1215 1216 1227 1226
 8 1095 1096 1107 1106 1216 1217 1228 1227
 8 1096 1097 1108 1107 1217 1218 1229 1228
 8 1097 1098 1109 1108 1218 1219 1230 1229
 8 1098 1099 1110 1109 1219 1220 1231 1230
 8 1100 1101 1112 1111 1221 1222 1233 1232
 8 1101 1102 1113 1112 1222 1223 1234 1233
 8 1102 1103 1114 1113 1223 1224 1235 1234
 8 1103 1104 1115 1114 1224 1225 1236 1235
 8 1104 1105 1116 1115 1225 1226 1237 1236
 8 1105 1106 1117 1116 1226 1227 1238 1237
 8 1106 1107 1118 1117 1227 1228 1239 1238
 8 1107 1108 1119 1118 1228 1229 1240 1239
 8 1108 1109 1120 1119 1229 1230 1241 1240
 8 1109 1110 1121 1120 1230 1231 1242 1241
 8 1111 1112 1123 1122 1232 1233 1244 1243
 8 1112 1113 1124 1123 1233 1234 1245 1244
 8 1113 1114 1125 1124 1234 1235 1246 1245
 8 1114 1115 1126 1125 1235 1236 1247 1246
 8 1115 1116 1127 1126 1236 1237 1248 1247
 8 1116 1117 1128 1127 1237 1238 1249 1248
 8 1117 1118 1129 1128 1238 1239 1250 1249
 8 1118 1119 1130 1129 1239 1240 1251 1250
 8 1119 1120 1131 1130 1240 1241 1252 1251
 8 1120 1121 1132 1131 1241 1242 1253 1252
 8 1122 1123 1134 1133 1243 1244 1255 1254
 8 1123 1124 1135 1134 1244 1245 1256 1255
 8 1124 1125 1136 1135 1245 1246 1257 1256
 8 1125 1126 1137 1136 1246 1247 1258 1257
 8 1126 1127 1138 1137 1247 1248 1259 1258
 8 1127 1128 1139 1138 1248 1249 1260 1259
 8 1128 1129 1140 1139 1249 1250 1261 1260
 8 1129 1130 1141 1140 1250 1251 1262 1261
 8 1130 1131 1142 1141 1251 1252 1263 1262
 8 1131 1132 1143 1142 1252 1253 1264 1263
 8 1133 1134 1145 1144 1254 1255 1266 1265
 8 1134 1135 1146 1145 1255 1256 1267 1266
 8 1135 1136 1147 1146 1256 1257 1268 1267
 8 1136 1137 1148 1147 1257 1258 1269 1268
 8 1137 1138 1149 1148 1258 1259 1270 1269
 8 1138 1139 1150 1149 1259 1260 1271 1270
 8 1139 1140 1151 1150 1260 1261 1272 1271
 8 1140 1141 1152 1151 1261 1262 1273 1272
 8 1141 1142 1153 1152 1262 1263 1274 1273
 8 1142 1143 1154 1153 1263 1264 1275 1274
 8 1144 1145 1156 1155 1265 1266 1277 1276
 8 1145 1146 1157 1156 1266 1267 1278 1277
 8 1146 1147 1158 1157 1267 1268 1279 1278
 8 1147 1148 1159 1158 1268 1269 1280 1279
 8 1148 1149 1160 1159 1269 1270 1281 1280
 8 1149 1150 1161 1160 1270 1271 1282 1281
 8 1150 1151 1162 1161 1271 1272 1283 1282
 8 1151 1152 1163 1162 1272 1273 1284 1283
 8 1152 1153 1164 1163 1273 1274 1285 1284
 8 1153 1154 1165 1164 1274 1275 1286 1285
 8 1155 1156 1167 1166 1276 1277 1288 1287
 8 1156 1157 1168 1167 1277 1278 1289 1288
 8 1157 1158 1169 1168 1278 1279 1290 1289
 8 1158 1159 1170 1169 1279 1280 1291 1290
 8 1159 1160 1171 1170 1280 1281 1292 1291
 8 1160 1161 1172 1171 1281 1282 1293 1292
 8 1161 1162 1173 1172 1282 1283 1294 1293
 8 1162 1163 1174 1173 1283 1284 1295 1294
 8 1163 1164 1175 1174 1284 1285 1296 1295
 8 1164 1165 1176 1175 1285 1286 1297 1296
 8 1166 1167 1178 1177 1287 1288 1299 1298
 8 1167 1168 1179 1178 1288 1289 1300 1299
 8 1168 1169 1180 1179 1289 1290 1301 1300
 8 1169 1170 1181 1180 1290 1291 1302 1301
 8 1170 1171 1182 1181 1291 1292 1303 1302
 8 1171 1172 1183 1182 1292 1293 1304 1303
 8 1172 1173 1184 1183 1293 1294 1305 1304
 8 1173 1174 1185 1184 1294 1295 1306 1305
 8 1174 1175 1186 1185 1295 1296 1307 1306
 8 1175 1176 1187 1186 1296 1297 1308 1307
 8 1177 1178 1189 1188 1298 1299 1310 1309
 8 1178 1179 1190 1189 1299 1300 1311 1310
 8 1179 1180 1191 1190 1300 1301 1312 1311
 8 1180 1181 1192 1191 1301 1302 1313 1312
 8 1181 1182 1193 1192 1302 1303 1314 1313
 8 1182 1183 1194 1193 1303 1304 1315 1314
 8 1183 1184 1195 1194 1304 1305 1316 1315
 8 1184 1185 1196 1195 1305 1306 1317 1316
 8 1185 1186 1197 1196 1306 1307 1318 1317
 8 1186 1187 1198 1197 1307 1308 1319 1318
 8 1188 1189 1200 1199 1309 1310 1321 1320
 8 1189 1190 1201 1200 1310 1311 1322 1321
 8 1190 1191 1202 1201 1311 1312 1323 1322
 8 1191 1192 1203 1202 1312 1313 1324 1323
 8 1192 1193 1204 1203 1313 1314 1325 1324
 8 1193 1194 1205 1204 1314 1315 1326 1325
 8 1194 1195 1206 1205 1315 1316 1327 1326
 8 1195 1196 1207 1206 1316 1317 1328 1327
 8 1196 1197 1208 1207 1317 1318 1329 1328
 8 1197 1198 1209 1208 1318 1319 1330 1329

CELL_TYPES 1000
 12
 12
 12
 12
 12
 12
 12
 12
 12
 12
 12
 12
 12
 12
 12
 12
 12
 12
 12
 12
 12
 12
 12
 12
 12
 12
 12
 12
 12
 12
 12
 12
 12
 12
 12
 12
 12
 12
 12
 12
 12
 12
 12
 12
 12
 12
 12
 12
 12
 12
 12
 12
 12
 12
 12
 12
 12
 12
 12
 12
 12
 12
 12
 12
 12
 12
 12
 12
 12
 12
 12
 12
 12
 12
 12
 12
 12
 12
 12
 12
 12
 12
 12
 12
 12
 12
 12
 12
 12
 12
 12
 12
 12
 12
 12
 12
 12
 12
 12
 12
 12
 12
 12
 12
 12
 12
 12
 12
 12
 12
 12
 12
 12
 12
 12
 12
 12
 12
 12
 12
 12
 12
 12
 12
 12
 12
 12
 12
 12
 12
 12
 12
 12
 12
 12
 12
 12
 12
 12
 12
 12
 12
 12
 12
 12
 12
 12
 12
 12
 12
 12
 12
 12
 12
 12
 12
 12
 12
 12
 12
 12
 12
 12
 12
 12
 12
 12
 12
 12
 12
 12
 12
 12
 12
 12
 12
 12
 12
 12
 12
 12
 12
 12
 12
 12
 12
 12
 12
 12
 12
 12
 12
 12
 12
 12
 12
 12
 12
 12
 12
 12
 12
 12
 12
 12
 12
 12
 12
 12
 12
 12
 12
 12
 12
 12
 12
 12
 12
 12
 12
 12
 12
 12
 12
 12
 12
 12
 12
 12
 12
 12
 12
 12
 12
 12
 12
 12
 12
 12
 12
 12
 12
 12
 12
 12
 12
 12
 12
 12
 12
 12
 12
 12
 12
 12
 12
 12
 12
 12
 12
 12
 12
 12
 12
 12
 12
 12
 12
 12
 12
 12
 12
 12
 12
 12
 12
 12
 12
 12
 12
 12
 12
 12
 12
 12
 12
 12
 12
 12
 12
 12
 12
 12
 12
 12
 12
 12
 12
 12
 12
 12
 12
 12
 12
 12
 12
 12
 12
 12
 12
 12
 12
 12
 12
 12
 12
 12
 12
 12
 12
 12
 12
 12
 12
 12
 12
 12
 12
 12
 12
 12
 12
 12
 12
 12
 12
 12
 12
 12
 12
 12
 12
 12
 12
 12
 12
 12
 12
 12
 12
 12
 12
 12
 12
 12
 12
 12
 12
 12
 12
 12
 12
 12
 12
 12
 12
 12
 12
 12
 12
 12
 12
 12
 12
 12
 12
 12
 12
 12
 12
 12
 12
 12
 12
 12
 12
 12
 12
 12
 12
 12
 12
 12
 12
 12
 12
 12
 12
 12
 12
 12
 12
 12
 12
 12
 12
 12
 12
 12
 12
 12
 12
 12
 12
 12
 12
 12
 12
 12
 12
 12
 12
 12
 12
 12
 12
 12
 12
 12
 12
 12
 12
 12
 12
 12
 12
 12
 12
 12
 12
 12
 12
 12
 12
 12
 12
 12
 12
 12
 12
 12
 12
 12
 12
 12
 12
 12
 12
 12
 12
 12
 12
 12
 12
 12
 12
 12
 12
 12
 12
 12
 12
 12
 12
 12
 12
 12
 12
 12
 12
 12
 12
 12
 12
 12
 12
 12
 12
 12
 12
 12
 12
 12
 12
 12
 12
 12
 12
 12
 12
 12
 12
 12
 12
 12
 12
 12
 12
 12
 12
 12
 12
 12
 12
 12
 12
 12
 12
 12
 12
 12
 12
 12
 12
 12
 12
 12
 12
 12
 12
 12
 12
 12
 12
 12
 12
 12
 12
 12
 12
 12
 12
 12
 12
 12
 12
 12
 12
 12
 12
 12
 12
 12
 12
 12
 12
 12
 12
 12
 12
 12
 12
 12
 12
 12
 12
 12
 12
 12
 12
 12
 12
 12
 12
 12
 12
 12
 12
 12
 12
 12
 12
 12
 12
 12
 12
 12
 12
 12
 12
 12
 12
 12
 12
 12
 12
 12
 12
 12
 12
 12
 12
 12
 12
 12
 12
 12
 12
 12
 12
 12
 12
 12
 12
 12
 12
 12
 12
 12
 12
 12
 12
 12
 12
 12
 12
 12
 12
 12
 12
 12
 12
 12
 12
 12
 12
 12
 12
 12
 12
 12
 12
 12
 12
 12
 12
 12
 12
 12
 12
 12
 12
 12
 12
 12
 12
 12
 12
 12
 12
 12
 12
 12
 12
 12
 12
 12
 12
 12
 12
 12
 12
 12
 12
 12
 12
 12
 12
 12
 12
 12
 12
 12
 12
 12
 12
 12
 12
 12
 12
 12
 12
 12
 12
 12
 12
 12
 12
 12
 12
 12
 12
 12
 12
 12
 12
 12
 12
 12
 12
 12
 12
 12
 12
 12
 12
 12
 12
 12
 12
 12
 12
 12
 12
 12
 12
 12
 12
 12
 12
 12
 12
 12
 12
 12
 12
 12
 12
 12
 12
 12
 12
 12
 12
 12
 12
 12
 12
 12
 12
 12
 12
 12
 12
 12
 12
 12
 12
 12
 12
 12
 12
 12
 12
 12
 12
 12
 12
 12
 12
 12
 12
 12
 12
 12
 12
 12
 12
 12
 12
 12
 12
 12
 12
 12
 12
 12
 12
 12
 12
 12
 12
 12
 12
 12
 12
 12
 12
 12
 12
 12
 12
 12
 12
 12
 12
 12
 12
 12
 12
 12
 12
 12
 12
 12
 12
 12
 12
 12
 12
 12
 12
 12
 12
 12
 12
 12
 12
 12
 12
 12
 12
 12
 12
 12
 12
 12
 12
 12
 12
 12
 12
 12
 12
 12
 12
 12
 12
 12
 12
 12
 12
 12
 12
 12
 12
 12
 12
 12
 12
 12
 12
 12
 12
 12
 12
 12
 12
 12
 12
 12
 12
 12
 12
 12
 12
 12
 12
 12
 12
 12
 12
 12
 12
 12
 12
 12
 12
 12
 12
 12
 12
 12
 12
 12
 12
 12
 12
 12
 12
 12
 12
 12
 12
 12
 12
 12
 12
 12
 12
 12
 12
 12
 12
 12
 12
 12
 12
 12
 12
 12
 12
 12
 12
 12
 12
 12
 12
 12
 12
 12
 12
 12
 12
 12
 12
 12
 12
 12
 12
 12
 12
 12
 12
 12
 12
 12
 12
 12
 12
 12
 12
 12
 12
 12
 12
 12
 12
 12
 12
 12
 12
 12
 12
 12
 12
 12
 12
 12
 12
 12
 12
 12
 12
 12
 12
 12
 12
 12
 12
 12
 12
 12
 12
 12
 12
 12
 12
 12
 12
 12
 12
 12
 12
 12
 12
 12
 12
 12
 12

CELL_DATA 1000
FIELD DOMAIN 2
VOL_DIV_q 1 1000 FLOAT 
 2.22
 2.14441
 2.2172
 2.19841
 2.16234
 2.19653
 2.15453
 2.19336
 2.20654
 2.21223
 2.10529
 2.19596
 2.19837
 2.21359
 2.23133
 2.2262
 2.19869
 2.13449
 2.1658
 2.29057
 2.27143
 2.12347
 2.15566
 2.24973
 2.24651
 2.2678
 2.21477
 2.27425
 2.30712
 2.20281
 2.18123
 2.14923
 2.13946
 2.22207
 2.26883
 2.18134
 2.16988
 2.22591
 2.25369
 2.2277
 2.22502
 2.23626
 2.24043
 2.21567
 2.19836
 2.26515
 2.25839
 2.28503
 2.20377
 2.23942
 2.17431
 2.22799
 2.21038
 2.24817
 2.18534
 2.17184
 2.14489
 2.16586
 2.29192
 2.29156
 2.17426
 2.16742
 2.1894
 2.20281
 2.19276
 2.20169
 2.14077
 2.25119
 2.21168
 2.17469
 2.276
 2.27912
 2.13923
 2.14729
 2.1879
 2.34934
 2.19027
 2.19086
 2.23908
 2.18721
 2.1924
 2.20602
 2.16099
 2.13728
 2.15572
 2.15451
 2.11635
 2.14168
 2.22053
 2.21581
 2.24879
 2.16375
 2.17626
 2.26236
 2.19761
 2.19957
 2.17231
 2.21564
 2.13957
 2.11873
 1.24826
 1.3081
 1.30037
 1.35235
 1.25146
 1.24253
 1.28734
 1.31143
 1.23554
 1.29516
 1.24851
 1.26682
 1.23956
 1.23749
 1.2737
 1.25356
 1.24456
 1.26326
 1.26195
 1.24594
 1.29658
 1.30221
 1.23735
 1.27888
 1.25895
 1.25353
 1.30557
 1.26542
 1.26297
 1.23012
 1.20601
 1.34777
 1.30895
 1.28461
 1.33287
 1.2918
 1.2463
 1.25029
 1.27717
 1.2972
 1.25526
 1.28369
 1.22599
 1.26478
 1.31376
 1.27208
 1.2556
 1.27349
 1.30634
 1.27076
 1.24303
 1.32701
 1.26012
 1.24396
 1.27702
 1.27356
 1.29377
 1.2959
 1.33884
 1.19901
 1.29055
 1.24973
 1.21472
 1.27607
 1.25316
 1.23969
 1.29993
 1.27748
 1.28052
 1.23074
 1.26272
 1.2831
 1.28752
 1.29262
 1.30054
 1.29604
 1.2452
 1.25232
 1.30418
 1.28801
 1.28467
 1.24191
 1.30776
 1.25994
 1.33277
 1.21901
 1.21264
 1.28362
 1.31318
 1.28118
 1.26841
 1.29973
 1.2985
 1.27541
 1.22467
 1.3223
 1.34647
 1.19647
 1.32059
 1.27924
 0.809511
 0.822908
 0.7972
 0.754164
 0.777181
 0.767967
 0.828779
 0.763967
 0.789048
 0.802973
 0.811592
 0.740547
 0.767622
 0.81558
 0.81101
 0.803281
 0.790239
 0.780104
 0.778877
 0.799707
 0.750238
 0.791473
 0.790967
 0.752815
 0.687846
 0.776676
 0.7941
 0.7584
 0.774527
 0.8252
 0.781555
 0.809644
 0.833073
 0.82508
 0.749736
 0.751636
 0.838143
 0.831767
 0.753997
 0.755139
 0.800417
 0.75107
 0.825941
 0.790337
 0.765431
 0.769654
 0.794546
 0.763697
 0.782327
 0.799229
 0.775087
 0.730636
 0.789994
 0.794373
 0.823791
 0.788152
 0.775404
 0.755838
 0.776373
 0.775457
 0.721033
 0.808321
 0.765743
 0.820121
 0.782194
 0.764041
 0.804421
 0.734278
 0.73901
 0.850761
 0.80839
 0.802653
 0.758139
 0.766558
 0.795242
 0.790339
 0.802578
 0.764616
 0.804512
 0.795391
 0.745822
 0.764859
 0.803356
 0.800621
 0.777196
 0.764468
 0.778783
 0.761904
 0.799514
 0.71194
 0.768767
 0.827199
 0.782157
 0.766508
 0.792749
 0.798443
 0.777356
 0.774085
 0.784401
 0.802175
 0.490502
 0.511037
 0.509225
 0.566117
 0.479137
 0.488275
 0.460231
 0.474854
 0.483398
 0.536832
 0.500401
 0.508973
 0.491947
 0.50771
 0.49116
 0.496575
 0.52011
 0.522076
 0.504687
 0.52774
 0.511881
 0.500064
 0.514017
 0.495835
 0.515236
 0.498667
 0.505226
 0.512891
 0.520565
 0.564702
 0.518598
 0.55562
 0.519078
 0.504202
 0.538516
 0.48955
 0.513943
 0.553555
 0.540141
 0.523841
 0.472484
 0.510159
 0.536577
 0.513639
 0.504235
 0.492767
 0.482267
 0.519501
 0.526803
 0.541513
 0.509746
 0.508067
 0.492343
 0.4936
 0.530544
 0.521265
 0.527707
 0.51095
 0.515769
 0.51063
 0.548953
 0.485866
 0.493364
 0.484064
 0.505373
 0.478326
 0.534369
 0.531178
 0.472781
 0.551532
 0.51657
 0.526982
 0.518007
 0.549188
 0.540099
 0.503551
 0.515279
 0.49686
 0.558664
 0.509638
 0.5318
 0.546063
 0.547703
 0.498277
 0.555629
 0.548165
 0.545955
 0.486475
 0.510842
 0.50768
 0.514862
 0.491451
 0.542077
 0.532371
 0.559849
 0.548035
 0.52419
 0.551532
 0.527849
 0.564765
 0.400525
 0.403402
 0.416892
 0.38739
 0.386061
 0.393809
 0.40891
 0.407893
 0.392557
 0.39434
 0.401545
 0.442359
 0.398822
 0.42073
 0.403389
 0.409471
 0.421783
 0.405924
 0.411758
 0.429585
 0.400952
 0.398034
 0.424675
 0.40978
 0.431084
 0.423521
 0.39337
 0.356424
 0.394133
 0.378863
 0.395299
 0.415268
 0.383942
 0.398942
 0.406296
 0.417258
 0.419802
 0.393158
 0.403456
 0.38241
 0.448954
 0.413564
 0.405744
 0.400841
 0.400903
 0.394054
 0.431178
 0.403369
 0.395774
 0.414469
 0.409482
 0.407219
 0.433423
 0.398202
 0.412185
 0.429553
 0.380063
 0.412699
 0.418635
 0.381451
 0.411553
 0.377315
 0.404915
 0.40758
 0.389245
 0.421718
 0.407368
 0.390809
 0.404116
 0.405023
 0.390884
 0.398116
 0.412328
 0.437965
 0.402307
 0.398848
 0.402264
 0.426263
 0.395241
 0.436579
 0.381562
 0.395202
 0.386804
 0.402706
 0.378993
 0.411333
 0.392133
 0.413175
 0.410507
 0.401796
 0.433632
 0.384796
 0.405324
 0.414938
 0.410768
 0.404686
 0.423102
 0.387908
 0.403893
 0.395898
 0.415751
 0.371314
 0.415652
 0.414558
 0.402891
 0.379252
 0.385708
 0.421157
 0.375443
 0.399253
 0.402343
 0.409674
 0.382857
 0.381444
 0.40676
 0.383246
 0.387009
 0.424561
 0.376465
 0.383596
 0.421722
 0.409291
 0.375008
 0.403967
 0.403038
 0.368999
 0.418641
 0.43148
 0.39016
 0.412412
 0.388796
 0.418973
 0.396295
 0.403226
 0.384839
 0.405432
 0.411483
 0.401471
 0.384785
 0.390108
 0.380316
 0.39671
 0.400445
 0.418815
 0.44014
 0.370284
 0.361569
 0.408784
 0.395716
 0.393121
 0.384761
 0.396868
 0.386832
 0.405805
 0.431794
 0.373503
 0.403645
 0.372883
 0.378612
 0.429331
 0.409027
 0.388933
 0.390353
 0.410467
 0.409552
 0.40018
 0.409757
 0.404545
 0.408495
 0.391887
 0.389969
 0.429378
 0.390533
 0.426635
 0.393071
 0.43727
 0.381629
 0.426836
 0.407825
 0.384664
 0.398642
 0.403735
 0.414905
 0.409127
 0.431781
 0.407853
 0.419771
 0.38477
 0.408089
 0.372156
 0.404835
 0.427784
 0.400637
 0.396112
 0.41598
 0.378861
 0.383031
 0.418111
 0.408357
 0.406545
 0.526132
 0.510136
 0.494036
 0.512166
 0.526525
 0.517823
 0.532789
 0.497341
 0.509901
 0.528189
 0.502907
 0.498475
 0.530935
 0.507982
 0.486618
 0.504736
 0.530926
 0.509164
 0.519143
 0.5063
 0.534827
 0.526205
 0.519979
 0.49934
 0.509462
 0.507844
 0.50315
 0.516898
 0.531403
 0.509526
 0.544094
 0.513595
 0.493822
 0.497337
 0.506961
 0.535502
 0.511878
 0.498083
 0.536387
 0.486932
 0.56687
 0.480839
 0.531021
 0.504826
 0.545178
 0.50305
 0.52125
 0.513315
 0.476668
 0.539665
 0.50611
 0.50659
 0.52032
 0.510983
 0.513116
 0.454982
 0.517328
 0.533531
 0.548959
 0.526094
 0.488806
 0.51588
 0.491516
 0.54648
 0.520999
 0.52603
 0.502407
 0.497501
 0.539609
 0.50762
 0.495008
 0.535168
 0.475057
 0.523003
 0.516723
 0.50642
 0.521041
 0.507106
 0.557264
 0.523507
 0.538102
 0.523086
 0.57957
 0.481306
 0.52537
 0.474236
 0.525198
 0.501442
 0.484512
 0.539599
 0.525604
 0.531834
 0.515359
 0.52938
 0.497785
 0.514392
 0.518108
 0.534379
 0.514001
 0.495209
 0.770919
 0.748351
 0.809332
 0.77214
 0.717665
 0.791271
 0.755015
 0.797078
 0.829099
 0.789771
 0.757505
 0.75686
 0.747304
 0.81486
 0.797091
 0.79128
 0.739251
 0.77741
 0.778927
 0.812181
 0.74974
 0.780338
 0.796567
 0.762556
 0.703976
 0.728835
 0.747127
 0.758569
 0.765225
 0.766887
 0.792063
 0.827708
 0.788313
 0.802554
 0.790436
 0.784739
 0.809043
 0.812649
 0.76709
 0.751402
 0.731553
 0.782177
 0.764606
 0.766026
 0.72657
 0.770049
 0.777014
 0.786158
 0.731903
 0.806408
 0.782023
 0.800721
 0.776764
 0.772504
 0.75819
 0.80833
 0.81032
 0.80814
 0.798559
 0.783655
 0.815911
 0.756558
 0.758215
 0.76529
 0.762459
 0.805113
 0.798908
 0.766333
 0.774845
 0.796312
 0.728896
 0.790268
 0.760543
 0.820829
 0.805938
 0.815386
 0.822576
 0.804286
 0.77713
 0.78537
 0.724214
 0.728053
 0.780763
 0.795266
 0.756588
 0.762958
 0.760262
 0.835528
 0.799209
 0.775834
 0.782585
 0.801211
 0.758527
 0.774687
 0.800883
 0.754242
 0.814104
 0.730051
 0.814423
 0.811275
 1.2753
 1.24896
 1.26087
 1.26549
 1.24792
 1.23646
 1.23134
 1.2609
 1.26543
 1.30419
 1.25352
 1.28539
 1.27163
 1.25963
 1.18498
 1.33119
 1.28043
 1.21304
 1.26334
 1.30298
 1.27106
 1.29228
 1.26127
 1.24322
 1.26335
 1.31554
 1.28868
 1.28745
 1.31087
 1.32573
 1.29892
 1.23415
 1.28247
 1.25924
 1.25387
 1.2996
 1.32335
 1.25387
 1.26935
 1.2395
 1.36203
 1.27001
 1.25831
 1.24893
 1.30042
 1.32577
 1.29357
 1.33962
 1.20622
 1.28778
 1.28206
 1.34472
 1.28572
 1.24414
 1.21999
 1.28148
 1.2376
 1.27967
 1.26059
 1.2686
 1.26192
 1.26337
 1.21144
 1.28991
 1.25215
 1.27367
 1.29139
 1.2584
 1.25703
 1.32776
 1.23203
 1.29449
 1.25512
 1.25175
 1.24842
 1.306
 1.29576
 1.22296
 1.19798
 1.22426
 1.27208
 1.22752
 1.27018
 1.29381
 1.30797
 1.27063
 1.30119
 1.32612
 1.24646
 1.35874
 1.21755
 1.22346
 1.28825
 1.30766
 1.28654
 1.24327
 1.32598
 1.33564
 1.27926
 1.2599
 2.15326
 2.24666
 2.24826
 2.30068
 2.22457
 2.19878
 2.18745
 2.22059
 2.27643
 2.19818
 2.21876
 2.15423
 2.26451
 2.20784
 2.16724
 2.25619
 2.21244
 2.21172
 2.19037
 2.20223
 2.31047
 2.26132
 2.25196
 2.1874
 2.19206
 2.22072
 2.16398
 2.17381
 2.20221
 2.25463
 2.24623
 2.17057
 2.14613
 2.21945
 2.19122
 2.21671
 2.18436
 2.14201
 2.19291
 2.22696
 2.23301
 2.23171
 2.23618
 2.19052
 2.20771
 2.18223
 2.21512
 2.20114
 2.19019
 2.15889
 2.22499
 2.20982
 2.22236
 2.16089
 2.19689
 2.23187
 2.25048
 2.21916
 2.17943
 2.25874
 2.29826
 2.23446
 2.17679
 2.19832
 2.20014
 2.29081
 2.15258
 2.19629
 2.27064
 2.20141
 2.17593
 2.12792
 2.22199
 2.19125
 2.30932
 2.26053
 2.24669
 2.19889
 2.17735
 2.13267
 2.20746
 2.14974
 2.19748
 2.17574
 2.26255
 2.19836
 2.23834
 2.15167
 2.16405
 2.19653
 2.14842
 2.16755
 2.24991
 2.22612
 2.26802
 2.24433
 2.25131
 2.25969
 2.18221
 2.21351

Vol_HEAT_Q 1 1000 FLOAT 
 0.00222
 0.00214441
 0.0022172
 0.00219841
 0.00216234
 0.00219653
 0.00215453
 0.00219336
 0.00220654
 0.00221223
 0.00210529
 0.00219596
 0.00219837
 0.00221359
 0.00223133
 0.0022262
 0.00219869
 0.00213449
 0.0021658
 0.00229057
 0.00227143
 0.00212347
 0.00215566
 0.00224973
 0.00224651
 0.0022678
 0.00221477
 0.00227425
 0.00230712
 0.00220281
 0.00218123
 0.00214923
 0.00213946
 0.00222207
 0.00226883
 0.00218134
 0.00216988
 0.00222591
 0.00225369
 0.0022277
 0.00222502
 0.00223626
 0.00224043
 0.00221567
 0.00219836
 0.00226515
 0.00225839
 0.00228503
 0.00220377
 0.00223942
 0.00217431
 0.00222799
 0.00221038
 0.00224817
 0.00218534
 0.00217184
 0.00214489
 0.00216586
 0.00229192
 0.00229156
 0.00217426
 0.00216742
 0.0021894
 0.00220281
 0.00219276
 0.00220169
 0.00214077
 0.00225119
 0.00221168
 0.00217469
 0.002276
 0.00227912
 0.00213923
 0.00214729
 0.0021879
 0.00234934
 0.00219027
 0.00219086
 0.00223908
 0.00218721
 0.0021924
 0.00220602
 0.00216099
 0.00213728
 0.00215572
 0.00215451
 0.00211635
 0.00214168
 0.00222053
 0.00221581
 0.00224879
 0.00216375
 0.00217626
 0.00226236
 0.00219761
 0.00219957
 0.00217231
 0.00221564
 0.00213957
 0.00211873
 0.00124826
 0.0013081
 0.00130037
 0.00135235
 0.00125146
 0.00124253
 0.00128734
 0.00131143
 0.00123554
 0.00129516
 0.00124851
 0.00126682
 0.00123956
 0.00123749
 0.0012737
 0.00125356
 0.00124456
 0.00126326
 0.00126195
 0.00124594
 0.00129658
 0.00130221
 0.00123735
 0.00127888
 0.00125895
 0.00125353
 0.00130557
 0.00126542
 0.00126297
 0.00123012
 0.00120601
 0.00134777
 0.00130895
 0.00128461
 0.00133287
 0.0012918
 0.0012463
 0.00125029
 0.00127717
 0.0012972
 0.00125526
 0.00128369
 0.00122599
 0.00126478
 0.00131376
 0.00127208
 0.0012556
 0.00127349
 0.00130634
 0.00127076
 0.00124303
 0.00132701
 0.00126012
 0.00124396
 0.00127702
 0.00127356
 0.00129377
 0.0012959
 0.00133884
 0.00119901
 0.00129055
 0.00124973
 0.00121472
 0.00127607
 0.00125316
 0.00123969
 0.00129993
 0.00127748
 0.00128052
 0.00123074
 0.00126272
 0.0012831
 0.00128752
 0.00129262
 0.00130054
 0.00129604
 0.0012452
 0.00125232
 0.00130418
 0.00128801
 0.00128467
 0.00124191
 0.00130776
 0.00125994
 0.00133277
 0.00121901
 0.00121264
 0.00128362
 0.00131318
 0.00128118
 0.00126841
 0.00129973
 0.0012985
 0.00127541
 0.00122467
 0.0013223
 0.00134647
 0.00119647
 0.00132059
 0.00127924
 0.000809511
 0.000822908
 0.0007972
 0.000754164
 0.000777181
 0.000767967
 0.000828779
 0.000763967
 0.000789048
 0.000802973
 0.000811592
 0.000740547
 0.000767622
 0.00081558
 0.00081101
 0.000803281
 0.000790239
 0.000780104
 0.000778877
 0.000799707
 0.000750238
 0.000791473
 0.000790967
 0.000752815
 0.000687846
 0.000776676
 0.0007941
 0.0007584
 0.000774527
 0.0008252
 0.000781555
 0.000809644
 0.000833073
 0.00082508
 0.000749736
 0.000751636
 0.000838143
 0.000831767
 0.000753997
 0.000755139
 0.000800417
 0.00075107
 0.000825941
 0.000790337
 0.000765431
 0.000769654
 0.000794546
 0.000763697
 0.000782327
 0.000799229
 0.000775087
 0.000730636
 0.000789994
 0.000794373
 0.000823791
 0.000788152
 0.000775404
 0.000755838
 0.000776373
 0.000775457
 0.000721033
 0.000808321
 0.000765743
 0.000820121
 0.000782194
 0.000764041
 0.000804421
 0.000734278
 0.00073901
 0.000850761
 0.00080839
 0.000802653
 0.000758139
 0.000766558
 0.000795242
 0.000790339
 0.000802578
 0.000764616
 0.000804512
 0.000795391
 0.000745822
 0.000764859
 0.000803356
 0.000800621
 0.000777196
 0.000764468
 0.000778783
 0.000761904
 0.000799514
 0.00071194
 0.000768767
 0.000827199
 0.000782157
 0.000766508
 0.000792749
 0.000798443
 0.000777356
 0.000774085
 0.000784401
 0.000802175
 0.000490502
 0.000511037
 0.000509225
 0.000566117
 0.000479137
 0.000488275
 0.000460231
 0.000474854
 0.000483398
 0.000536832
 0.000500401
 0.000508973
 0.000491947
 0.00050771
 0.00049116
 0.000496575
 0.00052011
 0.000522076
 0.000504687
 0.00052774
 0.000511881
 0.000500064
 0.000514017
 0.000495835
 0.000515236
 0.000498667
 0.000505226
 0.000512891
 0.000520565
 0.000564702
 0.000518598
 0.00055562
 0.000519078
 0.000504202
 0.000538516
 0.00048955
 0.000513943
 0.000553555
 0.000540141
 0.000523841
 0.000472484
 0.000510159
 0.000536577
 0.000513639
 0.000504235
 0.000492767
 0.000482267
 0.000519501
 0.000526803
 0.000541513
 0.000509746
 0.000508067
 0.000492343
 0.0004936
 0.000530544
 0.000521265
 0.000527707
 0.00051095
 0.000515769
 0.00051063
 0.000548953
 0.000485866
 0.000493364
 0.000484064
 0.000505373
 0.000478326
 0.000534369
 0.000531178
 0.000472781
 0.000551532
 0.00051657
 0.000526982
 0.000518007
 0.000549188
 0.000540099
 0.000503551
 0.000515279
 0.00049686
 0.000558664
 0.000509638
 0.0005318
 0.000546063
 0.000547703
 0.000498277
 0.000555629
 0.000548165
 0.000545955
 0.000486475
 0.000510842
 0.00050768
 0.000514862
 0.000491451
 0.000542077
 0.000532371
 0.000559849
 0.000548035
 0.00052419
 0.000551532
 0.000527849
 0.000564765
 0.000400525
 0.000403402
 0.000416892
 0.00038739
 0.000386061
 0.000393809
 0.00040891
 0.000407893
 0.000392557
 0.00039434
 0.000401545
 0.000442359
 0.000398822
 0.00042073
 0.000403389
 0.000409471
 0.000421783
 0.000405924
 0.000411758
 0.000429585
 0.000400952
 0.000398034
 0.000424675
 0.00040978
 0.000431084
 0.000423521
 0.00039337
 0.000356424
 0.000394133
 0.000378863
 0.000395299
 0.000415268
 0.000383942
 0.000398942
 0.000406296
 0.000417258
 0.000419802
 0.000393158
 0.000403456
 0.00038241
 0.000448954
 0.000413564
 0.000405744
 0.000400841
 0.000400903
 0.000394054
 0.000431178
 0.000403369
 0.000395774
 0.000414469
 0.000409482
 0.000407219
 0.000433423
 0.000398202
 0.000412185
 0.000429553
 0.000380063
 0.000412699
 0.000418635
 0.000381451
 0.000411553
 0.000377315
 0.000404915
 0.00040758
 0.000389245
 0.000421718
 0.000407368
 0.000390809
 0.000404116
 0.000405023
 0.000390884
 0.000398116
 0.000412328
 0.000437965
 0.000402307
 0.000398848
 0.000402264
 0.000426263
 0.000395241
 0.000436579
 0.000381562
 0.000395202
 0.000386804
 0.000402706
 0.000378993
 0.000411333
 0.000392133
 0.000413175
 0.000410507
 0.000401796
 0.000433632
 0.000384796
 0.000405324
 0.000414938
 0.000410768
 0.000404686
 0.000423102
 0.000387908
 0.000403893
 0.000395898
 0.000415751
 0.000371314
 0.000415652
 0.000414558
 0.000402891
 0.000379252
 0.000385708
 0.000421157
 0.000375443
 0.000399253
 0.000402343
 0.000409674
 0.000382857
 0.000381444
 0.00040676
 0.000383246
 0.000387009
 0.000424561
 0.000376465
 0.000383596
 0.000421722
 0.000409291
 0.000375008
 0.000403967
 0.000403038
 0.000368999
 0.000418641
 0.00043148
 0.00039016
 0.000412412
 0.000388796
 0.000418973
 0.000396295
 0.000403226
 0.000384839
 0.000405432
 0.000411483
 0.000401471
 0.000384785
 0.000390108
 0.000380316
 0.00039671
 0.000400445
 0.000418815
 0.00044014
 0.000370284
 0.000361569
 0.000408784
 0.000395716
 0.000393121
 0.000384761
 0.000396868
 0.000386832
 0.000405805
 0.000431794
 0.000373503
 0.000403645
 0.000372883
 0.000378612
 0.000429331
 0.000409027
 0.000388933
 0.000390353
 0.000410467
 0.000409552
 0.00040018
 0.000409757
 0.000404545
 0.000408495
 0.000391887
 0.000389969
 0.000429378
 0.000390533
 0.000426635
 0.000393071
 0.00043727
 0.000381629
 0.000426836
 0.000407825
 0.000384664
 0.000398642
 0.000403735
 0.000414905
 0.000409127
 0.000431781
 0.000407853
 0.000419771
 0.00038477
 0.000408089
 0.000372156
 0.000404835
 0.000427784
 0.000400637
 0.000396112
 0.00041598
 0.000378861
 0.000383031
 0.000418111
 0.000408357
 0.000406545
 0.000526132
 0.000510136
 0.000494036
 0.000512166
 0.000526525
 0.000517823
 0.000532789
 0.000497341
 0.000509901
 0.000528189
 0.000502907
 0.000498475
 0.000530935
 0.000507982
 0.000486618
 0.000504736
 0.000530926
 0.000509164
 0.000519143
 0.0005063
 0.000534827
 0.000526205
 0.000519979
 0.00049934
 0.000509462
 0.000507844
 0.00050315
 0.000516898
 0.000531403
 0.000509526
 0.000544094
 0.000513595
 0.000493822
 0.000497337
 0.000506961
 0.000535502
 0.000511878
 0.000498083
 0.000536387
 0.000486932
 0.00056687
 0.000480839
 0.000531021
 0.000504826
 0.000545178
 0.00050305
 0.00052125
 0.000513315
 0.000476668
 0.000539665
 0.00050611
 0.00050659
 0.00052032
 0.000510983
 0.000513116
 0.000454982
 0.000517328
 0.000533531
 0.000548959
 0.000526094
 0.000488806
 0.00051588
 0.000491516
 0.00054648
 0.000520999
 0.00052603
 0.000502407
 0.000497501
 0.000539609
 0.00050762
 0.000495008
 0.000535168
 0.000475057
 0.000523003
 0.000516723
 0.00050642
 0.000521041
 0.000507106
 0.000557264
 0.000523507
 0.000538102
 0.000523086
 0.00057957
 0.000481306
 0.00052537
 0.000474236
 0.000525198
 0.000501442
 0.000484512
 0.000539599
 0.000525604
 0.000531834
 0.000515359
 0.00052938
 0.000497785
 0.000514392
 0.000518108
 0.000534379
 0.000514001
 0.000495209
 0.000770919
 0.000748351
 0.000809332
 0.00077214
 0.000717665
 0.000791271
 0.000755015
 0.000797078
 0.000829099
 0.000789771
 0.000757505
 0.00075686
 0.000747304
 0.00081486
 0.000797091
 0.00079128
 0.000739251
 0.00077741
 0.000778927
 0.000812181
 0.00074974
 0.000780338
 0.000796567
 0.000762556
 0.000703976
 0.000728835
 0.000747127
 0.000758569
 0.000765225
 0.000766887
 0.000792063
 0.000827708
 0.000788313
 0.000802554
 0.000790436
 0.000784739
 0.000809043
 0.000812649
 0.00076709
 0.000751402
 0.000731553
 0.000782177
 0.000764606
 0.000766026
 0.00072657
 0.000770049
 0.000777014
 0.000786158
 0.000731903
 0.000806408
 0.000782023
 0.000800721
 0.000776764
 0.000772504
 0.00075819
 0.00080833
 0.00081032
 0.00080814
 0.000798559
 0.000783655
 0.000815911
 0.000756558
 0.000758215
 0.00076529
 0.000762459
 0.000805113
 0.000798908
 0.000766333
 0.000774845
 0.000796312
 0.000728896
 0.000790268
 0.000760543
 0.000820829
 0.000805938
 0.000815386
 0.000822576
 0.000804286
 0.00077713
 0.00078537
 0.000724214
 0.000728053
 0.000780763
 0.000795266
 0.000756588
 0.000762958
 0.000760262
 0.000835528
 0.000799209
 0.000775834
 0.000782585
 0.000801211
 0.000758527
 0.000774687
 0.000800883
 0.000754242
 0.000814104
 0.000730051
 0.000814423
 0.000811275
 0.0012753
 0.00124896
 0.00126087
 0.00126549
 0.00124792
 0.00123646
 0.00123134
 0.0012609
 0.00126543
 0.00130419
 0.00125352
 0.00128539
 0.00127163
 0.00125963
 0.00118498
 0.00133119
 0.00128043
 0.00121304
 0.00126334
 0.00130298
 0.00127106
 0.00129228
 0.00126127
 0.00124322
 0.00126335
 0.00131554
 0.00128868
 0.00128745
 0.00131087
 0.00132573
 0.00129892
 0.00123415
 0.00128247
 0.00125924
 0.00125387
 0.0012996
 0.00132335
 0.00125387
 0.00126935
 0.0012395
 0.00136203
 0.00127001
 0.00125831
 0.00124893
 0.00130042
 0.00132577
 0.00129357
 0.00133962
 0.00120622
 0.00128778
 0.00128206
 0.00134472
 0.00128572
 0.00124414
 0.00121999
 0.00128148
 0.0012376
 0.00127967
 0.00126059
 0.0012686
 0.00126192
 0.00126337
 0.00121144
 0.00128991
 0.00125215
 0.00127367
 0.00129139
 0.0012584
 0.00125703
 0.00132776
 0.00123203
 0.00129449
 0.00125512
 0.00125175
 0.00124842
 0.001306
 0.00129576
 0.00122296
 0.00119798
 0.00122426
 0.00127208
 0.00122752
 0.00127018
 0.00129381
 0.00130797
 0.00127063
 0.00130119
 0.00132612
 0.00124646
 0.00135874
 0.00121755
 0.00122346
 0.00128825
 0.00130766
 0.00128654
 0.00124327
 0.00132598
 0.00133564
 0.00127926
 0.0012599
 0.00215326
 0.00224666
 0.00224826
 0.00230068
 0.00222457
 0.00219878
 0.00218745
 0.00222059
 0.00227643
 0.00219818
 0.00221876
 0.00215423
 0.00226451
 0.00220784
 0.00216724
 0.00225619
 0.00221244
 0.00221172
 0.00219037
 0.00220223
 0.00231047
 0.00226132
 0.00225196
 0.0021874
 0.00219206
 0.00222072
 0.00216398
 0.00217381
 0.00220221
 0.00225463
 0.00224623
 0.00217057
 0.00214613
 0.00221945
 0.00219122
 0.00221671
 0.00218436
 0.00214201
 0.00219291
 0.00222696
 0.00223301
 0.00223171
 0.00223618
 0.00219052
 0.00220771
 0.00218223
 0.00221512
 0.00220114
 0.00219019
 0.00215889
 0.00222499
 0.00220982
 0.00222236
 0.00216089
 0.00219689
 0.00223187
 0.00225048
 0.00221916
 0.00217943
 0.00225874
 0.00229826
 0.00223446
 0.00217679
 0.00219832
 0.00220014
 0.00229081
 0.00215258
 0.00219629
 0.00227064
 0.00220141
 0.00217593
 0.00212792
 0.00222199
 0.00219125
 0.00230932
 0.00226053
 0.00224669
 0.00219889
 0.00217735
 0.00213267
 0.00220746
 0.00214974
 0.00219748
 0.00217574
 0.00226255
 0.00219836
 0.00223834
 0.00215167
 0.00216405
 0.00219653
 0.00214842
 0.00216755
 0.00224991
 0.00222612
 0.00226802
 0.00224433
 0.00225131
 0.00225969
 0.00218221
 0.00221351
