0.4 0.015 0 3.92699e-05 0 1 0 -1 0 0 1 2
0.403911 0.0146922 0 3.92699e-05 0.156434 0.987688 0 -0.987688 0.156434 0 1 2
0.407725 0.0137764 0 3.92699e-05 0.309017 0.951057 0 -0.951057 0.309017 0 1 2
0.41135 0.0122752 0 3.92699e-05 0.45399 0.891007 0 -0.891007 0.45399 0 1 2
0.414695 0.0102254 0 3.92699e-05 0.587785 0.809017 0 -0.809017 0.587785 0 1 2
0.417678 0.00767767 0 3.92699e-05 0.707107 0.707107 0 -0.707107 0.707107 0 1 2
0.420225 0.00469463 0 3.92699e-05 0.809017 0.587785 0 -0.587785 0.809017 0 1 2
0.422275 0.00134976 0 3.92699e-05 0.891007 0.45399 0 -0.45399 0.891007 0 1 2
0.423776 -0.00227458 0 3.92699e-05 0.951057 0.309017 0 -0.309017 0.951057 0 1 2
0.424692 -0.00608914 0 3.92699e-05 0.987688 0.156434 0 -0.156434 0.987688 0 1 2
0.425 -0.01 0 3.92699e-05 1 6.93889e-17 0 -6.93889e-17 1 0 1 2
0.424692 -0.0139109 0 3.92699e-05 0.987688 -0.156434 0 0.156434 0.987688 0 1 2
0.423776 -0.0177254 0 3.92699e-05 0.951057 -0.309017 0 0.309017 0.951057 0 1 2
0.422275 -0.0213498 0 3.92699e-05 0.891007 -0.45399 0 0.45399 0.891007 0 1 2
0.420225 -0.0246946 0 3.92699e-05 0.809017 -0.587785 0 0.587785 0.809017 0 1 2
0.417678 -0.0276777 0 3.92699e-05 0.707107 -0.707107 0 0.707107 0.707107 0 1 2
0.414695 -0.0302254 0 3.92699e-05 0.587785 -0.809017 0 0.809017 0.587785 0 1 2
0.41135 -0.0322752 0 3.92699e-05 0.45399 -0.891007 0 0.891007 0.45399 0 1 2
0.407725 -0.0337764 0 3.92699e-05 0.309017 -0.951057 0 0.951057 0.309017 0 1 2
0.403911 -0.0346922 0 3.92699e-05 0.156434 -0.987688 0 0.987688 0.156434 0 1 2
0.4 -0.035 0 3.92699e-05 0 -1 0 1 0 0 1 2
0.396089 -0.0346922 0 3.92699e-05 -0.156434 -0.987688 0 0.987688 -0.156434 0 1 2
0.392275 -0.0337764 0 3.92699e-05 -0.309017 -0.951057 0 0.951057 -0.309017 0 1 2
0.38865 -0.0322752 0 3.92699e-05 -0.45399 -0.891007 0 0.891007 -0.45399 0 1 2
0.385305 -0.0302254 0 3.92699e-05 -0.587785 -0.809017 0 0.809017 -0.587785 0 1 2
0.382322 -0.0276777 0 3.92699e-05 -0.707107 -0.707107 0 0.707107 -0.707107 0 1 2
0.379775 -0.0246946 0 3.92699e-05 -0.809017 -0.587785 0 0.587785 -0.809017 0 1 2
0.377725 -0.0213498 0 3.92699e-05 -0.891007 -0.45399 0 0.45399 -0.891007 0 1 2
0.376224 -0.0177254 0 3.92699e-05 -0.951057 -0.309017 0 0.309017 -0.951057 0 1 2
0.375308 -0.0139109 0 3.92699e-05 -0.987688 -0.156434 0 0.156434 -0.987688 0 1 2
0.375 -0.01 0 3.92699e-05 -1 -2.08167e-16 0 2.08167e-16 -1 0 1 2
0.375308 -0.00608914 0 3.92699e-05 -0.987688 0.156434 0 -0.156434 -0.987688 0 1 2
0.376224 -0.00227458 0 3.92699e-05 -0.951057 0.309017 0 -0.309017 -0.951057 0 1 2
0.377725 0.00134976 0 3.92699e-05 -0.891007 0.45399 0 -0.45399 -0.891007 0 1 2
0.379775 0.00469463 0 3.92699e-05 -0.809017 0.587785 0 -0.587785 -0.809017 0 1 2
0.382322 0.00767767 0 3.92699e-05 -0.707107 0.707107 0 -0.707107 -0.707107 0 1 2
0.385305 0.0102254 0 3.92699e-05 -0.587785 0.809017 0 -0.809017 -0.587785 0 1 2
0.38865 0.0122752 0 3.92699e-05 -0.45399 0.891007 0 -0.891007 -0.45399 0 1 2
0.392275 0.0137764 0 3.92699e-05 -0.309017 0.951057 0 -0.951057 -0.309017 0 1 2
0.396089 0.0146922 0 3.92699e-05 -0.156434 0.987688 0 -0.987688 -0.156434 0 1 2
0.6 0.035 0 3.92699e-05 0 1 0 -1 0 0 1 2
0.603911 0.0346922 0 3.92699e-05 0.156434 0.987688 0 -0.987688 0.156434 0 1 2
0.607725 0.0337764 0 3.92699e-05 0.309017 0.951057 0 -0.951057 0.309017 0 1 2
0.61135 0.0322752 0 3.92699e-05 0.45399 0.891007 0 -0.891007 0.45399 0 1 2
0.614695 0.0302254 0 3.92699e-05 0.587785 0.809017 0 -0.809017 0.587785 0 1 2
0.617678 0.0276777 0 3.92699e-05 0.707107 0.707107 0 -0.707107 0.707107 0 1 2
0.620225 0.0246946 0 3.92699e-05 0.809017 0.587785 0 -0.587785 0.809017 0 1 2
0.622275 0.0213498 0 3.92699e-05 0.891007 0.45399 0 -0.45399 0.891007 0 1 2
0.623776 0.0177254 0 3.92699e-05 0.951057 0.309017 0 -0.309017 0.951057 0 1 2
0.624692 0.0139109 0 3.92699e-05 0.987688 0.156434 0 -0.156434 0.987688 0 1 2
0.625 0.01 0 3.92699e-05 1 6.93889e-17 0 -6.93889e-17 1 0 1 2
0.624692 0.00608914 0 3.92699e-05 0.987688 -0.156434 0 0.156434 0.987688 0 1 2
0.623776 0.00227458 0 3.92699e-05 0.951057 -0.309017 0 0.309017 0.951057 0 1 2
0.622275 -0.00134976 0 3.92699e-05 0.891007 -0.45399 0 0.45399 0.891007 0 1 2
0.620225 -0.00469463 0 3.92699e-05 0.809017 -0.587785 0 0.587785 0.809017 0 1 2
0.617678 -0.00767767 0 3.92699e-05 0.707107 -0.707107 0 0.707107 0.707107 0 1 2
0.614695 -0.0102254 0 3.92699e-05 0.587785 -0.809017 0 0.809017 0.587785 0 1 2
0.61135 -0.0122752 0 3.92699e-05 0.45399 -0.891007 0 0.891007 0.45399 0 1 2
0.607725 -0.0137764 0 3.92699e-05 0.309017 -0.951057 0 0.951057 0.309017 0 1 2
0.603911 -0.0146922 0 3.92699e-05 0.156434 -0.987688 0 0.987688 0.156434 0 1 2
0.6 -0.015 0 3.92699e-05 0 -1 0 1 0 0 1 2
0.596089 -0.0146922 0 3.92699e-05 -0.156434 -0.987688 0 0.987688 -0.156434 0 1 2
0.592275 -0.0137764 0 3.92699e-05 -0.309017 -0.951057 0 0.951057 -0.309017 0 1 2
0.58865 -0.0122752 0 3.92699e-05 -0.45399 -0.891007 0 0.891007 -0.45399 0 1 2
0.585305 -0.0102254 0 3.92699e-05 -0.587785 -0.809017 0 0.809017 -0.587785 0 1 2
0.582322 -0.00767767 0 3.92699e-05 -0.707107 -0.707107 0 0.707107 -0.707107 0 1 2
0.579775 -0.00469463 0 3.92699e-05 -0.809017 -0.587785 0 0.587785 -0.809017 0 1 2
0.577725 -0.00134976 0 3.92699e-05 -0.891007 -0.45399 0 0.45399 -0.891007 0 1 2
0.576224 0.00227458 0 3.92699e-05 -0.951057 -0.309017 0 0.309017 -0.951057 0 1 2
0.575308 0.00608914 0 3.92699e-05 -0.987688 -0.156434 0 0.156434 -0.987688 0 1 2
0.575 0.01 0 3.92699e-05 -1 -2.08167e-16 0 2.08167e-16 -1 0 1 2
0.575308 0.0139109 0 3.92699e-05 -0.987688 0.156434 0 -0.156434 -0.987688 0 1 2
0.576224 0.0177254 0 3.92699e-05 -0.951057 0.309017 0 -0.309017 -0.951057 0 1 2
0.577725 0.0213498 0 3.92699e-05 -0.891007 0.45399 0 -0.45399 -0.891007 0 1 2
0.579775 0.0246946 0 3.92699e-05 -0.809017 0.587785 0 -0.587785 -0.809017 0 1 2
0.582322 0.0276777 0 3.92699e-05 -0.707107 0.707107 0 -0.707107 -0.707107 0 1 2
0.585305 0.0302254 0 3.92699e-05 -0.587785 0.809017 0 -0.809017 -0.587785 0 1 2
0.58865 0.0322752 0 3.92699e-05 -0.45399 0.891007 0 -0.891007 -0.45399 0 1 2
0.592275 0.0337764 0 3.92699e-05 -0.309017 0.951057 0 -0.951057 -0.309017 0 1 2
0.596089 0.0346922 0 3.92699e-05 -0.156434 0.987688 0 -0.987688 -0.156434 0 1 2
