input: ../input/HV15R.rb
num_of_lines_for_m_ptr_in_row_id 252147, num_of_lines_for_m_row_id 28307346, num_of_lines_for_m_data 94357820, num_of_rows 2017169, num_of_cols 2017169, num_of_entries 283073458
matrix read
free: 12, tot: 15
V allocated 
free: 10, tot: 15
R allocated 
free: 8, tot: 15
Blocks 	 ThreadsPerBlock 	 PVL 	 LVL 	 simple_error 	 simd_error 	 simple_time 	 simd_time 
8192 	 8 	 8 	 128 	 0.000004 	 0.000004 	 468.940000 	 557.837000 
8192 	 8 	 16 	 128 	 0.000004 	 0.000004 	 406.343000 	 460.397000 
8192 	 8 	 32 	 128 	 0.000004 	 0.000004 	 472.700000 	 451.038000 
8192 	 8 	 64 	 128 	 0.000004 	 0.000004 	 451.630000 	 452.442000 
8192 	 16 	 8 	 128 	 0.000004 	 0.000004 	 439.333000 	 517.740000 
8192 	 16 	 16 	 128 	 0.000004 	 0.000004 	 392.000000 	 440.593000 
8192 	 16 	 32 	 128 	 0.000004 	 0.000004 	 448.986000 	 392.247000 
8192 	 32 	 8 	 128 	 0.000004 	 0.000004 	 389.669000 	 449.993000 
8192 	 32 	 16 	 128 	 0.000004 	 0.000004 	 333.834000 	 395.277000 
8192 	 64 	 8 	 128 	 0.000004 	 0.000004 	 338.947000 	 522.133000 
16384 	 8 	 8 	 128 	 0.000004 	 0.000004 	 447.257000 	 528.440000 
16384 	 8 	 16 	 128 	 0.000004 	 0.000004 	 396.594000 	 443.773000 
16384 	 8 	 32 	 128 	 0.000004 	 0.000004 	 457.356000 	 429.686000 
16384 	 8 	 64 	 128 	 0.000004 	 0.000004 	 422.387000 	 423.949000 
16384 	 16 	 8 	 128 	 0.000004 	 0.000004 	 404.962000 	 467.724000 
16384 	 16 	 16 	 128 	 0.000004 	 0.000004 	 368.882000 	 397.541000 
16384 	 16 	 32 	 128 	 0.000004 	 0.000004 	 404.567000 	 330.095000 
16384 	 32 	 8 	 128 	 0.000004 	 0.000004 	 344.841000 	 409.443000 
16384 	 32 	 16 	 128 	 0.000004 	 0.000004 	 287.576000 	 355.768000 
16384 	 64 	 8 	 128 	 0.000004 	 0.000004 	 298.087000 	 517.720000 
32768 	 8 	 8 	 128 	 0.000004 	 0.000004 	 415.827000 	 481.812000 
32768 	 8 	 16 	 128 	 0.000004 	 0.000004 	 375.058000 	 401.692000 
32768 	 8 	 32 	 128 	 0.000004 	 0.000004 	 417.816000 	 379.167000 
32768 	 8 	 64 	 128 	 0.000004 	 0.000004 	 365.251000 	 366.600000 
32768 	 16 	 8 	 128 	 0.000004 	 0.000004 	 362.504000 	 414.262000 
32768 	 16 	 16 	 128 	 0.000004 	 0.000004 	 329.561000 	 337.574000 
32768 	 16 	 32 	 128 	 0.000004 	 0.000004 	 315.848000 	 241.018000 
32768 	 32 	 8 	 128 	 0.000004 	 0.000004 	 302.255000 	 382.806000 
32768 	 32 	 16 	 128 	 0.000004 	 0.000004 	 240.824000 	 333.930000 
32768 	 64 	 8 	 128 	 0.000004 	 0.000004 	 271.408000 	 512.999000 
--------------------- calling cublas ------------------------
cublas success, cublas_error: 0.000010, cublas time: 321.633000 ms
cublas success, cublas_error: 0.000010, cublas time: 321.578000 ms
cublas success, cublas_error: 0.000010, cublas time: 321.555000 ms
cublas success, cublas_error: 0.000010, cublas time: 321.571000 ms
cublas success, cublas_error: 0.000010, cublas time: 321.590000 ms
cublas success, cublas_error: 0.000010, cublas time: 321.610000 ms
cublas success, cublas_error: 0.000010, cublas time: 321.598000 ms
cublas success, cublas_error: 0.000010, cublas time: 321.606000 ms
cublas success, cublas_error: 0.000010, cublas time: 321.589000 ms
cublas success, cublas_error: 0.000010, cublas time: 323.385000 ms
input: ../input/ML_Geer.rb
num_of_lines_for_m_ptr_in_row_id 188001, num_of_lines_for_m_row_id 11087998, num_of_lines_for_m_data 27719993, num_of_rows 1504002, num_of_cols 1504002, num_of_entries 110879972
matrix read
free: 14, tot: 15
V allocated 
free: 12, tot: 15
R allocated 
free: 11, tot: 15
Blocks 	 ThreadsPerBlock 	 PVL 	 LVL 	 simple_error 	 simd_error 	 simple_time 	 simd_time 
8192 	 8 	 8 	 128 	 0.042920 	 0.042920 	 123.833000 	 156.670000 
8192 	 8 	 16 	 128 	 0.042920 	 0.042920 	 95.515000 	 116.798000 
8192 	 8 	 32 	 128 	 0.042920 	 0.042920 	 103.932000 	 85.494000 
8192 	 8 	 64 	 128 	 0.042920 	 0.042920 	 103.302000 	 103.998000 
8192 	 16 	 8 	 128 	 0.042920 	 0.042920 	 114.587000 	 148.107000 
8192 	 16 	 16 	 128 	 0.042920 	 0.042920 	 90.713000 	 113.840000 
8192 	 16 	 32 	 128 	 0.042920 	 0.042920 	 91.608000 	 77.715000 
8192 	 32 	 8 	 128 	 0.042920 	 0.042920 	 110.902000 	 145.006000 
8192 	 32 	 16 	 128 	 0.042920 	 0.042920 	 80.099000 	 116.651000 
8192 	 64 	 8 	 128 	 0.042920 	 0.042920 	 105.932000 	 155.909000 
16384 	 8 	 8 	 128 	 0.042920 	 0.042920 	 116.510000 	 150.240000 
16384 	 8 	 16 	 128 	 0.042920 	 0.042920 	 91.524000 	 113.579000 
16384 	 8 	 32 	 128 	 0.042920 	 0.042920 	 91.459000 	 80.637000 
16384 	 8 	 64 	 128 	 0.042920 	 0.042920 	 98.818000 	 98.939000 
16384 	 16 	 8 	 128 	 0.042920 	 0.042920 	 110.575000 	 144.620000 
16384 	 16 	 16 	 128 	 0.042920 	 0.042920 	 88.684000 	 111.522000 
16384 	 16 	 32 	 128 	 0.042920 	 0.042920 	 85.284000 	 76.855000 
16384 	 32 	 8 	 128 	 0.042920 	 0.042920 	 106.507000 	 137.938000 
16384 	 32 	 16 	 128 	 0.042920 	 0.042920 	 76.850000 	 110.376000 
16384 	 64 	 8 	 128 	 0.042920 	 0.042920 	 95.696000 	 143.125000 
32768 	 8 	 8 	 128 	 0.042920 	 0.042920 	 112.636000 	 146.863000 
32768 	 8 	 16 	 128 	 0.042920 	 0.042920 	 89.683000 	 112.216000 
32768 	 8 	 32 	 128 	 0.042920 	 0.042920 	 85.475000 	 78.709000 
32768 	 8 	 64 	 128 	 0.042920 	 0.042920 	 97.268000 	 97.261000 
32768 	 16 	 8 	 128 	 0.042920 	 0.042920 	 106.473000 	 136.223000 
32768 	 16 	 16 	 128 	 0.042920 	 0.042920 	 84.523000 	 106.242000 
32768 	 16 	 32 	 128 	 0.042920 	 0.042920 	 81.360000 	 76.110000 
32768 	 32 	 8 	 128 	 0.042920 	 0.042920 	 93.941000 	 126.101000 
32768 	 32 	 16 	 128 	 0.042920 	 0.042920 	 73.373000 	 106.071000 
32768 	 64 	 8 	 128 	 0.042920 	 0.042920 	 88.585000 	 133.392000 
--------------------- calling cublas ------------------------
cublas success, cublas_error: 0.063183, cublas time: 107.610000 ms
cublas success, cublas_error: 0.063183, cublas time: 107.573000 ms
cublas success, cublas_error: 0.063183, cublas time: 107.567000 ms
cublas success, cublas_error: 0.063183, cublas time: 107.600000 ms
cublas success, cublas_error: 0.063183, cublas time: 107.566000 ms
cublas success, cublas_error: 0.063183, cublas time: 107.543000 ms
cublas success, cublas_error: 0.063183, cublas time: 107.570000 ms
cublas success, cublas_error: 0.063183, cublas time: 107.555000 ms
cublas success, cublas_error: 0.063183, cublas time: 107.533000 ms
cublas success, cublas_error: 0.063183, cublas time: 107.555000 ms
input: ../input/RM07R.rb
num_of_lines_for_m_ptr_in_row_id 47712, num_of_lines_for_m_row_id 3405906, num_of_lines_for_m_data 12488321, num_of_rows 381689, num_of_cols 381689, num_of_entries 37464962
matrix read
free: 15, tot: 15
V allocated 
free: 14, tot: 15
R allocated 
free: 14, tot: 15
Blocks 	 ThreadsPerBlock 	 PVL 	 LVL 	 simple_error 	 simd_error 	 simple_time 	 simd_time 
8192 	 8 	 8 	 128 	 0.000005 	 0.000005 	 37.198000 	 52.957000 
8192 	 8 	 16 	 128 	 0.000005 	 0.000005 	 38.960000 	 43.098000 
8192 	 8 	 32 	 128 	 0.000005 	 0.000005 	 46.994000 	 41.695000 
8192 	 8 	 64 	 128 	 0.000005 	 0.000005 	 40.438000 	 40.631000 
8192 	 16 	 8 	 128 	 0.000005 	 0.000005 	 32.090000 	 48.745000 
8192 	 16 	 16 	 128 	 0.000005 	 0.000005 	 33.034000 	 42.617000 
8192 	 16 	 32 	 128 	 0.000005 	 0.000005 	 36.405000 	 32.225000 
8192 	 32 	 8 	 128 	 0.000005 	 0.000005 	 28.267000 	 50.853000 
8192 	 32 	 16 	 128 	 0.000005 	 0.000005 	 26.490000 	 47.221000 
8192 	 64 	 8 	 128 	 0.000005 	 0.000005 	 29.597000 	 74.231000 
16384 	 8 	 8 	 128 	 0.000005 	 0.000005 	 33.358000 	 47.668000 
16384 	 8 	 16 	 128 	 0.000005 	 0.000005 	 34.559000 	 40.754000 
16384 	 8 	 32 	 128 	 0.000005 	 0.000005 	 39.218000 	 34.428000 
16384 	 8 	 64 	 128 	 0.000005 	 0.000005 	 35.482000 	 35.548000 
16384 	 16 	 8 	 128 	 0.000005 	 0.000005 	 28.711000 	 45.516000 
16384 	 16 	 16 	 128 	 0.000005 	 0.000005 	 27.909000 	 37.833000 
16384 	 16 	 32 	 128 	 0.000005 	 0.000005 	 27.578000 	 26.746000 
16384 	 32 	 8 	 128 	 0.000005 	 0.000005 	 27.093000 	 48.256000 
16384 	 32 	 16 	 128 	 0.000005 	 0.000005 	 24.920000 	 45.005000 
16384 	 64 	 8 	 128 	 0.000005 	 0.000005 	 29.574000 	 74.526000 
32768 	 8 	 8 	 128 	 0.000005 	 0.000005 	 29.754000 	 44.273000 
32768 	 8 	 16 	 128 	 0.000005 	 0.000005 	 29.106000 	 35.857000 
32768 	 8 	 32 	 128 	 0.000005 	 0.000005 	 29.099000 	 26.953000 
32768 	 8 	 64 	 128 	 0.000005 	 0.000005 	 32.674000 	 32.650000 
32768 	 16 	 8 	 128 	 0.000005 	 0.000005 	 26.930000 	 43.680000 
32768 	 16 	 16 	 128 	 0.000005 	 0.000005 	 24.735000 	 35.716000 
32768 	 16 	 32 	 128 	 0.000005 	 0.000005 	 25.721000 	 25.603000 
32768 	 32 	 8 	 128 	 0.000005 	 0.000005 	 27.087000 	 48.472000 
32768 	 32 	 16 	 128 	 0.000005 	 0.000005 	 24.906000 	 45.105000 
32768 	 64 	 8 	 128 	 0.000005 	 0.000005 	 29.584000 	 74.096000 
--------------------- calling cublas ------------------------
cublas success, cublas_error: 0.000013, cublas time: 45.514000 ms
cublas success, cublas_error: 0.000013, cublas time: 45.463000 ms
cublas success, cublas_error: 0.000013, cublas time: 45.461000 ms
cublas success, cublas_error: 0.000013, cublas time: 45.444000 ms
cublas success, cublas_error: 0.000013, cublas time: 45.461000 ms
cublas success, cublas_error: 0.000013, cublas time: 45.490000 ms
cublas success, cublas_error: 0.000013, cublas time: 45.455000 ms
cublas success, cublas_error: 0.000013, cublas time: 45.474000 ms
cublas success, cublas_error: 0.000013, cublas time: 45.475000 ms
cublas success, cublas_error: 0.000013, cublas time: 45.502000 ms
input: ../input/ML_Laplace.rb
num_of_lines_for_m_ptr_in_row_id 47126, num_of_lines_for_m_row_id 2517271, num_of_lines_for_m_data 6922493, num_of_rows 377002, num_of_cols 377002, num_of_entries 27689972
matrix read
free: 15, tot: 15
V allocated 
free: 14, tot: 15
R allocated 
free: 14, tot: 15
Blocks 	 ThreadsPerBlock 	 PVL 	 LVL 	 simple_error 	 simd_error 	 simple_time 	 simd_time 
8192 	 8 	 8 	 128 	 0.009549 	 0.009549 	 26.700000 	 32.152000 
8192 	 8 	 16 	 128 	 0.009549 	 0.009549 	 18.689000 	 24.738000 
8192 	 8 	 32 	 128 	 0.009549 	 0.009549 	 20.054000 	 19.399000 
8192 	 8 	 64 	 128 	 0.009549 	 0.009549 	 24.116000 	 24.093000 
8192 	 16 	 8 	 128 	 0.009549 	 0.009549 	 25.357000 	 31.138000 
8192 	 16 	 16 	 128 	 0.009549 	 0.009549 	 18.411000 	 23.877000 
8192 	 16 	 32 	 128 	 0.009549 	 0.009549 	 19.302000 	 18.846000 
8192 	 32 	 8 	 128 	 0.009549 	 0.009549 	 24.650000 	 29.479000 
8192 	 32 	 16 	 128 	 0.009549 	 0.009549 	 16.539000 	 22.830000 
8192 	 64 	 8 	 128 	 0.009549 	 0.009549 	 23.330000 	 25.251000 
16384 	 8 	 8 	 128 	 0.009549 	 0.009549 	 25.133000 	 30.989000 
16384 	 8 	 16 	 128 	 0.009549 	 0.009549 	 18.358000 	 24.215000 
16384 	 8 	 32 	 128 	 0.009549 	 0.009549 	 19.337000 	 18.937000 
16384 	 8 	 64 	 128 	 0.009549 	 0.009549 	 23.845000 	 23.820000 
16384 	 16 	 8 	 128 	 0.009549 	 0.009549 	 24.555000 	 29.543000 
16384 	 16 	 16 	 128 	 0.009549 	 0.009549 	 17.363000 	 21.772000 
16384 	 16 	 32 	 128 	 0.009549 	 0.009549 	 18.704000 	 18.655000 
16384 	 32 	 8 	 128 	 0.009549 	 0.009549 	 23.546000 	 28.218000 
16384 	 32 	 16 	 128 	 0.009549 	 0.009549 	 15.952000 	 19.911000 
16384 	 64 	 8 	 128 	 0.009549 	 0.009549 	 23.510000 	 25.247000 
32768 	 8 	 8 	 128 	 0.009549 	 0.009549 	 24.373000 	 29.437000 
32768 	 8 	 16 	 128 	 0.009549 	 0.009549 	 17.302000 	 21.884000 
32768 	 8 	 32 	 128 	 0.009549 	 0.009549 	 18.714000 	 18.560000 
32768 	 8 	 64 	 128 	 0.009549 	 0.009549 	 23.560000 	 23.482000 
32768 	 16 	 8 	 128 	 0.009549 	 0.009549 	 23.476000 	 28.211000 
32768 	 16 	 16 	 128 	 0.009549 	 0.009549 	 16.474000 	 20.126000 
32768 	 16 	 32 	 128 	 0.009549 	 0.009549 	 18.324000 	 18.514000 
32768 	 32 	 8 	 128 	 0.009549 	 0.009549 	 23.485000 	 28.365000 
32768 	 32 	 16 	 128 	 0.009549 	 0.009549 	 16.052000 	 19.945000 
32768 	 64 	 8 	 128 	 0.009549 	 0.009549 	 23.450000 	 25.472000 
--------------------- calling cublas ------------------------
cublas success, cublas_error: 0.014149, cublas time: 27.054000 ms
cublas success, cublas_error: 0.014149, cublas time: 26.969000 ms
cublas success, cublas_error: 0.014149, cublas time: 26.965000 ms
cublas success, cublas_error: 0.014149, cublas time: 26.983000 ms
cublas success, cublas_error: 0.014149, cublas time: 26.979000 ms
cublas success, cublas_error: 0.014149, cublas time: 26.974000 ms
cublas success, cublas_error: 0.014149, cublas time: 26.976000 ms
cublas success, cublas_error: 0.014149, cublas time: 26.979000 ms
cublas success, cublas_error: 0.014149, cublas time: 26.983000 ms
cublas success, cublas_error: 0.014149, cublas time: 26.987000 ms
input: ../input/cage14.rb
num_of_lines_for_m_ptr_in_row_id 188224, num_of_lines_for_m_row_id 2713035, num_of_lines_for_m_data 9043450, num_of_rows 1505785, num_of_cols 1505785, num_of_entries 27130349
matrix read
free: 15, tot: 15
V allocated 
free: 13, tot: 15
R allocated 
free: 12, tot: 15
Blocks 	 ThreadsPerBlock 	 PVL 	 LVL 	 simple_error 	 simd_error 	 simple_time 	 simd_time 
8192 	 8 	 8 	 128 	 0.000000 	 0.000000 	 60.373000 	 71.131000 
8192 	 8 	 16 	 128 	 0.000000 	 0.000000 	 52.005000 	 56.140000 
8192 	 8 	 32 	 128 	 0.000000 	 0.000000 	 51.670000 	 50.360000 
8192 	 8 	 64 	 128 	 0.000000 	 0.000000 	 52.045000 	 52.101000 
8192 	 16 	 8 	 128 	 0.000000 	 0.000000 	 57.054000 	 66.681000 
8192 	 16 	 16 	 128 	 0.000000 	 0.000000 	 50.441000 	 54.018000 
8192 	 16 	 32 	 128 	 0.000000 	 0.000000 	 49.503000 	 46.443000 
8192 	 32 	 8 	 128 	 0.000000 	 0.000000 	 52.818000 	 62.834000 
8192 	 32 	 16 	 128 	 0.000000 	 0.000000 	 45.596000 	 50.535000 
8192 	 64 	 8 	 128 	 0.000000 	 0.000000 	 48.011000 	 60.353000 
16384 	 8 	 8 	 128 	 0.000000 	 0.000000 	 57.682000 	 67.123000 
16384 	 8 	 16 	 128 	 0.000000 	 0.000000 	 50.829000 	 54.294000 
16384 	 8 	 32 	 128 	 0.000000 	 0.000000 	 49.696000 	 48.119000 
16384 	 8 	 64 	 128 	 0.000000 	 0.000000 	 49.661000 	 49.707000 
16384 	 16 	 8 	 128 	 0.000000 	 0.000000 	 53.609000 	 62.218000 
16384 	 16 	 16 	 128 	 0.000000 	 0.000000 	 47.903000 	 50.941000 
16384 	 16 	 32 	 128 	 0.000000 	 0.000000 	 46.095000 	 43.375000 
16384 	 32 	 8 	 128 	 0.000000 	 0.000000 	 48.348000 	 57.460000 
16384 	 32 	 16 	 128 	 0.000000 	 0.000000 	 42.230000 	 47.001000 
16384 	 64 	 8 	 128 	 0.000000 	 0.000000 	 43.807000 	 56.200000 
32768 	 8 	 8 	 128 	 0.000000 	 0.000000 	 54.183000 	 62.673000 
32768 	 8 	 16 	 128 	 0.000000 	 0.000000 	 48.258000 	 51.161000 
32768 	 8 	 32 	 128 	 0.000000 	 0.000000 	 46.330000 	 44.803000 
32768 	 8 	 64 	 128 	 0.000000 	 0.000000 	 46.563000 	 46.677000 
32768 	 16 	 8 	 128 	 0.000000 	 0.000000 	 48.687000 	 56.743000 
32768 	 16 	 16 	 128 	 0.000000 	 0.000000 	 44.495000 	 47.112000 
32768 	 16 	 32 	 128 	 0.000000 	 0.000000 	 42.087000 	 39.855000 
32768 	 32 	 8 	 128 	 0.000000 	 0.000000 	 43.734000 	 52.004000 
32768 	 32 	 16 	 128 	 0.000000 	 0.000000 	 38.213000 	 43.142000 
32768 	 64 	 8 	 128 	 0.000000 	 0.000000 	 41.683000 	 53.813000 
--------------------- calling cublas ------------------------
cublas success, cublas_error: 0.000000, cublas time: 100.990000 ms
cublas success, cublas_error: 0.000000, cublas time: 100.913000 ms
cublas success, cublas_error: 0.000000, cublas time: 100.938000 ms
cublas success, cublas_error: 0.000000, cublas time: 100.930000 ms
cublas success, cublas_error: 0.000000, cublas time: 100.936000 ms
cublas success, cublas_error: 0.000000, cublas time: 100.998000 ms
cublas success, cublas_error: 0.000000, cublas time: 100.929000 ms
cublas success, cublas_error: 0.000000, cublas time: 100.948000 ms
cublas success, cublas_error: 0.000000, cublas time: 100.954000 ms
cublas success, cublas_error: 0.000000, cublas time: 100.917000 ms
input: ../input/Transport.rb
num_of_lines_for_m_ptr_in_row_id 200264, num_of_lines_for_m_row_id 2350074, num_of_lines_for_m_data 7833577, num_of_rows 1602111, num_of_cols 1602111, num_of_entries 23500731
matrix read
free: 15, tot: 15
V allocated 
free: 13, tot: 15
R allocated 
free: 12, tot: 15
Blocks 	 ThreadsPerBlock 	 PVL 	 LVL 	 simple_error 	 simd_error 	 simple_time 	 simd_time 
8192 	 8 	 8 	 128 	 0.000000 	 0.000000 	 46.665000 	 51.825000 
8192 	 8 	 16 	 128 	 0.000000 	 0.000000 	 39.458000 	 42.694000 
8192 	 8 	 32 	 128 	 0.000000 	 0.000000 	 37.142000 	 34.031000 
8192 	 8 	 64 	 128 	 0.000000 	 0.000000 	 35.209000 	 36.129000 
8192 	 16 	 8 	 128 	 0.000000 	 0.000000 	 42.564000 	 48.205000 
8192 	 16 	 16 	 128 	 0.000000 	 0.000000 	 36.119000 	 39.129000 
8192 	 16 	 32 	 128 	 0.000000 	 0.000000 	 31.050000 	 23.472000 
8192 	 32 	 8 	 128 	 0.000000 	 0.000000 	 42.009000 	 42.661000 
8192 	 32 	 16 	 128 	 0.000000 	 0.000000 	 24.939000 	 29.900000 
8192 	 64 	 8 	 128 	 0.000000 	 0.000000 	 41.064000 	 35.171000 
16384 	 8 	 8 	 128 	 0.000000 	 0.000000 	 43.070000 	 48.522000 
16384 	 8 	 16 	 128 	 0.000000 	 0.000000 	 36.017000 	 39.369000 
16384 	 8 	 32 	 128 	 0.000000 	 0.000000 	 31.871000 	 29.409000 
16384 	 8 	 64 	 128 	 0.000000 	 0.000000 	 31.921000 	 33.447000 
16384 	 16 	 8 	 128 	 0.000000 	 0.000000 	 40.548000 	 44.574000 
16384 	 16 	 16 	 128 	 0.000000 	 0.000000 	 30.437000 	 32.809000 
16384 	 16 	 32 	 128 	 0.000000 	 0.000000 	 25.152000 	 21.640000 
16384 	 32 	 8 	 128 	 0.000000 	 0.000000 	 40.410000 	 39.877000 
16384 	 32 	 16 	 128 	 0.000000 	 0.000000 	 19.771000 	 25.848000 
16384 	 64 	 8 	 128 	 0.000000 	 0.000000 	 42.411000 	 34.827000 
32768 	 8 	 8 	 128 	 0.000000 	 0.000000 	 42.192000 	 44.393000 
32768 	 8 	 16 	 128 	 0.000000 	 0.000000 	 31.013000 	 33.040000 
32768 	 8 	 32 	 128 	 0.000000 	 0.000000 	 25.294000 	 23.482000 
32768 	 8 	 64 	 128 	 0.000000 	 0.000000 	 26.471000 	 28.107000 
32768 	 16 	 8 	 128 	 0.000000 	 0.000000 	 40.392000 	 43.025000 
32768 	 16 	 16 	 128 	 0.000000 	 0.000000 	 25.231000 	 27.054000 
32768 	 16 	 32 	 128 	 0.000000 	 0.000000 	 21.069000 	 20.958000 
32768 	 32 	 8 	 128 	 0.000000 	 0.000000 	 42.705000 	 43.011000 
32768 	 32 	 16 	 128 	 0.000000 	 0.000000 	 19.501000 	 25.508000 
32768 	 64 	 8 	 128 	 0.000000 	 0.000000 	 44.289000 	 35.455000 
--------------------- calling cublas ------------------------
cublas success, cublas_error: 0.000000, cublas time: 53.203000 ms
cublas success, cublas_error: 0.000000, cublas time: 53.182000 ms
cublas success, cublas_error: 0.000000, cublas time: 53.191000 ms
cublas success, cublas_error: 0.000000, cublas time: 53.196000 ms
cublas success, cublas_error: 0.000000, cublas time: 53.183000 ms
cublas success, cublas_error: 0.000000, cublas time: 53.169000 ms
cublas success, cublas_error: 0.000000, cublas time: 53.193000 ms
cublas success, cublas_error: 0.000000, cublas time: 53.194000 ms
cublas success, cublas_error: 0.000000, cublas time: 53.270000 ms
cublas success, cublas_error: 0.000000, cublas time: 53.216000 ms
input: ../input/CoupCons3D.rb
num_of_lines_for_m_ptr_in_row_id 52101, num_of_lines_for_m_row_id 2029304, num_of_lines_for_m_data 7440779, num_of_rows 416800, num_of_cols 416800, num_of_entries 22322336
matrix read
free: 15, tot: 15
V allocated 
free: 14, tot: 15
R allocated 
free: 14, tot: 15
Blocks 	 ThreadsPerBlock 	 PVL 	 LVL 	 simple_error 	 simd_error 	 simple_time 	 simd_time 
8192 	 8 	 8 	 128 	 0.000001 	 0.000001 	 17.616000 	 24.415000 
8192 	 8 	 16 	 128 	 0.000001 	 0.000001 	 16.834000 	 19.871000 
8192 	 8 	 32 	 128 	 0.000001 	 0.000001 	 18.051000 	 16.838000 
8192 	 8 	 64 	 128 	 0.000001 	 0.000001 	 20.787000 	 20.784000 
8192 	 16 	 8 	 128 	 0.000001 	 0.000001 	 16.105000 	 22.637000 
8192 	 16 	 16 	 128 	 0.000001 	 0.000001 	 15.551000 	 19.855000 
8192 	 16 	 32 	 128 	 0.000001 	 0.000001 	 16.713000 	 16.309000 
8192 	 32 	 8 	 128 	 0.000001 	 0.000001 	 15.393000 	 23.873000 
8192 	 32 	 16 	 128 	 0.000001 	 0.000001 	 14.477000 	 22.590000 
8192 	 64 	 8 	 128 	 0.000001 	 0.000001 	 14.951000 	 31.458000 
16384 	 8 	 8 	 128 	 0.000001 	 0.000001 	 16.246000 	 22.487000 
16384 	 8 	 16 	 128 	 0.000001 	 0.000001 	 15.783000 	 19.574000 
16384 	 8 	 32 	 128 	 0.000001 	 0.000001 	 16.757000 	 16.370000 
16384 	 8 	 64 	 128 	 0.000001 	 0.000001 	 20.298000 	 20.295000 
16384 	 16 	 8 	 128 	 0.000001 	 0.000001 	 15.383000 	 21.877000 
16384 	 16 	 16 	 128 	 0.000001 	 0.000001 	 14.849000 	 19.431000 
16384 	 16 	 32 	 128 	 0.000001 	 0.000001 	 16.185000 	 16.117000 
16384 	 32 	 8 	 128 	 0.000001 	 0.000001 	 14.600000 	 23.332000 
16384 	 32 	 16 	 128 	 0.000001 	 0.000001 	 14.000000 	 21.936000 
16384 	 64 	 8 	 128 	 0.000001 	 0.000001 	 14.979000 	 31.389000 
32768 	 8 	 8 	 128 	 0.000001 	 0.000001 	 15.468000 	 21.651000 
32768 	 8 	 16 	 128 	 0.000001 	 0.000001 	 14.911000 	 18.984000 
32768 	 8 	 32 	 128 	 0.000001 	 0.000001 	 16.243000 	 16.025000 
32768 	 8 	 64 	 128 	 0.000001 	 0.000001 	 20.023000 	 20.003000 
32768 	 16 	 8 	 128 	 0.000001 	 0.000001 	 14.567000 	 21.095000 
32768 	 16 	 16 	 128 	 0.000001 	 0.000001 	 14.013000 	 18.711000 
32768 	 16 	 32 	 128 	 0.000001 	 0.000001 	 15.866000 	 16.000000 
32768 	 32 	 8 	 128 	 0.000001 	 0.000001 	 14.620000 	 23.305000 
32768 	 32 	 16 	 128 	 0.000001 	 0.000001 	 14.088000 	 22.024000 
32768 	 64 	 8 	 128 	 0.000001 	 0.000001 	 15.052000 	 31.564000 
--------------------- calling cublas ------------------------
cublas success, cublas_error: 0.000001, cublas time: 27.882000 ms
cublas success, cublas_error: 0.000001, cublas time: 27.830000 ms
cublas success, cublas_error: 0.000001, cublas time: 27.859000 ms
cublas success, cublas_error: 0.000001, cublas time: 27.815000 ms
cublas success, cublas_error: 0.000001, cublas time: 27.819000 ms
cublas success, cublas_error: 0.000001, cublas time: 27.839000 ms
cublas success, cublas_error: 0.000001, cublas time: 27.819000 ms
cublas success, cublas_error: 0.000001, cublas time: 27.826000 ms
cublas success, cublas_error: 0.000001, cublas time: 27.822000 ms
cublas success, cublas_error: 0.000001, cublas time: 27.814000 ms
