input: ../input/HV15R.rb
num_of_lines_for_m_ptr_in_row_id 252147, num_of_lines_for_m_row_id 28307346, num_of_lines_for_m_data 94357820, num_of_rows 2017169, num_of_cols 2017169, num_of_entries 283073458
matrix read
free: 12, tot: 15
V allocated 
free: 11, tot: 15
R allocated 
free: 10, tot: 15
Blocks 	 ThreadsPerBlock 	 PVL 	 LVL 	 simple_error 	 simd_error 	 simple_time 	 simd_time 
8192 	 8 	 8 	 64 	 0.000002 	 0.000002 	 252.770000 	 337.357000 
8192 	 8 	 16 	 64 	 0.000002 	 0.000002 	 202.284000 	 188.728000 
8192 	 8 	 32 	 64 	 0.000002 	 0.000002 	 231.415000 	 233.522000 
8192 	 8 	 64 	 64 	 0.000002 	 0.000002 	 238.594000 	 239.487000 
8192 	 16 	 8 	 64 	 0.000002 	 0.000002 	 234.443000 	 309.096000 
8192 	 16 	 16 	 64 	 0.000002 	 0.000002 	 192.036000 	 177.380000 
8192 	 16 	 32 	 64 	 0.000002 	 0.000002 	 216.663000 	 217.813000 
8192 	 32 	 8 	 64 	 0.000002 	 0.000002 	 214.368000 	 273.323000 
8192 	 32 	 16 	 64 	 0.000002 	 0.000002 	 174.436000 	 143.011000 
8192 	 64 	 8 	 64 	 0.000002 	 0.000002 	 157.178000 	 218.415000 
16384 	 8 	 8 	 64 	 0.000002 	 0.000002 	 243.135000 	 319.097000 
16384 	 8 	 16 	 64 	 0.000002 	 0.000002 	 194.363000 	 179.780000 
16384 	 8 	 32 	 64 	 0.000002 	 0.000002 	 220.030000 	 221.022000 
16384 	 8 	 64 	 64 	 0.000002 	 0.000002 	 219.636000 	 220.454000 
16384 	 16 	 8 	 64 	 0.000002 	 0.000002 	 221.190000 	 280.426000 
16384 	 16 	 16 	 64 	 0.000002 	 0.000002 	 178.582000 	 161.023000 
16384 	 16 	 32 	 64 	 0.000002 	 0.000002 	 196.363000 	 197.730000 
16384 	 32 	 8 	 64 	 0.000002 	 0.000002 	 192.219000 	 234.823000 
16384 	 32 	 16 	 64 	 0.000002 	 0.000002 	 148.822000 	 122.674000 
16384 	 64 	 8 	 64 	 0.000002 	 0.000002 	 142.677000 	 201.109000 
32768 	 8 	 8 	 64 	 0.000002 	 0.000002 	 230.035000 	 291.261000 
32768 	 8 	 16 	 64 	 0.000002 	 0.000002 	 182.709000 	 165.128000 
32768 	 8 	 32 	 64 	 0.000002 	 0.000002 	 202.215000 	 204.249000 
32768 	 8 	 64 	 64 	 0.000002 	 0.000002 	 198.912000 	 199.696000 
32768 	 16 	 8 	 64 	 0.000002 	 0.000002 	 200.288000 	 243.536000 
32768 	 16 	 16 	 64 	 0.000002 	 0.000002 	 155.152000 	 136.206000 
32768 	 16 	 32 	 64 	 0.000002 	 0.000002 	 156.044000 	 157.785000 
32768 	 32 	 8 	 64 	 0.000002 	 0.000002 	 169.056000 	 201.397000 
32768 	 32 	 16 	 64 	 0.000002 	 0.000002 	 123.128000 	 112.005000 
32768 	 64 	 8 	 64 	 0.000002 	 0.000002 	 134.754000 	 191.617000 
--------------------- calling cublas ------------------------
cublas success, cublas_error: 0.000005, cublas time: 160.560000 ms
cublas success, cublas_error: 0.000005, cublas time: 160.495000 ms
cublas success, cublas_error: 0.000005, cublas time: 160.509000 ms
cublas success, cublas_error: 0.000005, cublas time: 160.513000 ms
cublas success, cublas_error: 0.000005, cublas time: 160.476000 ms
cublas success, cublas_error: 0.000005, cublas time: 160.546000 ms
cublas success, cublas_error: 0.000005, cublas time: 160.539000 ms
cublas success, cublas_error: 0.000005, cublas time: 160.532000 ms
cublas success, cublas_error: 0.000005, cublas time: 160.537000 ms
cublas success, cublas_error: 0.000005, cublas time: 160.535000 ms
input: ../input/ML_Geer.rb
num_of_lines_for_m_ptr_in_row_id 188001, num_of_lines_for_m_row_id 11087998, num_of_lines_for_m_data 27719993, num_of_rows 1504002, num_of_cols 1504002, num_of_entries 110879972
matrix read
free: 14, tot: 15
V allocated 
free: 13, tot: 15
R allocated 
free: 12, tot: 15
Blocks 	 ThreadsPerBlock 	 PVL 	 LVL 	 simple_error 	 simd_error 	 simple_time 	 simd_time 
8192 	 8 	 8 	 64 	 0.021464 	 0.021464 	 65.807000 	 89.758000 
8192 	 8 	 16 	 64 	 0.021464 	 0.021464 	 48.454000 	 43.573000 
8192 	 8 	 32 	 64 	 0.021464 	 0.021464 	 54.202000 	 54.653000 
8192 	 8 	 64 	 64 	 0.021464 	 0.021464 	 69.958000 	 70.388000 
8192 	 16 	 8 	 64 	 0.021464 	 0.021464 	 61.140000 	 83.686000 
8192 	 16 	 16 	 64 	 0.021464 	 0.021464 	 45.002000 	 42.078000 
8192 	 16 	 32 	 64 	 0.021464 	 0.021464 	 50.911000 	 51.129000 
8192 	 32 	 8 	 64 	 0.021464 	 0.021464 	 58.985000 	 76.972000 
8192 	 32 	 16 	 64 	 0.021464 	 0.021464 	 43.522000 	 39.486000 
8192 	 64 	 8 	 64 	 0.021464 	 0.021464 	 46.450000 	 69.501000 
16384 	 8 	 8 	 64 	 0.021464 	 0.021464 	 62.435000 	 84.144000 
16384 	 8 	 16 	 64 	 0.021464 	 0.021464 	 45.639000 	 42.218000 
16384 	 8 	 32 	 64 	 0.021464 	 0.021464 	 51.148000 	 51.195000 
16384 	 8 	 64 	 64 	 0.021464 	 0.021464 	 69.383000 	 69.786000 
16384 	 16 	 8 	 64 	 0.021464 	 0.021464 	 59.317000 	 78.991000 
16384 	 16 	 16 	 64 	 0.021464 	 0.021464 	 43.481000 	 40.939000 
16384 	 16 	 32 	 64 	 0.021464 	 0.021464 	 50.044000 	 50.065000 
16384 	 32 	 8 	 64 	 0.021464 	 0.021464 	 55.272000 	 71.182000 
16384 	 32 	 16 	 64 	 0.021464 	 0.021464 	 42.006000 	 38.989000 
16384 	 64 	 8 	 64 	 0.021464 	 0.021464 	 40.692000 	 60.339000 
32768 	 8 	 8 	 64 	 0.021464 	 0.021464 	 60.698000 	 78.740000 
32768 	 8 	 16 	 64 	 0.021464 	 0.021464 	 43.993000 	 41.080000 
32768 	 8 	 32 	 64 	 0.021464 	 0.021464 	 50.093000 	 50.070000 
32768 	 8 	 64 	 64 	 0.021464 	 0.021464 	 69.149000 	 69.525000 
32768 	 16 	 8 	 64 	 0.021464 	 0.021464 	 54.723000 	 72.372000 
32768 	 16 	 16 	 64 	 0.021464 	 0.021464 	 42.079000 	 40.042000 
32768 	 16 	 32 	 64 	 0.021464 	 0.021464 	 49.240000 	 49.251000 
32768 	 32 	 8 	 64 	 0.021464 	 0.021464 	 48.369000 	 61.874000 
32768 	 32 	 16 	 64 	 0.021464 	 0.021464 	 39.954000 	 38.506000 
32768 	 64 	 8 	 64 	 0.021464 	 0.021464 	 36.716000 	 55.024000 
--------------------- calling cublas ------------------------
cublas success, cublas_error: 0.031591, cublas time: 53.690000 ms
cublas success, cublas_error: 0.031591, cublas time: 53.618000 ms
cublas success, cublas_error: 0.031591, cublas time: 53.622000 ms
cublas success, cublas_error: 0.031591, cublas time: 53.717000 ms
cublas success, cublas_error: 0.031591, cublas time: 53.605000 ms
cublas success, cublas_error: 0.031591, cublas time: 53.614000 ms
cublas success, cublas_error: 0.031591, cublas time: 53.604000 ms
cublas success, cublas_error: 0.031591, cublas time: 53.609000 ms
cublas success, cublas_error: 0.031591, cublas time: 53.586000 ms
cublas success, cublas_error: 0.031591, cublas time: 53.654000 ms
input: ../input/RM07R.rb
num_of_lines_for_m_ptr_in_row_id 47712, num_of_lines_for_m_row_id 3405906, num_of_lines_for_m_data 12488321, num_of_rows 381689, num_of_cols 381689, num_of_entries 37464962
matrix read
free: 15, tot: 15
V allocated 
free: 14, tot: 15
R allocated 
free: 14, tot: 15
Blocks 	 ThreadsPerBlock 	 PVL 	 LVL 	 simple_error 	 simd_error 	 simple_time 	 simd_time 
8192 	 8 	 8 	 64 	 0.000003 	 0.000003 	 21.237000 	 26.757000 
8192 	 8 	 16 	 64 	 0.000003 	 0.000003 	 20.045000 	 18.440000 
8192 	 8 	 32 	 64 	 0.000003 	 0.000003 	 22.536000 	 22.541000 
8192 	 8 	 64 	 64 	 0.000003 	 0.000003 	 24.923000 	 24.856000 
8192 	 16 	 8 	 64 	 0.000003 	 0.000003 	 18.497000 	 23.653000 
8192 	 16 	 16 	 64 	 0.000003 	 0.000003 	 16.914000 	 15.877000 
8192 	 16 	 32 	 64 	 0.000003 	 0.000003 	 18.546000 	 18.656000 
8192 	 32 	 8 	 64 	 0.000003 	 0.000003 	 15.835000 	 22.241000 
8192 	 32 	 16 	 64 	 0.000003 	 0.000003 	 14.655000 	 15.300000 
8192 	 64 	 8 	 64 	 0.000003 	 0.000003 	 15.828000 	 27.317000 
16384 	 8 	 8 	 64 	 0.000003 	 0.000003 	 18.943000 	 23.618000 
16384 	 8 	 16 	 64 	 0.000003 	 0.000003 	 17.430000 	 16.261000 
16384 	 8 	 32 	 64 	 0.000003 	 0.000003 	 19.329000 	 19.408000 
16384 	 8 	 64 	 64 	 0.000003 	 0.000003 	 23.919000 	 23.844000 
16384 	 16 	 8 	 64 	 0.000003 	 0.000003 	 16.423000 	 21.263000 
16384 	 16 	 16 	 64 	 0.000003 	 0.000003 	 14.993000 	 14.419000 
16384 	 16 	 32 	 64 	 0.000003 	 0.000003 	 16.745000 	 16.798000 
16384 	 32 	 8 	 64 	 0.000003 	 0.000003 	 14.877000 	 21.376000 
16384 	 32 	 16 	 64 	 0.000003 	 0.000003 	 13.945000 	 15.062000 
16384 	 64 	 8 	 64 	 0.000003 	 0.000003 	 15.857000 	 27.459000 
32768 	 8 	 8 	 64 	 0.000003 	 0.000003 	 16.728000 	 21.012000 
32768 	 8 	 16 	 64 	 0.000003 	 0.000003 	 15.334000 	 14.661000 
32768 	 8 	 32 	 64 	 0.000003 	 0.000003 	 17.001000 	 17.011000 
32768 	 8 	 64 	 64 	 0.000003 	 0.000003 	 23.178000 	 23.134000 
32768 	 16 	 8 	 64 	 0.000003 	 0.000003 	 15.354000 	 20.320000 
32768 	 16 	 16 	 64 	 0.000003 	 0.000003 	 13.919000 	 13.768000 
32768 	 16 	 32 	 64 	 0.000003 	 0.000003 	 16.296000 	 16.284000 
32768 	 32 	 8 	 64 	 0.000003 	 0.000003 	 14.880000 	 21.370000 
32768 	 32 	 16 	 64 	 0.000003 	 0.000003 	 13.959000 	 15.055000 
32768 	 64 	 8 	 64 	 0.000003 	 0.000003 	 15.854000 	 27.388000 
--------------------- calling cublas ------------------------
cublas success, cublas_error: 0.000006, cublas time: 22.893000 ms
cublas success, cublas_error: 0.000006, cublas time: 22.811000 ms
cublas success, cublas_error: 0.000006, cublas time: 22.818000 ms
cublas success, cublas_error: 0.000006, cublas time: 22.838000 ms
cublas success, cublas_error: 0.000006, cublas time: 22.821000 ms
cublas success, cublas_error: 0.000006, cublas time: 22.819000 ms
cublas success, cublas_error: 0.000006, cublas time: 22.809000 ms
cublas success, cublas_error: 0.000006, cublas time: 22.813000 ms
cublas success, cublas_error: 0.000006, cublas time: 22.818000 ms
cublas success, cublas_error: 0.000006, cublas time: 22.813000 ms
input: ../input/ML_Laplace.rb
num_of_lines_for_m_ptr_in_row_id 47126, num_of_lines_for_m_row_id 2517271, num_of_lines_for_m_data 6922493, num_of_rows 377002, num_of_cols 377002, num_of_entries 27689972
matrix read
free: 15, tot: 15
V allocated 
free: 15, tot: 15
R allocated 
free: 14, tot: 15
Blocks 	 ThreadsPerBlock 	 PVL 	 LVL 	 simple_error 	 simd_error 	 simple_time 	 simd_time 
8192 	 8 	 8 	 64 	 0.004775 	 0.004775 	 14.527000 	 18.954000 
8192 	 8 	 16 	 64 	 0.004775 	 0.004775 	 10.750000 	 10.481000 
8192 	 8 	 32 	 64 	 0.004775 	 0.004775 	 13.126000 	 12.385000 
8192 	 8 	 64 	 64 	 0.004775 	 0.004775 	 17.227000 	 17.301000 
8192 	 16 	 8 	 64 	 0.004775 	 0.004775 	 13.638000 	 18.339000 
8192 	 16 	 16 	 64 	 0.004775 	 0.004775 	 9.793000 	 9.625000 
8192 	 16 	 32 	 64 	 0.004775 	 0.004775 	 12.102000 	 12.072000 
8192 	 32 	 8 	 64 	 0.004775 	 0.004775 	 13.380000 	 17.545000 
8192 	 32 	 16 	 64 	 0.004775 	 0.004775 	 9.659000 	 9.502000 
8192 	 64 	 8 	 64 	 0.004775 	 0.004775 	 9.687000 	 14.237000 
16384 	 8 	 8 	 64 	 0.004775 	 0.004775 	 14.249000 	 18.703000 
16384 	 8 	 16 	 64 	 0.004775 	 0.004775 	 9.743000 	 9.598000 
16384 	 8 	 32 	 64 	 0.004775 	 0.004775 	 12.104000 	 12.071000 
16384 	 8 	 64 	 64 	 0.004775 	 0.004775 	 17.121000 	 17.214000 
16384 	 16 	 8 	 64 	 0.004775 	 0.004775 	 13.377000 	 17.545000 
16384 	 16 	 16 	 64 	 0.004775 	 0.004775 	 9.610000 	 9.462000 
16384 	 16 	 32 	 64 	 0.004775 	 0.004775 	 12.016000 	 11.957000 
16384 	 32 	 8 	 64 	 0.004775 	 0.004775 	 12.945000 	 16.838000 
16384 	 32 	 16 	 64 	 0.004775 	 0.004775 	 9.504000 	 9.472000 
16384 	 64 	 8 	 64 	 0.004775 	 0.004775 	 9.715000 	 14.273000 
32768 	 8 	 8 	 64 	 0.004775 	 0.004775 	 13.851000 	 18.093000 
32768 	 8 	 16 	 64 	 0.004775 	 0.004775 	 9.575000 	 9.445000 
32768 	 8 	 32 	 64 	 0.004775 	 0.004775 	 11.983000 	 11.962000 
32768 	 8 	 64 	 64 	 0.004775 	 0.004775 	 16.960000 	 17.044000 
32768 	 16 	 8 	 64 	 0.004775 	 0.004775 	 12.843000 	 17.001000 
32768 	 16 	 16 	 64 	 0.004775 	 0.004775 	 9.459000 	 9.355000 
32768 	 16 	 32 	 64 	 0.004775 	 0.004775 	 12.027000 	 11.899000 
32768 	 32 	 8 	 64 	 0.004775 	 0.004775 	 12.961000 	 16.777000 
32768 	 32 	 16 	 64 	 0.004775 	 0.004775 	 9.616000 	 9.563000 
32768 	 64 	 8 	 64 	 0.004775 	 0.004775 	 9.800000 	 14.316000 
--------------------- calling cublas ------------------------
cublas success, cublas_error: 0.007074, cublas time: 13.557000 ms
cublas success, cublas_error: 0.007074, cublas time: 13.562000 ms
cublas success, cublas_error: 0.007074, cublas time: 13.488000 ms
cublas success, cublas_error: 0.007074, cublas time: 13.506000 ms
cublas success, cublas_error: 0.007074, cublas time: 13.488000 ms
cublas success, cublas_error: 0.007074, cublas time: 13.515000 ms
cublas success, cublas_error: 0.007074, cublas time: 13.511000 ms
cublas success, cublas_error: 0.007074, cublas time: 13.483000 ms
cublas success, cublas_error: 0.007074, cublas time: 13.524000 ms
cublas success, cublas_error: 0.007074, cublas time: 13.506000 ms
input: ../input/cage14.rb
num_of_lines_for_m_ptr_in_row_id 188224, num_of_lines_for_m_row_id 2713035, num_of_lines_for_m_data 9043450, num_of_rows 1505785, num_of_cols 1505785, num_of_entries 27130349
matrix read
free: 15, tot: 15
V allocated 
free: 14, tot: 15
R allocated 
free: 13, tot: 15
Blocks 	 ThreadsPerBlock 	 PVL 	 LVL 	 simple_error 	 simd_error 	 simple_time 	 simd_time 
8192 	 8 	 8 	 64 	 0.000000 	 0.000000 	 29.298000 	 36.041000 
8192 	 8 	 16 	 64 	 0.000000 	 0.000000 	 25.586000 	 24.809000 
8192 	 8 	 32 	 64 	 0.000000 	 0.000000 	 25.655000 	 25.721000 
8192 	 8 	 64 	 64 	 0.000000 	 0.000000 	 28.059000 	 28.049000 
8192 	 16 	 8 	 64 	 0.000000 	 0.000000 	 27.631000 	 33.831000 
8192 	 16 	 16 	 64 	 0.000000 	 0.000000 	 24.400000 	 23.774000 
8192 	 16 	 32 	 64 	 0.000000 	 0.000000 	 24.214000 	 24.283000 
8192 	 32 	 8 	 64 	 0.000000 	 0.000000 	 26.046000 	 31.150000 
8192 	 32 	 16 	 64 	 0.000000 	 0.000000 	 22.873000 	 21.001000 
8192 	 64 	 8 	 64 	 0.000000 	 0.000000 	 22.477000 	 27.786000 
16384 	 8 	 8 	 64 	 0.000000 	 0.000000 	 28.009000 	 33.804000 
16384 	 8 	 16 	 64 	 0.000000 	 0.000000 	 24.557000 	 23.817000 
16384 	 8 	 32 	 64 	 0.000000 	 0.000000 	 24.357000 	 24.549000 
16384 	 8 	 64 	 64 	 0.000000 	 0.000000 	 26.710000 	 26.788000 
16384 	 16 	 8 	 64 	 0.000000 	 0.000000 	 26.191000 	 31.173000 
16384 	 16 	 16 	 64 	 0.000000 	 0.000000 	 22.953000 	 22.011000 
16384 	 16 	 32 	 64 	 0.000000 	 0.000000 	 22.558000 	 22.639000 
16384 	 32 	 8 	 64 	 0.000000 	 0.000000 	 24.124000 	 27.822000 
16384 	 32 	 16 	 64 	 0.000000 	 0.000000 	 20.805000 	 19.213000 
16384 	 64 	 8 	 64 	 0.000000 	 0.000000 	 20.555000 	 24.905000 
32768 	 8 	 8 	 64 	 0.000000 	 0.000000 	 26.661000 	 31.302000 
32768 	 8 	 16 	 64 	 0.000000 	 0.000000 	 23.174000 	 22.097000 
32768 	 8 	 32 	 64 	 0.000000 	 0.000000 	 22.714000 	 22.839000 
32768 	 8 	 64 	 64 	 0.000000 	 0.000000 	 25.500000 	 25.564000 
32768 	 16 	 8 	 64 	 0.000000 	 0.000000 	 24.268000 	 27.812000 
32768 	 16 	 16 	 64 	 0.000000 	 0.000000 	 20.841000 	 20.004000 
32768 	 16 	 32 	 64 	 0.000000 	 0.000000 	 20.704000 	 20.751000 
32768 	 32 	 8 	 64 	 0.000000 	 0.000000 	 22.041000 	 24.858000 
32768 	 32 	 16 	 64 	 0.000000 	 0.000000 	 18.566000 	 17.495000 
32768 	 64 	 8 	 64 	 0.000000 	 0.000000 	 19.519000 	 23.494000 
--------------------- calling cublas ------------------------
cublas success, cublas_error: 0.000000, cublas time: 50.871000 ms
cublas success, cublas_error: 0.000000, cublas time: 50.690000 ms
cublas success, cublas_error: 0.000000, cublas time: 50.502000 ms
cublas success, cublas_error: 0.000000, cublas time: 50.380000 ms
cublas success, cublas_error: 0.000000, cublas time: 50.366000 ms
cublas success, cublas_error: 0.000000, cublas time: 50.382000 ms
cublas success, cublas_error: 0.000000, cublas time: 50.378000 ms
cublas success, cublas_error: 0.000000, cublas time: 50.374000 ms
cublas success, cublas_error: 0.000000, cublas time: 50.369000 ms
cublas success, cublas_error: 0.000000, cublas time: 50.369000 ms
input: ../input/FullChip.rb
num_of_lines_for_m_ptr_in_row_id 373377, num_of_lines_for_m_row_id 2662199, num_of_lines_for_m_data 5324398, num_of_rows 2987012, num_of_cols 2987012, num_of_entries 26621990
matrix read
free: 15, tot: 15
V allocated 
free: 13, tot: 15
R allocated 
free: 12, tot: 15
Blocks 	 ThreadsPerBlock 	 PVL 	 LVL 	 simple_error 	 simd_error 	 simple_time 	 simd_time 
8192 	 8 	 8 	 64 	 0.000000 	 0.000000 	 2052.493000 	 6291.198000 
8192 	 8 	 16 	 64 	 0.000000 	 0.000000 	 1345.492000 	 1604.208000 
8192 	 8 	 32 	 64 	 0.000000 	 0.000000 	 1171.938000 	 1112.234000 
8192 	 8 	 64 	 64 	 0.000000 	 0.000000 	 1033.788000 	 921.719000 
8192 	 16 	 8 	 64 	 0.000000 	 0.000000 	 2080.693000 	 6311.553000 
8192 	 16 	 16 	 64 	 0.000000 	 0.000000 	 1367.614000 	 1540.269000 
8192 	 16 	 32 	 64 	 0.000000 	 0.000000 	 1169.420000 	 1106.105000 
8192 	 32 	 8 	 64 	 0.000000 	 0.000000 	 2084.126000 	 6340.771000 
8192 	 32 	 16 	 64 	 0.000000 	 0.000000 	 1369.374000 	 1578.219000 
8192 	 64 	 8 	 64 	 0.000000 	 0.000000 	 2004.092000 	 6252.020000 
16384 	 8 	 8 	 64 	 0.000000 	 0.000000 	 2051.315000 	 6289.007000 
16384 	 8 	 16 	 64 	 0.000000 	 0.000000 	 1344.605000 	 1600.554000 
16384 	 8 	 32 	 64 	 0.000000 	 0.000000 	 1169.465000 	 1120.274000 
16384 	 8 	 64 	 64 	 0.000000 	 0.000000 	 1035.414000 	 920.871000 
16384 	 16 	 8 	 64 	 0.000000 	 0.000000 	 2079.442000 	 6309.138000 
16384 	 16 	 16 	 64 	 0.000000 	 0.000000 	 1366.174000 	 1544.185000 
16384 	 16 	 32 	 64 	 0.000000 	 0.000000 	 1150.349000 	 1066.036000 
16384 	 32 	 8 	 64 	 0.000000 	 0.000000 	 2082.479000 	 6338.103000 
16384 	 32 	 16 	 64 	 0.000000 	 0.000000 	 1367.354000 	 1550.382000 
16384 	 64 	 8 	 64 	 0.000000 	 0.000000 	 2002.785000 	 6249.990000 
32768 	 8 	 8 	 64 	 0.000000 	 0.000000 	 2049.826000 	 6286.668000 
32768 	 8 	 16 	 64 	 0.000000 	 0.000000 	 1343.192000 	 1604.806000 
32768 	 8 	 32 	 64 	 0.000000 	 0.000000 	 1128.754000 	 1120.122000 
32768 	 8 	 64 	 64 	 0.000000 	 0.000000 	 997.993000 	 924.457000 
32768 	 16 	 8 	 64 	 0.000000 	 0.000000 	 2077.783000 	 6306.251000 
32768 	 16 	 16 	 64 	 0.000000 	 0.000000 	 1364.674000 	 1521.458000 
32768 	 16 	 32 	 64 	 0.000000 	 0.000000 	 1125.468000 	 1063.939000 
32768 	 32 	 8 	 64 	 0.000000 	 0.000000 	 2080.707000 	 6335.380000 
32768 	 32 	 16 	 64 	 0.000000 	 0.000000 	 1365.608000 	 1581.996000 
32768 	 64 	 8 	 64 	 0.000000 	 0.000000 	 2001.932000 	 6248.750000 
--------------------- calling cublas ------------------------
cublas success, cublas_error: 0.000000, cublas time: 134.650000 ms
cublas success, cublas_error: 0.000000, cublas time: 133.162000 ms
cublas success, cublas_error: 0.000000, cublas time: 134.703000 ms
cublas success, cublas_error: 0.000000, cublas time: 133.390000 ms
cublas success, cublas_error: 0.000000, cublas time: 134.321000 ms
cublas success, cublas_error: 0.000000, cublas time: 133.020000 ms
cublas success, cublas_error: 0.000000, cublas time: 133.850000 ms
cublas success, cublas_error: 0.000000, cublas time: 133.154000 ms
cublas success, cublas_error: 0.000000, cublas time: 135.017000 ms
cublas success, cublas_error: 0.000000, cublas time: 133.742000 ms
input: ../input/Transport.rb
num_of_lines_for_m_ptr_in_row_id 200264, num_of_lines_for_m_row_id 2350074, num_of_lines_for_m_data 7833577, num_of_rows 1602111, num_of_cols 1602111, num_of_entries 23500731
matrix read
free: 15, tot: 15
V allocated 
free: 14, tot: 15
R allocated 
free: 13, tot: 15
Blocks 	 ThreadsPerBlock 	 PVL 	 LVL 	 simple_error 	 simd_error 	 simple_time 	 simd_time 
8192 	 8 	 8 	 64 	 0.000000 	 0.000000 	 22.091000 	 23.381000 
8192 	 8 	 16 	 64 	 0.000000 	 0.000000 	 16.206000 	 14.387000 
8192 	 8 	 32 	 64 	 0.000000 	 0.000000 	 16.732000 	 17.102000 
8192 	 8 	 64 	 64 	 0.000000 	 0.000000 	 19.125000 	 19.618000 
8192 	 16 	 8 	 64 	 0.000000 	 0.000000 	 20.361000 	 21.812000 
8192 	 16 	 16 	 64 	 0.000000 	 0.000000 	 13.915000 	 12.503000 
8192 	 16 	 32 	 64 	 0.000000 	 0.000000 	 14.288000 	 15.058000 
8192 	 32 	 8 	 64 	 0.000000 	 0.000000 	 19.505000 	 20.713000 
8192 	 32 	 16 	 64 	 0.000000 	 0.000000 	 12.089000 	 10.995000 
8192 	 64 	 8 	 64 	 0.000000 	 0.000000 	 15.204000 	 16.944000 
16384 	 8 	 8 	 64 	 0.000000 	 0.000000 	 20.871000 	 22.245000 
16384 	 8 	 16 	 64 	 0.000000 	 0.000000 	 14.337000 	 12.699000 
16384 	 8 	 32 	 64 	 0.000000 	 0.000000 	 14.516000 	 15.006000 
16384 	 8 	 64 	 64 	 0.000000 	 0.000000 	 18.080000 	 18.172000 
16384 	 16 	 8 	 64 	 0.000000 	 0.000000 	 19.502000 	 20.887000 
16384 	 16 	 16 	 64 	 0.000000 	 0.000000 	 12.059000 	 11.298000 
16384 	 16 	 32 	 64 	 0.000000 	 0.000000 	 13.132000 	 13.195000 
16384 	 32 	 8 	 64 	 0.000000 	 0.000000 	 18.989000 	 20.787000 
16384 	 32 	 16 	 64 	 0.000000 	 0.000000 	 11.047000 	 10.604000 
16384 	 64 	 8 	 64 	 0.000000 	 0.000000 	 15.795000 	 18.024000 
32768 	 8 	 8 	 64 	 0.000000 	 0.000000 	 20.258000 	 21.751000 
32768 	 8 	 16 	 64 	 0.000000 	 0.000000 	 12.151000 	 11.268000 
32768 	 8 	 32 	 64 	 0.000000 	 0.000000 	 13.188000 	 13.191000 
32768 	 8 	 64 	 64 	 0.000000 	 0.000000 	 17.679000 	 17.563000 
32768 	 16 	 8 	 64 	 0.000000 	 0.000000 	 18.955000 	 20.985000 
32768 	 16 	 16 	 64 	 0.000000 	 0.000000 	 11.066000 	 10.753000 
32768 	 16 	 32 	 64 	 0.000000 	 0.000000 	 12.671000 	 12.628000 
32768 	 32 	 8 	 64 	 0.000000 	 0.000000 	 19.601000 	 21.907000 
32768 	 32 	 16 	 64 	 0.000000 	 0.000000 	 10.804000 	 10.554000 
32768 	 64 	 8 	 64 	 0.000000 	 0.000000 	 16.201000 	 18.962000 
--------------------- calling cublas ------------------------
cublas success, cublas_error: 0.000000, cublas time: 26.628000 ms
cublas success, cublas_error: 0.000000, cublas time: 26.559000 ms
cublas success, cublas_error: 0.000000, cublas time: 26.572000 ms
cublas success, cublas_error: 0.000000, cublas time: 26.643000 ms
cublas success, cublas_error: 0.000000, cublas time: 26.573000 ms
cublas success, cublas_error: 0.000000, cublas time: 26.604000 ms
cublas success, cublas_error: 0.000000, cublas time: 26.605000 ms
cublas success, cublas_error: 0.000000, cublas time: 26.582000 ms
cublas success, cublas_error: 0.000000, cublas time: 26.613000 ms
cublas success, cublas_error: 0.000000, cublas time: 26.574000 ms
input: ../input/CoupCons3D.rb
num_of_lines_for_m_ptr_in_row_id 52101, num_of_lines_for_m_row_id 2029304, num_of_lines_for_m_data 7440779, num_of_rows 416800, num_of_cols 416800, num_of_entries 22322336
matrix read
free: 15, tot: 15
V allocated 
free: 15, tot: 15
R allocated 
free: 14, tot: 15
Blocks 	 ThreadsPerBlock 	 PVL 	 LVL 	 simple_error 	 simd_error 	 simple_time 	 simd_time 
8192 	 8 	 8 	 64 	 0.000000 	 0.000000 	 9.608000 	 12.499000 
8192 	 8 	 16 	 64 	 0.000000 	 0.000000 	 8.878000 	 8.364000 
8192 	 8 	 32 	 64 	 0.000000 	 0.000000 	 10.572000 	 10.609000 
8192 	 8 	 64 	 64 	 0.000000 	 0.000000 	 14.401000 	 14.400000 
8192 	 16 	 8 	 64 	 0.000000 	 0.000000 	 8.902000 	 11.935000 
8192 	 16 	 16 	 64 	 0.000000 	 0.000000 	 8.340000 	 8.207000 
8192 	 16 	 32 	 64 	 0.000000 	 0.000000 	 10.244000 	 10.264000 
8192 	 32 	 8 	 64 	 0.000000 	 0.000000 	 8.460000 	 11.381000 
8192 	 32 	 16 	 64 	 0.000000 	 0.000000 	 8.079000 	 8.033000 
8192 	 64 	 8 	 64 	 0.000000 	 0.000000 	 7.602000 	 11.891000 
16384 	 8 	 8 	 64 	 0.000000 	 0.000000 	 9.154000 	 12.067000 
16384 	 8 	 16 	 64 	 0.000000 	 0.000000 	 8.349000 	 8.203000 
16384 	 8 	 32 	 64 	 0.000000 	 0.000000 	 10.254000 	 10.274000 
16384 	 8 	 64 	 64 	 0.000000 	 0.000000 	 14.265000 	 14.272000 
16384 	 16 	 8 	 64 	 0.000000 	 0.000000 	 8.492000 	 11.400000 
16384 	 16 	 16 	 64 	 0.000000 	 0.000000 	 8.065000 	 7.969000 
16384 	 16 	 32 	 64 	 0.000000 	 0.000000 	 10.044000 	 10.034000 
16384 	 32 	 8 	 64 	 0.000000 	 0.000000 	 8.059000 	 10.960000 
16384 	 32 	 16 	 64 	 0.000000 	 0.000000 	 7.832000 	 7.892000 
16384 	 64 	 8 	 64 	 0.000000 	 0.000000 	 7.632000 	 11.891000 
32768 	 8 	 8 	 64 	 0.000000 	 0.000000 	 8.736000 	 11.481000 
32768 	 8 	 16 	 64 	 0.000000 	 0.000000 	 8.060000 	 7.961000 
32768 	 8 	 32 	 64 	 0.000000 	 0.000000 	 10.079000 	 10.075000 
32768 	 8 	 64 	 64 	 0.000000 	 0.000000 	 14.142000 	 14.151000 
32768 	 16 	 8 	 64 	 0.000000 	 0.000000 	 8.142000 	 10.968000 
32768 	 16 	 16 	 64 	 0.000000 	 0.000000 	 7.833000 	 7.744000 
32768 	 16 	 32 	 64 	 0.000000 	 0.000000 	 9.885000 	 9.841000 
32768 	 32 	 8 	 64 	 0.000000 	 0.000000 	 8.046000 	 10.937000 
32768 	 32 	 16 	 64 	 0.000000 	 0.000000 	 7.941000 	 7.980000 
32768 	 64 	 8 	 64 	 0.000000 	 0.000000 	 7.783000 	 11.953000 
--------------------- calling cublas ------------------------
cublas success, cublas_error: 0.000001, cublas time: 14.045000 ms
cublas success, cublas_error: 0.000001, cublas time: 13.944000 ms
cublas success, cublas_error: 0.000001, cublas time: 13.939000 ms
cublas success, cublas_error: 0.000001, cublas time: 13.950000 ms
cublas success, cublas_error: 0.000001, cublas time: 13.970000 ms
cublas success, cublas_error: 0.000001, cublas time: 13.946000 ms
cublas success, cublas_error: 0.000001, cublas time: 13.967000 ms
cublas success, cublas_error: 0.000001, cublas time: 13.932000 ms
cublas success, cublas_error: 0.000001, cublas time: 13.938000 ms
cublas success, cublas_error: 0.000001, cublas time: 13.938000 ms
