num_of_lines_for_m_ptr_in_row_id 252147, num_of_lines_for_m_row_id 28307346, num_of_lines_for_m_data 94357820, num_of_rows 2017169, num_of_cols 2017169, num_of_entries 283073458
matrix read
free: 12, tot: 15
V allocated 
free: 11, tot: 15
R allocated 
free: 11, tot: 15
Blocks 	 ThreadsPerBlock 	 PVL 	 LVL 	 simple_error 	 simd_error 	 simple_time 	 simd_time 
4096 	 8 	 8 	 32 	 0.000001 	 0.000001 	 147.656000 	 130.768000 
4096 	 8 	 16 	 32 	 0.000001 	 0.000001 	 121.008000 	 121.686000 
4096 	 8 	 32 	 32 	 0.000001 	 0.000001 	 138.161000 	 139.332000 
4096 	 16 	 8 	 32 	 0.000001 	 0.000001 	 142.047000 	 121.550000 
4096 	 16 	 16 	 32 	 0.000001 	 0.000001 	 115.456000 	 115.772000 
4096 	 16 	 32 	 32 	 0.000001 	 0.000001 	 123.883000 	 124.794000 
4096 	 32 	 8 	 32 	 0.000001 	 0.000001 	 130.181000 	 111.913000 
4096 	 32 	 16 	 32 	 0.000001 	 0.000001 	 107.854000 	 109.442000 
4096 	 64 	 8 	 32 	 0.000001 	 0.000001 	 116.140000 	 84.545000 
8192 	 8 	 8 	 32 	 0.000001 	 0.000001 	 143.130000 	 124.567000 
8192 	 8 	 16 	 32 	 0.000001 	 0.000001 	 115.637000 	 116.888000 
8192 	 8 	 32 	 32 	 0.000001 	 0.000001 	 125.119000 	 126.060000 
8192 	 16 	 8 	 32 	 0.000001 	 0.000001 	 133.179000 	 113.998000 
8192 	 16 	 16 	 32 	 0.000001 	 0.000001 	 108.978000 	 110.176000 
8192 	 16 	 32 	 32 	 0.000001 	 0.000001 	 116.400000 	 117.324000 
8192 	 32 	 8 	 32 	 0.000001 	 0.000001 	 119.887000 	 101.241000 
8192 	 32 	 16 	 32 	 0.000001 	 0.000001 	 98.334000 	 99.516000 
8192 	 64 	 8 	 32 	 0.000001 	 0.000001 	 101.600000 	 77.805000 
16384 	 8 	 8 	 32 	 0.000001 	 0.000001 	 137.732000 	 118.923000 
16384 	 8 	 16 	 32 	 0.000001 	 0.000001 	 110.112000 	 111.315000 
16384 	 8 	 32 	 32 	 0.000001 	 0.000001 	 117.907000 	 118.792000 
16384 	 16 	 8 	 32 	 0.000001 	 0.000001 	 123.944000 	 105.156000 
16384 	 16 	 16 	 32 	 0.000001 	 0.000001 	 100.175000 	 101.331000 
16384 	 16 	 32 	 32 	 0.000001 	 0.000001 	 106.243000 	 107.292000 
16384 	 32 	 8 	 32 	 0.000001 	 0.000001 	 106.410000 	 88.591000 
16384 	 32 	 16 	 32 	 0.000001 	 0.000001 	 84.821000 	 85.450000 
16384 	 64 	 8 	 32 	 0.000001 	 0.000001 	 86.325000 	 74.288000 
32768 	 8 	 8 	 32 	 0.000001 	 0.000001 	 128.916000 	 110.234000 
32768 	 8 	 16 	 32 	 0.000001 	 0.000001 	 101.946000 	 102.960000 
32768 	 8 	 32 	 32 	 0.000001 	 0.000001 	 108.284000 	 109.038000 
32768 	 16 	 8 	 32 	 0.000001 	 0.000001 	 110.744000 	 92.691000 
32768 	 16 	 16 	 32 	 0.000001 	 0.000001 	 87.390000 	 88.240000 
32768 	 16 	 32 	 32 	 0.000001 	 0.000001 	 94.069000 	 94.636000 
32768 	 32 	 8 	 32 	 0.000001 	 0.000001 	 91.625000 	 77.628000 
32768 	 32 	 16 	 32 	 0.000001 	 0.000001 	 72.972000 	 73.248000 
32768 	 64 	 8 	 32 	 0.000001 	 0.000001 	 75.838000 	 73.295000 
--------------------- calling cublas ------------------------
cublas success, cublas_error: 0.000002, cublas time: 84.309000 ms
cublas success, cublas_error: 0.000002, cublas time: 84.293000 ms
cublas success, cublas_error: 0.000002, cublas time: 84.243000 ms
cublas success, cublas_error: 0.000002, cublas time: 84.298000 ms
cublas success, cublas_error: 0.000002, cublas time: 84.250000 ms
cublas success, cublas_error: 0.000002, cublas time: 84.247000 ms
cublas success, cublas_error: 0.000002, cublas time: 84.282000 ms
cublas success, cublas_error: 0.000002, cublas time: 84.253000 ms
cublas success, cublas_error: 0.000002, cublas time: 84.246000 ms
cublas success, cublas_error: 0.000002, cublas time: 84.261000 ms
num_of_lines_for_m_ptr_in_row_id 188001, num_of_lines_for_m_row_id 11087998, num_of_lines_for_m_data 27719993, num_of_rows 1504002, num_of_cols 1504002, num_of_entries 110879972
matrix read
free: 14, tot: 15
V allocated 
free: 13, tot: 15
R allocated 
free: 13, tot: 15
Blocks 	 ThreadsPerBlock 	 PVL 	 LVL 	 simple_error 	 simd_error 	 simple_time 	 simd_time 
4096 	 8 	 8 	 32 	 0.010731 	 0.010731 	 38.409000 	 35.141000 
4096 	 8 	 16 	 32 	 0.010731 	 0.010731 	 30.614000 	 30.977000 
4096 	 8 	 32 	 32 	 0.010731 	 0.010731 	 38.467000 	 38.677000 
4096 	 16 	 8 	 32 	 0.010731 	 0.010731 	 35.445000 	 30.747000 
4096 	 16 	 16 	 32 	 0.010731 	 0.010731 	 29.304000 	 29.638000 
4096 	 16 	 32 	 32 	 0.010731 	 0.010731 	 36.568000 	 36.814000 
4096 	 32 	 8 	 32 	 0.010731 	 0.010731 	 33.674000 	 29.028000 
4096 	 32 	 16 	 32 	 0.010731 	 0.010731 	 27.385000 	 27.709000 
4096 	 64 	 8 	 32 	 0.010731 	 0.010731 	 32.938000 	 23.647000 
8192 	 8 	 8 	 32 	 0.010731 	 0.010731 	 35.242000 	 31.726000 
8192 	 8 	 16 	 32 	 0.010731 	 0.010731 	 29.398000 	 29.685000 
8192 	 8 	 32 	 32 	 0.010731 	 0.010731 	 36.564000 	 36.782000 
8192 	 16 	 8 	 32 	 0.010731 	 0.010731 	 33.270000 	 28.758000 
8192 	 16 	 16 	 32 	 0.010731 	 0.010731 	 27.329000 	 27.557000 
8192 	 16 	 32 	 32 	 0.010731 	 0.010731 	 35.740000 	 36.033000 
8192 	 32 	 8 	 32 	 0.010731 	 0.010731 	 32.722000 	 28.519000 
8192 	 32 	 16 	 32 	 0.010731 	 0.010731 	 26.925000 	 27.162000 
8192 	 64 	 8 	 32 	 0.010731 	 0.010731 	 30.400000 	 22.654000 
16384 	 8 	 8 	 32 	 0.010731 	 0.010731 	 33.794000 	 30.052000 
16384 	 8 	 16 	 32 	 0.010731 	 0.010731 	 27.473000 	 27.717000 
16384 	 8 	 32 	 32 	 0.010731 	 0.010731 	 35.727000 	 35.976000 
16384 	 16 	 8 	 32 	 0.010731 	 0.010731 	 32.677000 	 28.510000 
16384 	 16 	 16 	 32 	 0.010731 	 0.010731 	 26.947000 	 27.146000 
16384 	 16 	 32 	 32 	 0.010731 	 0.010731 	 35.512000 	 35.803000 
16384 	 32 	 8 	 32 	 0.010731 	 0.010731 	 30.437000 	 26.476000 
16384 	 32 	 16 	 32 	 0.010731 	 0.010731 	 26.175000 	 26.268000 
16384 	 64 	 8 	 32 	 0.010731 	 0.010731 	 27.658000 	 21.180000 
32768 	 8 	 8 	 32 	 0.010731 	 0.010731 	 33.075000 	 29.966000 
32768 	 8 	 16 	 32 	 0.010731 	 0.010731 	 27.005000 	 27.193000 
32768 	 8 	 32 	 32 	 0.010731 	 0.010731 	 35.476000 	 35.691000 
32768 	 16 	 8 	 32 	 0.010731 	 0.010731 	 30.308000 	 26.704000 
32768 	 16 	 16 	 32 	 0.010731 	 0.010731 	 26.172000 	 26.261000 
32768 	 16 	 32 	 32 	 0.010731 	 0.010731 	 35.280000 	 35.557000 
32768 	 32 	 8 	 32 	 0.010731 	 0.010731 	 27.640000 	 23.698000 
32768 	 32 	 16 	 32 	 0.010731 	 0.010731 	 25.281000 	 25.251000 
32768 	 64 	 8 	 32 	 0.010731 	 0.010731 	 25.510000 	 20.344000 
--------------------- calling cublas ------------------------
cublas success, cublas_error: 0.015796, cublas time: 28.377000 ms
cublas success, cublas_error: 0.015796, cublas time: 28.333000 ms
cublas success, cublas_error: 0.015796, cublas time: 29.883000 ms
cublas success, cublas_error: 0.015796, cublas time: 29.748000 ms
cublas success, cublas_error: 0.015796, cublas time: 29.736000 ms
cublas success, cublas_error: 0.015796, cublas time: 30.342000 ms
cublas success, cublas_error: 0.015796, cublas time: 30.095000 ms
cublas success, cublas_error: 0.015796, cublas time: 29.761000 ms
cublas success, cublas_error: 0.015796, cublas time: 29.756000 ms
cublas success, cublas_error: 0.015796, cublas time: 29.760000 ms
num_of_lines_for_m_ptr_in_row_id 47712, num_of_lines_for_m_row_id 3405906, num_of_lines_for_m_data 12488321, num_of_rows 381689, num_of_cols 381689, num_of_entries 37464962
matrix read
free: 15, tot: 15
V allocated 
free: 15, tot: 15
R allocated 
free: 14, tot: 15
Blocks 	 ThreadsPerBlock 	 PVL 	 LVL 	 simple_error 	 simd_error 	 simple_time 	 simd_time 
4096 	 8 	 8 	 32 	 0.000001 	 0.000001 	 12.333000 	 11.367000 
4096 	 8 	 16 	 32 	 0.000001 	 0.000001 	 12.343000 	 12.290000 
4096 	 8 	 32 	 32 	 0.000001 	 0.000001 	 14.976000 	 14.830000 
4096 	 16 	 8 	 32 	 0.000001 	 0.000001 	 11.415000 	 10.495000 
4096 	 16 	 16 	 32 	 0.000001 	 0.000001 	 11.422000 	 11.404000 
4096 	 16 	 32 	 32 	 0.000001 	 0.000001 	 13.362000 	 13.362000 
4096 	 32 	 8 	 32 	 0.000001 	 0.000001 	 10.228000 	 9.547000 
4096 	 32 	 16 	 32 	 0.000001 	 0.000001 	 10.214000 	 10.218000 
4096 	 64 	 8 	 32 	 0.000001 	 0.000001 	 9.315000 	 9.687000 
8192 	 8 	 8 	 32 	 0.000001 	 0.000001 	 11.758000 	 10.804000 
8192 	 8 	 16 	 32 	 0.000001 	 0.000001 	 11.614000 	 11.500000 
8192 	 8 	 32 	 32 	 0.000001 	 0.000001 	 13.081000 	 13.169000 
8192 	 16 	 8 	 32 	 0.000001 	 0.000001 	 10.526000 	 9.699000 
8192 	 16 	 16 	 32 	 0.000001 	 0.000001 	 10.350000 	 10.413000 
8192 	 16 	 32 	 32 	 0.000001 	 0.000001 	 12.293000 	 12.268000 
8192 	 32 	 8 	 32 	 0.000001 	 0.000001 	 9.340000 	 8.880000 
8192 	 32 	 16 	 32 	 0.000001 	 0.000001 	 9.447000 	 9.446000 
8192 	 64 	 8 	 32 	 0.000001 	 0.000001 	 8.926000 	 9.910000 
16384 	 8 	 8 	 32 	 0.000001 	 0.000001 	 10.722000 	 9.920000 
16384 	 8 	 16 	 32 	 0.000001 	 0.000001 	 10.560000 	 10.562000 
16384 	 8 	 32 	 32 	 0.000001 	 0.000001 	 12.335000 	 12.347000 
16384 	 16 	 8 	 32 	 0.000001 	 0.000001 	 9.536000 	 8.986000 
16384 	 16 	 16 	 32 	 0.000001 	 0.000001 	 9.549000 	 9.551000 
16384 	 16 	 32 	 32 	 0.000001 	 0.000001 	 11.940000 	 11.897000 
16384 	 32 	 8 	 32 	 0.000001 	 0.000001 	 8.904000 	 8.639000 
16384 	 32 	 16 	 32 	 0.000001 	 0.000001 	 9.152000 	 9.142000 
16384 	 64 	 8 	 32 	 0.000001 	 0.000001 	 8.964000 	 9.923000 
32768 	 8 	 8 	 32 	 0.000001 	 0.000001 	 9.681000 	 9.109000 
32768 	 8 	 16 	 32 	 0.000001 	 0.000001 	 9.632000 	 9.638000 
32768 	 8 	 32 	 32 	 0.000001 	 0.000001 	 11.926000 	 11.925000 
32768 	 16 	 8 	 32 	 0.000001 	 0.000001 	 9.085000 	 8.647000 
32768 	 16 	 16 	 32 	 0.000001 	 0.000001 	 9.154000 	 9.151000 
32768 	 16 	 32 	 32 	 0.000001 	 0.000001 	 11.819000 	 11.788000 
32768 	 32 	 8 	 32 	 0.000001 	 0.000001 	 8.928000 	 8.633000 
32768 	 32 	 16 	 32 	 0.000001 	 0.000001 	 9.199000 	 9.168000 
32768 	 64 	 8 	 32 	 0.000001 	 0.000001 	 9.021000 	 9.985000 
--------------------- calling cublas ------------------------
cublas success, cublas_error: 0.000003, cublas time: 12.090000 ms
cublas success, cublas_error: 0.000003, cublas time: 12.074000 ms
cublas success, cublas_error: 0.000003, cublas time: 12.033000 ms
cublas success, cublas_error: 0.000003, cublas time: 12.053000 ms
cublas success, cublas_error: 0.000003, cublas time: 12.053000 ms
cublas success, cublas_error: 0.000003, cublas time: 12.033000 ms
cublas success, cublas_error: 0.000003, cublas time: 12.036000 ms
cublas success, cublas_error: 0.000003, cublas time: 12.032000 ms
cublas success, cublas_error: 0.000003, cublas time: 12.071000 ms
cublas success, cublas_error: 0.000003, cublas time: 12.034000 ms
num_of_lines_for_m_ptr_in_row_id 47126, num_of_lines_for_m_row_id 2517271, num_of_lines_for_m_data 6922493, num_of_rows 377002, num_of_cols 377002, num_of_entries 27689972
matrix read
free: 15, tot: 15
V allocated 
free: 15, tot: 15
R allocated 
free: 15, tot: 15
Blocks 	 ThreadsPerBlock 	 PVL 	 LVL 	 simple_error 	 simd_error 	 simple_time 	 simd_time 
4096 	 8 	 8 	 32 	 0.002387 	 0.002387 	 8.617000 	 7.522000 
4096 	 8 	 16 	 32 	 0.002387 	 0.002387 	 7.278000 	 7.269000 
4096 	 8 	 32 	 32 	 0.002387 	 0.002387 	 10.175000 	 10.110000 
4096 	 16 	 8 	 32 	 0.002387 	 0.002387 	 8.306000 	 6.925000 
4096 	 16 	 16 	 32 	 0.002387 	 0.002387 	 7.370000 	 7.163000 
4096 	 16 	 32 	 32 	 0.002387 	 0.002387 	 9.699000 	 9.765000 
4096 	 32 	 8 	 32 	 0.002387 	 0.002387 	 7.928000 	 6.488000 
4096 	 32 	 16 	 32 	 0.002387 	 0.002387 	 6.896000 	 6.862000 
4096 	 64 	 8 	 32 	 0.002387 	 0.002387 	 7.690000 	 5.599000 
8192 	 8 	 8 	 32 	 0.002387 	 0.002387 	 8.386000 	 6.838000 
8192 	 8 	 16 	 32 	 0.002387 	 0.002387 	 7.190000 	 7.208000 
8192 	 8 	 32 	 32 	 0.002387 	 0.002387 	 9.686000 	 9.717000 
8192 	 16 	 8 	 32 	 0.002387 	 0.002387 	 7.875000 	 6.587000 
8192 	 16 	 16 	 32 	 0.002387 	 0.002387 	 6.884000 	 6.870000 
8192 	 16 	 32 	 32 	 0.002387 	 0.002387 	 9.501000 	 9.559000 
8192 	 32 	 8 	 32 	 0.002387 	 0.002387 	 7.687000 	 6.348000 
8192 	 32 	 16 	 32 	 0.002387 	 0.002387 	 6.788000 	 6.759000 
8192 	 64 	 8 	 32 	 0.002387 	 0.002387 	 7.446000 	 5.678000 
16384 	 8 	 8 	 32 	 0.002387 	 0.002387 	 8.121000 	 6.745000 
16384 	 8 	 16 	 32 	 0.002387 	 0.002387 	 6.829000 	 6.814000 
16384 	 8 	 32 	 32 	 0.002387 	 0.002387 	 9.495000 	 9.556000 
16384 	 16 	 8 	 32 	 0.002387 	 0.002387 	 7.687000 	 6.435000 
16384 	 16 	 16 	 32 	 0.002387 	 0.002387 	 6.748000 	 6.731000 
16384 	 16 	 32 	 32 	 0.002387 	 0.002387 	 9.455000 	 9.496000 
16384 	 32 	 8 	 32 	 0.002387 	 0.002387 	 7.426000 	 6.160000 
16384 	 32 	 16 	 32 	 0.002387 	 0.002387 	 6.954000 	 6.708000 
16384 	 64 	 8 	 32 	 0.002387 	 0.002387 	 7.442000 	 5.546000 
32768 	 8 	 8 	 32 	 0.002387 	 0.002387 	 7.962000 	 6.614000 
32768 	 8 	 16 	 32 	 0.002387 	 0.002387 	 6.728000 	 6.918000 
32768 	 8 	 32 	 32 	 0.002387 	 0.002387 	 9.435000 	 9.485000 
32768 	 16 	 8 	 32 	 0.002387 	 0.002387 	 7.421000 	 6.162000 
32768 	 16 	 16 	 32 	 0.002387 	 0.002387 	 6.696000 	 6.691000 
32768 	 16 	 32 	 32 	 0.002387 	 0.002387 	 9.813000 	 9.489000 
32768 	 32 	 8 	 32 	 0.002387 	 0.002387 	 7.462000 	 6.182000 
32768 	 32 	 16 	 32 	 0.002387 	 0.002387 	 6.876000 	 6.788000 
32768 	 64 	 8 	 32 	 0.002387 	 0.002387 	 7.594000 	 5.816000 
--------------------- calling cublas ------------------------
cublas success, cublas_error: 0.003537, cublas time: 7.588000 ms
cublas success, cublas_error: 0.003537, cublas time: 7.528000 ms
cublas success, cublas_error: 0.003537, cublas time: 7.687000 ms
cublas success, cublas_error: 0.003537, cublas time: 7.616000 ms
cublas success, cublas_error: 0.003537, cublas time: 7.525000 ms
cublas success, cublas_error: 0.003537, cublas time: 7.519000 ms
cublas success, cublas_error: 0.003537, cublas time: 7.512000 ms
cublas success, cublas_error: 0.003537, cublas time: 7.533000 ms
cublas success, cublas_error: 0.003537, cublas time: 7.547000 ms
cublas success, cublas_error: 0.003537, cublas time: 7.542000 ms
num_of_lines_for_m_ptr_in_row_id 188224, num_of_lines_for_m_row_id 2713035, num_of_lines_for_m_data 9043450, num_of_rows 1505785, num_of_cols 1505785, num_of_entries 27130349
matrix read
free: 15, tot: 15
V allocated 
free: 14, tot: 15
R allocated 
free: 14, tot: 15
Blocks 	 ThreadsPerBlock 	 PVL 	 LVL 	 simple_error 	 simd_error 	 simple_time 	 simd_time 
4096 	 8 	 8 	 32 	 0.000000 	 0.000000 	 16.519000 	 15.774000 
4096 	 8 	 16 	 32 	 0.000000 	 0.000000 	 13.861000 	 14.018000 
4096 	 8 	 32 	 32 	 0.000000 	 0.000000 	 15.010000 	 15.109000 
4096 	 16 	 8 	 32 	 0.000000 	 0.000000 	 15.568000 	 14.848000 
4096 	 16 	 16 	 32 	 0.000000 	 0.000000 	 13.191000 	 13.311000 
4096 	 16 	 32 	 32 	 0.000000 	 0.000000 	 14.247000 	 14.276000 
4096 	 32 	 8 	 32 	 0.000000 	 0.000000 	 14.727000 	 14.021000 
4096 	 32 	 16 	 32 	 0.000000 	 0.000000 	 12.501000 	 12.639000 
4096 	 64 	 8 	 32 	 0.000000 	 0.000000 	 13.853000 	 12.147000 
8192 	 8 	 8 	 32 	 0.000000 	 0.000000 	 15.696000 	 14.899000 
8192 	 8 	 16 	 32 	 0.000000 	 0.000000 	 13.145000 	 13.249000 
8192 	 8 	 32 	 32 	 0.000000 	 0.000000 	 14.259000 	 14.477000 
8192 	 16 	 8 	 32 	 0.000000 	 0.000000 	 14.671000 	 14.065000 
8192 	 16 	 16 	 32 	 0.000000 	 0.000000 	 12.516000 	 12.636000 
8192 	 16 	 32 	 32 	 0.000000 	 0.000000 	 13.586000 	 13.663000 
8192 	 32 	 8 	 32 	 0.000000 	 0.000000 	 13.877000 	 13.124000 
8192 	 32 	 16 	 32 	 0.000000 	 0.000000 	 11.816000 	 11.870000 
8192 	 64 	 8 	 32 	 0.000000 	 0.000000 	 12.732000 	 11.177000 
16384 	 8 	 8 	 32 	 0.000000 	 0.000000 	 14.908000 	 14.247000 
16384 	 8 	 16 	 32 	 0.000000 	 0.000000 	 12.575000 	 12.625000 
16384 	 8 	 32 	 32 	 0.000000 	 0.000000 	 13.604000 	 13.697000 
16384 	 16 	 8 	 32 	 0.000000 	 0.000000 	 13.975000 	 13.198000 
16384 	 16 	 16 	 32 	 0.000000 	 0.000000 	 11.804000 	 11.903000 
16384 	 16 	 32 	 32 	 0.000000 	 0.000000 	 12.816000 	 12.887000 
16384 	 32 	 8 	 32 	 0.000000 	 0.000000 	 12.711000 	 11.999000 
16384 	 32 	 16 	 32 	 0.000000 	 0.000000 	 10.726000 	 10.792000 
16384 	 64 	 8 	 32 	 0.000000 	 0.000000 	 11.578000 	 10.380000 
32768 	 8 	 8 	 32 	 0.000000 	 0.000000 	 14.263000 	 13.502000 
32768 	 8 	 16 	 32 	 0.000000 	 0.000000 	 11.901000 	 11.931000 
32768 	 8 	 32 	 32 	 0.000000 	 0.000000 	 12.828000 	 13.081000 
32768 	 16 	 8 	 32 	 0.000000 	 0.000000 	 12.817000 	 12.085000 
32768 	 16 	 16 	 32 	 0.000000 	 0.000000 	 10.795000 	 10.814000 
32768 	 16 	 32 	 32 	 0.000000 	 0.000000 	 12.214000 	 12.294000 
32768 	 32 	 8 	 32 	 0.000000 	 0.000000 	 11.545000 	 10.970000 
32768 	 32 	 16 	 32 	 0.000000 	 0.000000 	 9.815000 	 9.926000 
32768 	 64 	 8 	 32 	 0.000000 	 0.000000 	 11.108000 	 9.981000 
--------------------- calling cublas ------------------------
cublas success, cublas_error: 0.000000, cublas time: 25.664000 ms
cublas success, cublas_error: 0.000000, cublas time: 25.717000 ms
cublas success, cublas_error: 0.000000, cublas time: 25.599000 ms
cublas success, cublas_error: 0.000000, cublas time: 25.593000 ms
cublas success, cublas_error: 0.000000, cublas time: 25.604000 ms
cublas success, cublas_error: 0.000000, cublas time: 25.697000 ms
cublas success, cublas_error: 0.000000, cublas time: 25.630000 ms
cublas success, cublas_error: 0.000000, cublas time: 25.659000 ms
cublas success, cublas_error: 0.000000, cublas time: 25.594000 ms
cublas success, cublas_error: 0.000000, cublas time: 25.617000 ms
num_of_lines_for_m_ptr_in_row_id 373377, num_of_lines_for_m_row_id 2662199, num_of_lines_for_m_data 5324398, num_of_rows 2987012, num_of_cols 2987012, num_of_entries 26621990
matrix read
free: 15, tot: 15
V allocated 
free: 14, tot: 15
R allocated 
free: 13, tot: 15
Blocks 	 ThreadsPerBlock 	 PVL 	 LVL 	 simple_error 	 simd_error 	 simple_time 	 simd_time 
4096 	 8 	 8 	 32 	 0.000000 	 0.000000 	 1350.468000 	 1542.447000 
4096 	 8 	 16 	 32 	 0.000000 	 0.000000 	 1128.527000 	 1087.032000 
4096 	 8 	 32 	 32 	 0.000000 	 0.000000 	 1005.395000 	 890.559000 
4096 	 16 	 8 	 32 	 0.000000 	 0.000000 	 1370.316000 	 1561.478000 
4096 	 16 	 16 	 32 	 0.000000 	 0.000000 	 1134.694000 	 1100.068000 
4096 	 16 	 32 	 32 	 0.000000 	 0.000000 	 1015.385000 	 894.845000 
4096 	 32 	 8 	 32 	 0.000000 	 0.000000 	 1373.798000 	 1574.270000 
4096 	 32 	 16 	 32 	 0.000000 	 0.000000 	 1140.064000 	 1099.209000 
4096 	 64 	 8 	 32 	 0.000000 	 0.000000 	 1312.074000 	 1515.283000 
8192 	 8 	 8 	 32 	 0.000000 	 0.000000 	 1344.428000 	 1541.823000 
8192 	 8 	 16 	 32 	 0.000000 	 0.000000 	 1127.830000 	 1086.057000 
8192 	 8 	 32 	 32 	 0.000000 	 0.000000 	 1003.975000 	 884.857000 
8192 	 16 	 8 	 32 	 0.000000 	 0.000000 	 1369.451000 	 1560.642000 
8192 	 16 	 16 	 32 	 0.000000 	 0.000000 	 1133.885000 	 1099.076000 
8192 	 16 	 32 	 32 	 0.000000 	 0.000000 	 992.543000 	 889.400000 
8192 	 32 	 8 	 32 	 0.000000 	 0.000000 	 1372.776000 	 1573.109000 
8192 	 32 	 16 	 32 	 0.000000 	 0.000000 	 1139.078000 	 1098.386000 
8192 	 64 	 8 	 32 	 0.000000 	 0.000000 	 1311.034000 	 1514.686000 
16384 	 8 	 8 	 32 	 0.000000 	 0.000000 	 1343.726000 	 1540.939000 
16384 	 8 	 16 	 32 	 0.000000 	 0.000000 	 1127.019000 	 1085.407000 
16384 	 8 	 32 	 32 	 0.000000 	 0.000000 	 996.777000 	 904.178000 
16384 	 16 	 8 	 32 	 0.000000 	 0.000000 	 1368.602000 	 1559.580000 
16384 	 16 	 16 	 32 	 0.000000 	 0.000000 	 1133.087000 	 1099.064000 
16384 	 16 	 32 	 32 	 0.000000 	 0.000000 	 980.595000 	 899.934000 
16384 	 32 	 8 	 32 	 0.000000 	 0.000000 	 1371.886000 	 1572.257000 
16384 	 32 	 16 	 32 	 0.000000 	 0.000000 	 1138.326000 	 1097.372000 
16384 	 64 	 8 	 32 	 0.000000 	 0.000000 	 1310.144000 	 1514.058000 
32768 	 8 	 8 	 32 	 0.000000 	 0.000000 	 1342.842000 	 1539.959000 
32768 	 8 	 16 	 32 	 0.000000 	 0.000000 	 1126.185000 	 1084.243000 
32768 	 8 	 32 	 32 	 0.000000 	 0.000000 	 958.728000 	 888.997000 
32768 	 16 	 8 	 32 	 0.000000 	 0.000000 	 1367.611000 	 1558.660000 
32768 	 16 	 16 	 32 	 0.000000 	 0.000000 	 1132.229000 	 1097.377000 
32768 	 16 	 32 	 32 	 0.000000 	 0.000000 	 968.029000 	 887.643000 
32768 	 32 	 8 	 32 	 0.000000 	 0.000000 	 1370.873000 	 1571.286000 
32768 	 32 	 16 	 32 	 0.000000 	 0.000000 	 1137.511000 	 1096.680000 
32768 	 64 	 8 	 32 	 0.000000 	 0.000000 	 1309.663000 	 1513.615000 
--------------------- calling cublas ------------------------
cublas success, cublas_error: 0.000000, cublas time: 79.748000 ms
cublas success, cublas_error: 0.000000, cublas time: 79.969000 ms
cublas success, cublas_error: 0.000000, cublas time: 79.822000 ms
cublas success, cublas_error: 0.000000, cublas time: 80.196000 ms
cublas success, cublas_error: 0.000000, cublas time: 79.569000 ms
cublas success, cublas_error: 0.000000, cublas time: 80.195000 ms
cublas success, cublas_error: 0.000000, cublas time: 80.514000 ms
cublas success, cublas_error: 0.000000, cublas time: 80.300000 ms
cublas success, cublas_error: 0.000000, cublas time: 79.988000 ms
cublas success, cublas_error: 0.000000, cublas time: 80.353000 ms
num_of_lines_for_m_ptr_in_row_id 200264, num_of_lines_for_m_row_id 2350074, num_of_lines_for_m_data 7833577, num_of_rows 1602111, num_of_cols 1602111, num_of_entries 23500731
matrix read
free: 15, tot: 15
V allocated 
free: 14, tot: 15
R allocated 
free: 14, tot: 15
Blocks 	 ThreadsPerBlock 	 PVL 	 LVL 	 simple_error 	 simd_error 	 simple_time 	 simd_time 
4096 	 8 	 8 	 32 	 0.000000 	 0.000000 	 11.460000 	 10.639000 
4096 	 8 	 16 	 32 	 0.000000 	 0.000000 	 8.810000 	 8.765000 
4096 	 8 	 32 	 32 	 0.000000 	 0.000000 	 10.310000 	 10.618000 
4096 	 16 	 8 	 32 	 0.000000 	 0.000000 	 10.995000 	 9.420000 
4096 	 16 	 16 	 32 	 0.000000 	 0.000000 	 8.091000 	 8.144000 
4096 	 16 	 32 	 32 	 0.000000 	 0.000000 	 9.766000 	 9.923000 
4096 	 32 	 8 	 32 	 0.000000 	 0.000000 	 9.898000 	 8.636000 
4096 	 32 	 16 	 32 	 0.000000 	 0.000000 	 7.470000 	 7.597000 
4096 	 64 	 8 	 32 	 0.000000 	 0.000000 	 9.445000 	 7.634000 
8192 	 8 	 8 	 32 	 0.000000 	 0.000000 	 10.555000 	 9.258000 
8192 	 8 	 16 	 32 	 0.000000 	 0.000000 	 8.256000 	 8.292000 
8192 	 8 	 32 	 32 	 0.000000 	 0.000000 	 9.733000 	 10.083000 
8192 	 16 	 8 	 32 	 0.000000 	 0.000000 	 9.875000 	 8.611000 
8192 	 16 	 16 	 32 	 0.000000 	 0.000000 	 7.553000 	 7.711000 
8192 	 16 	 32 	 32 	 0.000000 	 0.000000 	 9.551000 	 9.545000 
8192 	 32 	 8 	 32 	 0.000000 	 0.000000 	 9.432000 	 8.429000 
8192 	 32 	 16 	 32 	 0.000000 	 0.000000 	 7.140000 	 7.313000 
8192 	 64 	 8 	 32 	 0.000000 	 0.000000 	 9.133000 	 7.492000 
16384 	 8 	 8 	 32 	 0.000000 	 0.000000 	 9.947000 	 8.747000 
16384 	 8 	 16 	 32 	 0.000000 	 0.000000 	 7.615000 	 7.801000 
16384 	 8 	 32 	 32 	 0.000000 	 0.000000 	 9.684000 	 9.559000 
16384 	 16 	 8 	 32 	 0.000000 	 0.000000 	 9.425000 	 8.355000 
16384 	 16 	 16 	 32 	 0.000000 	 0.000000 	 7.162000 	 7.151000 
16384 	 16 	 32 	 32 	 0.000000 	 0.000000 	 9.564000 	 9.254000 
16384 	 32 	 8 	 32 	 0.000000 	 0.000000 	 8.970000 	 8.035000 
16384 	 32 	 16 	 32 	 0.000000 	 0.000000 	 6.890000 	 6.879000 
16384 	 64 	 8 	 32 	 0.000000 	 0.000000 	 8.946000 	 7.451000 
32768 	 8 	 8 	 32 	 0.000000 	 0.000000 	 9.658000 	 8.705000 
32768 	 8 	 16 	 32 	 0.000000 	 0.000000 	 7.137000 	 7.159000 
32768 	 8 	 32 	 32 	 0.000000 	 0.000000 	 9.271000 	 9.224000 
32768 	 16 	 8 	 32 	 0.000000 	 0.000000 	 9.033000 	 8.023000 
32768 	 16 	 16 	 32 	 0.000000 	 0.000000 	 6.943000 	 6.892000 
32768 	 16 	 32 	 32 	 0.000000 	 0.000000 	 9.291000 	 9.172000 
32768 	 32 	 8 	 32 	 0.000000 	 0.000000 	 8.915000 	 7.825000 
32768 	 32 	 16 	 32 	 0.000000 	 0.000000 	 6.715000 	 6.693000 
32768 	 64 	 8 	 32 	 0.000000 	 0.000000 	 8.922000 	 7.471000 
--------------------- calling cublas ------------------------
cublas success, cublas_error: 0.000000, cublas time: 13.925000 ms
cublas success, cublas_error: 0.000000, cublas time: 13.871000 ms
cublas success, cublas_error: 0.000000, cublas time: 13.909000 ms
cublas success, cublas_error: 0.000000, cublas time: 13.909000 ms
cublas success, cublas_error: 0.000000, cublas time: 13.873000 ms
cublas success, cublas_error: 0.000000, cublas time: 13.908000 ms
cublas success, cublas_error: 0.000000, cublas time: 13.882000 ms
cublas success, cublas_error: 0.000000, cublas time: 13.909000 ms
cublas success, cublas_error: 0.000000, cublas time: 13.880000 ms
cublas success, cublas_error: 0.000000, cublas time: 13.871000 ms
num_of_lines_for_m_ptr_in_row_id 52101, num_of_lines_for_m_row_id 2029304, num_of_lines_for_m_data 7440779, num_of_rows 416800, num_of_cols 416800, num_of_entries 22322336
matrix read
free: 15, tot: 15
V allocated 
free: 15, tot: 15
R allocated 
free: 15, tot: 15
Blocks 	 ThreadsPerBlock 	 PVL 	 LVL 	 simple_error 	 simd_error 	 simple_time 	 simd_time 
4096 	 8 	 8 	 32 	 0.000000 	 0.000000 	 6.220000 	 5.785000 
4096 	 8 	 16 	 32 	 0.000000 	 0.000000 	 6.301000 	 6.296000 
4096 	 8 	 32 	 32 	 0.000000 	 0.000000 	 8.215000 	 8.199000 
4096 	 16 	 8 	 32 	 0.000000 	 0.000000 	 5.808000 	 5.333000 
4096 	 16 	 16 	 32 	 0.000000 	 0.000000 	 6.025000 	 5.962000 
4096 	 16 	 32 	 32 	 0.000000 	 0.000000 	 7.979000 	 8.006000 
4096 	 32 	 8 	 32 	 0.000000 	 0.000000 	 5.466000 	 4.960000 
4096 	 32 	 16 	 32 	 0.000000 	 0.000000 	 5.667000 	 5.662000 
4096 	 64 	 8 	 32 	 0.000000 	 0.000000 	 5.152000 	 4.724000 
8192 	 8 	 8 	 32 	 0.000000 	 0.000000 	 5.842000 	 5.246000 
8192 	 8 	 16 	 32 	 0.000000 	 0.000000 	 5.914000 	 5.941000 
8192 	 8 	 32 	 32 	 0.000000 	 0.000000 	 7.944000 	 7.930000 
8192 	 16 	 8 	 32 	 0.000000 	 0.000000 	 5.475000 	 4.960000 
8192 	 16 	 16 	 32 	 0.000000 	 0.000000 	 5.639000 	 5.644000 
8192 	 16 	 32 	 32 	 0.000000 	 0.000000 	 8.055000 	 7.822000 
8192 	 32 	 8 	 32 	 0.000000 	 0.000000 	 5.141000 	 4.781000 
8192 	 32 	 16 	 32 	 0.000000 	 0.000000 	 5.523000 	 5.514000 
8192 	 64 	 8 	 32 	 0.000000 	 0.000000 	 5.021000 	 4.647000 
16384 	 8 	 8 	 32 	 0.000000 	 0.000000 	 5.516000 	 5.058000 
16384 	 8 	 16 	 32 	 0.000000 	 0.000000 	 5.649000 	 5.657000 
16384 	 8 	 32 	 32 	 0.000000 	 0.000000 	 7.815000 	 7.811000 
16384 	 16 	 8 	 32 	 0.000000 	 0.000000 	 5.182000 	 4.784000 
16384 	 16 	 16 	 32 	 0.000000 	 0.000000 	 5.521000 	 5.671000 
16384 	 16 	 32 	 32 	 0.000000 	 0.000000 	 7.763000 	 7.738000 
16384 	 32 	 8 	 32 	 0.000000 	 0.000000 	 4.949000 	 4.582000 
16384 	 32 	 16 	 32 	 0.000000 	 0.000000 	 5.447000 	 5.425000 
16384 	 64 	 8 	 32 	 0.000000 	 0.000000 	 4.971000 	 4.545000 
32768 	 8 	 8 	 32 	 0.000000 	 0.000000 	 5.354000 	 4.870000 
32768 	 8 	 16 	 32 	 0.000000 	 0.000000 	 5.521000 	 5.516000 
32768 	 8 	 32 	 32 	 0.000000 	 0.000000 	 7.732000 	 7.733000 
32768 	 16 	 8 	 32 	 0.000000 	 0.000000 	 4.984000 	 4.608000 
32768 	 16 	 16 	 32 	 0.000000 	 0.000000 	 5.440000 	 5.425000 
32768 	 16 	 32 	 32 	 0.000000 	 0.000000 	 7.958000 	 7.883000 
32768 	 32 	 8 	 32 	 0.000000 	 0.000000 	 4.973000 	 4.599000 
32768 	 32 	 16 	 32 	 0.000000 	 0.000000 	 5.559000 	 5.514000 
32768 	 64 	 8 	 32 	 0.000000 	 0.000000 	 5.087000 	 4.642000 
--------------------- calling cublas ------------------------
cublas success, cublas_error: 0.000000, cublas time: 7.605000 ms
cublas success, cublas_error: 0.000000, cublas time: 7.609000 ms
cublas success, cublas_error: 0.000000, cublas time: 7.531000 ms
cublas success, cublas_error: 0.000000, cublas time: 7.593000 ms
cublas success, cublas_error: 0.000000, cublas time: 7.531000 ms
cublas success, cublas_error: 0.000000, cublas time: 7.517000 ms
cublas success, cublas_error: 0.000000, cublas time: 7.588000 ms
cublas success, cublas_error: 0.000000, cublas time: 7.573000 ms
cublas success, cublas_error: 0.000000, cublas time: 7.526000 ms
cublas success, cublas_error: 0.000000, cublas time: 7.525000 ms
