input: ../input/HV15R.rb
num_of_lines_for_m_ptr_in_row_id 252147, num_of_lines_for_m_row_id 28307346, num_of_lines_for_m_data 94357820, num_of_rows 2017169, num_of_cols 2017169, num_of_entries 283073458
matrix read
free: 12, tot: 15
V allocated 
free: 8, tot: 15
R allocated 
free: 4, tot: 15
Blocks 	 ThreadsPerBlock 	 PVL 	 LVL 	 simple_error 	 simd_error 	 simple_time 	 simd_time 
4096 	 2 	 8 	 256 	 0.000007 	 0.000007 	 1034.783000 	 1093.426000 
4096 	 2 	 16 	 256 	 0.000007 	 0.000007 	 894.416000 	 984.202000 
4096 	 2 	 32 	 256 	 0.000007 	 0.000007 	 1058.223000 	 1151.126000 
4096 	 2 	 64 	 256 	 0.000007 	 0.000007 	 1048.906000 	 1015.187000 
4096 	 2 	 128 	 256 	 0.000007 	 0.000007 	 1072.762000 	 1084.202000 
4096 	 4 	 8 	 256 	 0.000007 	 0.000007 	 845.238000 	 842.616000 
4096 	 4 	 16 	 256 	 0.000007 	 0.000007 	 874.877000 	 997.236000 
4096 	 4 	 32 	 256 	 0.000007 	 0.000007 	 1030.446000 	 1128.827000 
4096 	 4 	 64 	 256 	 0.000007 	 0.000007 	 1003.256000 	 977.104000 
4096 	 4 	 128 	 256 	 0.000007 	 0.000007 	 1029.178000 	 1032.812000 
4096 	 8 	 8 	 256 	 0.000007 	 0.000007 	 836.160000 	 834.168000 
4096 	 8 	 16 	 256 	 0.000007 	 0.000007 	 862.576000 	 942.894000 
4096 	 8 	 32 	 256 	 0.000007 	 0.000007 	 1004.305000 	 1087.654000 
4096 	 8 	 64 	 256 	 0.000007 	 0.000007 	 967.205000 	 928.172000 
4096 	 16 	 8 	 256 	 0.000007 	 0.000007 	 791.093000 	 779.253000 
4096 	 16 	 16 	 256 	 0.000007 	 0.000007 	 824.660000 	 912.827000 
4096 	 16 	 32 	 256 	 0.000007 	 0.000007 	 930.023000 	 1038.333000 
4096 	 32 	 8 	 256 	 0.000007 	 0.000007 	 733.503000 	 731.303000 
4096 	 32 	 16 	 256 	 0.000007 	 0.000007 	 790.473000 	 1015.065000 
4096 	 64 	 8 	 256 	 0.000007 	 0.000007 	 674.489000 	 668.322000 
8192 	 2 	 8 	 256 	 0.000007 	 0.000007 	 1028.831000 	 1080.394000 
8192 	 2 	 16 	 256 	 0.000007 	 0.000007 	 873.772000 	 998.074000 
8192 	 2 	 32 	 256 	 0.000007 	 0.000007 	 1026.594000 	 1113.745000 
8192 	 2 	 64 	 256 	 0.000007 	 0.000007 	 1001.388000 	 979.934000 
8192 	 2 	 128 	 256 	 0.000007 	 0.000007 	 1031.883000 	 1037.227000 
8192 	 4 	 8 	 256 	 0.000007 	 0.000007 	 840.663000 	 837.789000 
8192 	 4 	 16 	 256 	 0.000007 	 0.000007 	 865.774000 	 946.209000 
8192 	 4 	 32 	 256 	 0.000007 	 0.000007 	 1006.400000 	 1087.758000 
8192 	 4 	 64 	 256 	 0.000007 	 0.000007 	 970.059000 	 952.919000 
8192 	 4 	 128 	 256 	 0.000007 	 0.000007 	 1006.932000 	 1005.235000 
8192 	 8 	 8 	 256 	 0.000007 	 0.000007 	 797.187000 	 789.144000 
8192 	 8 	 16 	 256 	 0.000007 	 0.000007 	 831.595000 	 911.122000 
8192 	 8 	 32 	 256 	 0.000007 	 0.000007 	 971.256000 	 1037.367000 
8192 	 8 	 64 	 256 	 0.000007 	 0.000007 	 905.032000 	 836.311000 
8192 	 16 	 8 	 256 	 0.000007 	 0.000007 	 758.516000 	 737.789000 
8192 	 16 	 16 	 256 	 0.000007 	 0.000007 	 797.147000 	 881.604000 
8192 	 16 	 32 	 256 	 0.000007 	 0.000007 	 890.037000 	 986.476000 
8192 	 32 	 8 	 256 	 0.000007 	 0.000007 	 676.016000 	 670.214000 
8192 	 32 	 16 	 256 	 0.000007 	 0.000007 	 732.688000 	 984.573000 
8192 	 64 	 8 	 256 	 0.000007 	 0.000007 	 622.419000 	 618.563000 
16384 	 2 	 8 	 256 	 0.000007 	 0.000007 	 985.609000 	 1046.613000 
16384 	 2 	 16 	 256 	 0.000007 	 0.000007 	 863.924000 	 948.641000 
16384 	 2 	 32 	 256 	 0.000007 	 0.000007 	 1013.651000 	 1092.557000 
16384 	 2 	 64 	 256 	 0.000007 	 0.000007 	 972.755000 	 959.948000 
16384 	 2 	 128 	 256 	 0.000007 	 0.000007 	 1020.695000 	 1017.880000 
16384 	 4 	 8 	 256 	 0.000007 	 0.000007 	 805.513000 	 800.434000 
16384 	 4 	 16 	 256 	 0.000007 	 0.000007 	 839.624000 	 920.880000 
16384 	 4 	 32 	 256 	 0.000007 	 0.000007 	 979.839000 	 1044.070000 
16384 	 4 	 64 	 256 	 0.000007 	 0.000007 	 911.193000 	 889.602000 
16384 	 4 	 128 	 256 	 0.000007 	 0.000007 	 944.449000 	 945.909000 
16384 	 8 	 8 	 256 	 0.000007 	 0.000007 	 770.609000 	 752.893000 
16384 	 8 	 16 	 256 	 0.000007 	 0.000007 	 808.875000 	 879.774000 
16384 	 8 	 32 	 256 	 0.000007 	 0.000007 	 943.736000 	 994.106000 
16384 	 8 	 64 	 256 	 0.000007 	 0.000007 	 860.832000 	 774.444000 
16384 	 16 	 8 	 256 	 0.000007 	 0.000007 	 699.803000 	 676.271000 
16384 	 16 	 16 	 256 	 0.000007 	 0.000007 	 746.078000 	 816.212000 
16384 	 16 	 32 	 256 	 0.000007 	 0.000007 	 799.999000 	 879.575000 
16384 	 32 	 8 	 256 	 0.000007 	 0.000007 	 616.517000 	 611.999000 
16384 	 32 	 16 	 256 	 0.000007 	 0.000007 	 618.841000 	 956.585000 
16384 	 64 	 8 	 256 	 0.000007 	 0.000007 	 597.097000 	 601.035000 
32768 	 2 	 8 	 256 	 0.000007 	 0.000007 	 964.711000 	 1019.134000 
32768 	 2 	 16 	 256 	 0.000007 	 0.000007 	 840.098000 	 925.408000 
32768 	 2 	 32 	 256 	 0.000007 	 0.000007 	 992.755000 	 1056.118000 
32768 	 2 	 64 	 256 	 0.000007 	 0.000007 	 918.895000 	 902.730000 
32768 	 2 	 128 	 256 	 0.000007 	 0.000007 	 958.280000 	 958.961000 
32768 	 4 	 8 	 256 	 0.000007 	 0.000007 	 780.599000 	 767.471000 
32768 	 4 	 16 	 256 	 0.000007 	 0.000007 	 819.213000 	 888.901000 
32768 	 4 	 32 	 256 	 0.000007 	 0.000007 	 954.417000 	 1000.961000 
32768 	 4 	 64 	 256 	 0.000007 	 0.000007 	 870.966000 	 836.259000 
32768 	 4 	 128 	 256 	 0.000007 	 0.000007 	 878.334000 	 880.737000 
32768 	 8 	 8 	 256 	 0.000007 	 0.000007 	 714.335000 	 692.729000 
32768 	 8 	 16 	 256 	 0.000007 	 0.000007 	 760.977000 	 813.055000 
32768 	 8 	 32 	 256 	 0.000007 	 0.000007 	 881.588000 	 891.387000 
32768 	 8 	 64 	 256 	 0.000007 	 0.000007 	 756.135000 	 642.837000 
32768 	 16 	 8 	 256 	 0.000007 	 0.000007 	 630.982000 	 610.772000 
32768 	 16 	 16 	 256 	 0.000007 	 0.000007 	 639.274000 	 726.942000 
32768 	 16 	 32 	 256 	 0.000007 	 0.000007 	 636.961000 	 692.533000 
32768 	 32 	 8 	 256 	 0.000007 	 0.000007 	 575.530000 	 579.753000 
32768 	 32 	 16 	 256 	 0.000007 	 0.000007 	 516.195000 	 931.306000 
32768 	 64 	 8 	 256 	 0.000007 	 0.000007 	 593.064000 	 604.457000 
--------------------- calling cublas ------------------------
cublas success, cublas_error: 0.000020, cublas time: 635.262000 ms
cublas success, cublas_error: 0.000020, cublas time: 635.522000 ms
cublas success, cublas_error: 0.000020, cublas time: 635.146000 ms
cublas success, cublas_error: 0.000020, cublas time: 635.267000 ms
cublas success, cublas_error: 0.000020, cublas time: 635.183000 ms
cublas success, cublas_error: 0.000020, cublas time: 635.188000 ms
cublas success, cublas_error: 0.000020, cublas time: 635.154000 ms
cublas success, cublas_error: 0.000020, cublas time: 635.151000 ms
cublas success, cublas_error: 0.000020, cublas time: 635.137000 ms
cublas success, cublas_error: 0.000020, cublas time: 635.147000 ms
