input: ../input/sx-superuser.rb
num_of_lines_for_m_ptr_in_row_id 17645, num_of_lines_for_m_row_id 84081, num_of_lines_for_m_data 57806, num_of_rows 194085, num_of_cols 194085, num_of_entries 924886
matrix read
free: 15, tot: 15
V allocated 
free: 15, tot: 15
R allocated 
free: 14, tot: 15
Blocks 	 ThreadsPerBlock 	 PVL 	 LVL 	 simple_error 	 simd_error 	 simple_time 	 simd_time 
8192 	 1 	 1 	 256 	 0.766639 	 0.766639 	 153.768000 	 297.168000 
8192 	 1 	 2 	 256 	 0.766639 	 0.766639 	 53.635000 	 244.470000 
8192 	 1 	 4 	 256 	 0.766639 	 0.766639 	 95.149000 	 181.338000 
8192 	 1 	 8 	 256 	 0.766639 	 0.766639 	 34.082000 	 82.147000 
8192 	 1 	 16 	 256 	 0.766639 	 0.766639 	 19.957000 	 46.739000 
8192 	 1 	 32 	 256 	 0.766639 	 0.766639 	 11.960000 	 30.457000 
8192 	 1 	 64 	 256 	 0.766639 	 0.766639 	 10.567000 	 16.157000 
8192 	 1 	 128 	 256 	 0.766639 	 0.766639 	 7.357000 	 8.195000 
8192 	 1 	 256 	 256 	 0.766639 	 0.766639 	 8.238000 	 5.874000 
8192 	 2 	 1 	 256 	 0.766639 	 0.766639 	 135.110000 	 269.083000 
8192 	 2 	 2 	 256 	 0.766639 	 0.766639 	 51.455000 	 229.207000 
8192 	 2 	 4 	 256 	 0.766639 	 0.766639 	 90.409000 	 185.841000 
8192 	 2 	 8 	 256 	 0.766639 	 0.766639 	 35.688000 	 89.484000 
8192 	 2 	 16 	 256 	 0.766639 	 0.766639 	 19.964000 	 47.394000 
8192 	 2 	 32 	 256 	 0.766639 	 0.766639 	 11.868000 	 29.652000 
8192 	 2 	 64 	 256 	 0.766639 	 0.766639 	 10.797000 	 15.843000 
8192 	 2 	 128 	 256 	 0.766639 	 0.766639 	 6.937000 	 7.681000 
8192 	 2 	 256 	 256 	 0.766639 	 0.766639 	 8.016000 	 5.609000 
8192 	 4 	 1 	 256 	 0.766639 	 0.766639 	 136.298000 	 260.711000 
8192 	 4 	 2 	 256 	 0.766639 	 0.766639 	 48.532000 	 232.437000 
8192 	 4 	 4 	 256 	 0.766639 	 0.766639 	 92.326000 	 176.038000 
8192 	 4 	 8 	 256 	 0.766639 	 0.766639 	 33.407000 	 88.697000 
8192 	 4 	 16 	 256 	 0.766639 	 0.766639 	 19.507000 	 45.675000 
8192 	 4 	 32 	 256 	 0.766639 	 0.766639 	 11.536000 	 29.384000 
8192 	 4 	 64 	 256 	 0.766639 	 0.766639 	 10.699000 	 16.230000 
8192 	 4 	 128 	 256 	 0.766639 	 0.766639 	 6.775000 	 7.550000 
8192 	 8 	 1 	 256 	 0.766639 	 0.766639 	 144.510000 	 267.976000 
8192 	 8 	 2 	 256 	 0.766639 	 0.766639 	 50.463000 	 217.548000 
8192 	 8 	 4 	 256 	 0.766639 	 0.766639 	 89.576000 	 183.524000 
8192 	 8 	 8 	 256 	 0.766639 	 0.766639 	 36.816000 	 90.867000 
8192 	 8 	 16 	 256 	 0.766639 	 0.766639 	 18.631000 	 45.452000 
8192 	 8 	 32 	 256 	 0.766639 	 0.766639 	 11.689000 	 29.758000 
8192 	 8 	 64 	 256 	 0.766639 	 0.766639 	 10.968000 	 15.922000 
8192 	 16 	 1 	 256 	 0.766639 	 0.766639 	 139.303000 	 257.558000 
8192 	 16 	 2 	 256 	 0.766639 	 0.766639 	 47.090000 	 231.566000 
8192 	 16 	 4 	 256 	 0.766639 	 0.766639 	 92.991000 	 183.418000 
8192 	 16 	 8 	 256 	 0.766639 	 0.766639 	 36.735000 	 87.158000 
8192 	 16 	 16 	 256 	 0.766639 	 0.766639 	 19.041000 	 46.550000 
8192 	 16 	 32 	 256 	 0.766639 	 0.766639 	 11.661000 	 29.488000 
8192 	 32 	 1 	 256 	 0.766639 	 0.766639 	 136.984000 	 253.838000 
8192 	 32 	 2 	 256 	 0.766639 	 0.766639 	 49.668000 	 236.233000 
8192 	 32 	 4 	 256 	 0.766639 	 0.766639 	 90.153000 	 182.084000 
8192 	 32 	 8 	 256 	 0.766639 	 0.766639 	 35.171000 	 85.351000 
8192 	 32 	 16 	 256 	 0.766639 	 0.766639 	 18.429000 	 44.910000 
8192 	 64 	 1 	 256 	 0.766639 	 0.766639 	 137.765000 	 254.466000 
8192 	 64 	 2 	 256 	 0.766639 	 0.766639 	 49.007000 	 225.934000 
8192 	 64 	 4 	 256 	 0.766639 	 0.766639 	 90.098000 	 194.105000 
8192 	 64 	 8 	 256 	 0.766639 	 0.766639 	 36.234000 	 86.400000 
8192 	 128 	 1 	 256 	 0.766639 	 0.766639 	 138.633000 	 263.121000 
8192 	 128 	 2 	 256 	 0.766639 	 0.766639 	 51.134000 	 236.291000 
8192 	 128 	 4 	 256 	 Kokkos::Impl::ParallelFor< Cuda > requested too large team size.
Traceback functionality not available

0.766639 	 118738195.646519 	 97.696000 	 0.212000 
8192 	 256 	 1 	 256 	 0.766639 	 0.766639 	 146.007000 	 244.437000 
8192 	 256 	 2 	 256 	 Kokkos::Impl::ParallelFor< Cuda > requested too large team size.
Traceback functionality not available

Kokkos::Impl::ParallelFor< Cuda > requested too large team size.
Traceback functionality not available

118738195.646519 	 118738195.646519 	 0.089000 	 0.058000 
16384 	 1 	 1 	 256 	 0.766639 	 0.766639 	 138.605000 	 286.256000 
16384 	 1 	 2 	 256 	 0.766639 	 0.766639 	 50.990000 	 235.249000 
16384 	 1 	 4 	 256 	 0.766639 	 0.766639 	 90.322000 	 180.641000 
16384 	 1 	 8 	 256 	 0.766639 	 0.766639 	 36.261000 	 90.985000 
16384 	 1 	 16 	 256 	 0.766639 	 0.766639 	 18.527000 	 46.365000 
16384 	 1 	 32 	 256 	 0.766639 	 0.766639 	 11.750000 	 29.716000 
16384 	 1 	 64 	 256 	 0.766639 	 0.766639 	 11.088000 	 16.398000 
16384 	 1 	 128 	 256 	 0.766639 	 0.766639 	 7.205000 	 7.845000 
16384 	 1 	 256 	 256 	 0.766639 	 0.766639 	 8.012000 	 5.523000 
16384 	 2 	 1 	 256 	 0.766639 	 0.766639 	 138.874000 	 276.651000 
16384 	 2 	 2 	 256 	 0.766639 	 0.766639 	 47.508000 	 222.406000 
16384 	 2 	 4 	 256 	 0.766639 	 0.766639 	 88.813000 	 176.164000 
16384 	 2 	 8 	 256 	 0.766639 	 0.766639 	 35.882000 	 89.342000 
16384 	 2 	 16 	 256 	 0.766639 	 0.766639 	 19.868000 	 44.999000 
16384 	 2 	 32 	 256 	 0.766639 	 0.766639 	 11.541000 	 29.327000 
16384 	 2 	 64 	 256 	 0.766639 	 0.766639 	 10.507000 	 15.983000 
16384 	 2 	 128 	 256 	 0.766639 	 0.766639 	 6.905000 	 7.579000 
16384 	 2 	 256 	 256 	 0.766639 	 0.766639 	 7.565000 	 5.259000 
16384 	 4 	 1 	 256 	 0.766639 	 0.766639 	 146.120000 	 282.491000 
16384 	 4 	 2 	 256 	 0.766639 	 0.766639 	 52.066000 	 238.157000 
16384 	 4 	 4 	 256 	 0.766639 	 0.766639 	 93.847000 	 187.045000 
16384 	 4 	 8 	 256 	 0.766639 	 0.766639 	 35.761000 	 87.426000 
16384 	 4 	 16 	 256 	 0.766639 	 0.766639 	 19.741000 	 45.423000 
16384 	 4 	 32 	 256 	 0.766639 	 0.766639 	 11.547000 	 28.383000 
16384 	 4 	 64 	 256 	 0.766639 	 0.766639 	 10.975000 	 15.773000 
16384 	 4 	 128 	 256 	 0.766639 	 0.766639 	 7.029000 	 7.893000 
16384 	 8 	 1 	 256 	 0.766639 	 0.766639 	 142.696000 	 264.037000 
16384 	 8 	 2 	 256 	 0.766639 	 0.766639 	 49.602000 	 220.389000 
16384 	 8 	 4 	 256 	 0.766639 	 0.766639 	 89.569000 	 179.135000 
16384 	 8 	 8 	 256 	 0.766639 	 0.766639 	 33.233000 	 90.972000 
16384 	 8 	 16 	 256 	 0.766639 	 0.766639 	 20.045000 	 47.636000 
16384 	 8 	 32 	 256 	 0.766639 	 0.766639 	 11.194000 	 30.421000 
16384 	 8 	 64 	 256 	 0.766639 	 0.766639 	 10.544000 	 16.314000 
16384 	 16 	 1 	 256 	 0.766639 	 0.766639 	 139.713000 	 262.172000 
16384 	 16 	 2 	 256 	 0.766639 	 0.766639 	 48.859000 	 222.845000 
16384 	 16 	 4 	 256 	 0.766639 	 0.766639 	 89.578000 	 179.443000 
16384 	 16 	 8 	 256 	 0.766639 	 0.766639 	 34.353000 	 88.507000 
16384 	 16 	 16 	 256 	 0.766639 	 0.766639 	 18.525000 	 47.613000 
16384 	 16 	 32 	 256 	 0.766639 	 0.766639 	 11.638000 	 29.651000 
16384 	 32 	 1 	 256 	 0.766639 	 0.766639 	 136.845000 	 243.862000 
16384 	 32 	 2 	 256 	 0.766639 	 0.766639 	 48.968000 	 229.262000 
16384 	 32 	 4 	 256 	 0.766639 	 0.766639 	 91.789000 	 178.066000 
16384 	 32 	 8 	 256 	 0.766639 	 0.766639 	 34.237000 	 90.276000 
16384 	 32 	 16 	 256 	 0.766639 	 0.766639 	 20.374000 	 46.969000 
16384 	 64 	 1 	 256 	 0.766639 	 0.766639 	 136.246000 	 254.851000 
16384 	 64 	 2 	 256 	 0.766639 	 0.766639 	 50.646000 	 216.960000 
16384 	 64 	 4 	 256 	 0.766639 	 0.766639 	 94.089000 	 189.618000 
16384 	 64 	 8 	 256 	 0.766639 	 0.766639 	 33.320000 	 92.308000 
16384 	 128 	 1 	 256 	 0.766639 	 0.766639 	 141.096000 	 255.941000 
16384 	 128 	 2 	 256 	 0.766639 	 0.766639 	 51.536000 	 234.773000 
16384 	 128 	 4 	 256 	 Kokkos::Impl::ParallelFor< Cuda > requested too large team size.
Traceback functionality not available

0.766639 	 118738195.646519 	 96.522000 	 0.092000 
16384 	 256 	 1 	 256 	 0.766639 	 0.766639 	 145.394000 	 254.363000 
16384 	 256 	 2 	 256 	 Kokkos::Impl::ParallelFor< Cuda > requested too large team size.
Traceback functionality not available

Kokkos::Impl::ParallelFor< Cuda > requested too large team size.
Traceback functionality not available

118738195.646519 	 118738195.646519 	 0.053000 	 0.055000 
32768 	 1 	 1 	 256 	 0.766639 	 0.766639 	 128.911000 	 271.012000 
32768 	 1 	 2 	 256 	 0.766639 	 0.766639 	 51.515000 	 223.978000 
32768 	 1 	 4 	 256 	 0.766639 	 0.766639 	 89.472000 	 177.495000 
32768 	 1 	 8 	 256 	 0.766639 	 0.766639 	 34.369000 	 87.825000 
32768 	 1 	 16 	 256 	 0.766639 	 0.766639 	 19.931000 	 45.350000 
32768 	 1 	 32 	 256 	 0.766639 	 0.766639 	 11.111000 	 28.849000 
32768 	 1 	 64 	 256 	 0.766639 	 0.766639 	 10.669000 	 15.774000 
32768 	 1 	 128 	 256 	 0.766639 	 0.766639 	 6.972000 	 7.687000 
32768 	 1 	 256 	 256 	 0.766639 	 0.766639 	 7.516000 	 5.418000 
32768 	 2 	 1 	 256 	 0.766639 	 0.766639 	 148.443000 	 278.546000 
32768 	 2 	 2 	 256 	 0.766639 	 0.766639 	 52.768000 	 236.264000 
32768 	 2 	 4 	 256 	 0.766639 	 0.766639 	 93.202000 	 193.846000 
32768 	 2 	 8 	 256 	 0.766639 	 0.766639 	 37.261000 	 92.743000 
32768 	 2 	 16 	 256 	 0.766639 	 0.766639 	 19.594000 	 47.131000 
32768 	 2 	 32 	 256 	 0.766639 	 0.766639 	 11.563000 	 28.874000 
32768 	 2 	 64 	 256 	 0.766639 	 0.766639 	 10.859000 	 15.639000 
32768 	 2 	 128 	 256 	 0.766639 	 0.766639 	 7.186000 	 7.877000 
32768 	 2 	 256 	 256 	 0.766639 	 0.766639 	 8.196000 	 5.645000 
32768 	 4 	 1 	 256 	 0.766639 	 0.766639 	 145.232000 	 275.246000 
32768 	 4 	 2 	 256 	 0.766639 	 0.766639 	 51.036000 	 224.986000 
32768 	 4 	 4 	 256 	 0.766639 	 0.766639 	 90.388000 	 184.322000 
32768 	 4 	 8 	 256 	 0.766639 	 0.766639 	 35.329000 	 81.040000 
32768 	 4 	 16 	 256 	 0.766639 	 0.766639 	 19.408000 	 45.383000 
32768 	 4 	 32 	 256 	 0.766639 	 0.766639 	 11.410000 	 28.032000 
32768 	 4 	 64 	 256 	 0.766639 	 0.766639 	 10.417000 	 16.009000 
32768 	 4 	 128 	 256 	 0.766639 	 0.766639 	 6.849000 	 7.778000 
32768 	 8 	 1 	 256 	 0.766639 	 0.766639 	 140.685000 	 254.042000 
32768 	 8 	 2 	 256 	 0.766639 	 0.766639 	 48.977000 	 223.335000 
32768 	 8 	 4 	 256 	 0.766639 	 0.766639 	 85.373000 	 181.246000 
32768 	 8 	 8 	 256 	 0.766639 	 0.766639 	 35.373000 	 89.729000 
32768 	 8 	 16 	 256 	 0.766639 	 0.766639 	 18.467000 	 45.493000 
32768 	 8 	 32 	 256 	 0.766639 	 0.766639 	 11.449000 	 28.948000 
32768 	 8 	 64 	 256 	 0.766639 	 0.766639 	 10.487000 	 16.059000 
32768 	 16 	 1 	 256 	 0.766639 	 0.766639 	 137.776000 	 265.110000 
32768 	 16 	 2 	 256 	 0.766639 	 0.766639 	 47.563000 	 233.717000 
32768 	 16 	 4 	 256 	 0.766639 	 0.766639 	 93.486000 	 176.971000 
32768 	 16 	 8 	 256 	 0.766639 	 0.766639 	 34.212000 	 87.131000 
32768 	 16 	 16 	 256 	 0.766639 	 0.766639 	 19.200000 	 45.639000 
32768 	 16 	 32 	 256 	 0.766639 	 0.766639 	 11.750000 	 29.037000 
32768 	 32 	 1 	 256 	 0.766639 	 0.766639 	 137.219000 	 251.364000 
32768 	 32 	 2 	 256 	 0.766639 	 0.766639 	 47.663000 	 219.931000 
32768 	 32 	 4 	 256 	 0.766639 	 0.766639 	 89.205000 	 182.153000 
32768 	 32 	 8 	 256 	 0.766639 	 0.766639 	 34.771000 	 88.640000 
32768 	 32 	 16 	 256 	 0.766639 	 0.766639 	 19.630000 	 47.256000 
32768 	 64 	 1 	 256 	 0.766639 	 0.766639 	 132.888000 	 254.085000 
32768 	 64 	 2 	 256 	 0.766639 	 0.766639 	 48.262000 	 236.244000 
32768 	 64 	 4 	 256 	 0.766639 	 0.766639 	 85.539000 	 192.579000 
32768 	 64 	 8 	 256 	 0.766639 	 0.766639 	 34.924000 	 91.299000 
32768 	 128 	 1 	 256 	 0.766639 	 0.766639 	 131.118000 	 262.064000 
32768 	 128 	 2 	 256 	 0.766639 	 0.766639 	 49.741000 	 255.410000 
32768 	 128 	 4 	 256 	 Kokkos::Impl::ParallelFor< Cuda > requested too large team size.
Traceback functionality not available

0.766639 	 118738195.646519 	 97.005000 	 0.069000 
32768 	 256 	 1 	 256 	 0.766639 	 0.766639 	 145.442000 	 260.130000 
32768 	 256 	 2 	 256 	 Kokkos::Impl::ParallelFor< Cuda > requested too large team size.
Traceback functionality not available

Kokkos::Impl::ParallelFor< Cuda > requested too large team size.
Traceback functionality not available

118738195.646519 	 118738195.646519 	 0.051000 	 0.057000 
--------------------- calling cublas ------------------------
cublas success, cublas_error: 66.033173, cublas time: 16.440000 ms
