input: ../input/sx-stackoverflow.rb
num_of_lines_for_m_ptr_in_row_id 325248, num_of_lines_for_m_row_id 3623345, num_of_lines_for_m_data 2787189, num_of_rows 2601977, num_of_cols 2601977, num_of_entries 36233450
matrix read
free: 15, tot: 15
V allocated 
free: 12, tot: 15
R allocated 
free: 10, tot: 15
Blocks 	 ThreadsPerBlock 	 PVL 	 LVL 	 simple_error 	 simd_error 	 simple_time 	 simd_time 
4096 	 4 	 8 	 256 	 47.270400 	 47.270400 	 249.258000 	 341.995000 
4096 	 4 	 16 	 256 	 47.270400 	 47.270400 	 138.233000 	 192.550000 
4096 	 4 	 32 	 256 	 47.270400 	 47.270400 	 109.585000 	 150.846000 
4096 	 4 	 64 	 256 	 47.270400 	 47.270400 	 106.020000 	 113.372000 
4096 	 4 	 128 	 256 	 47.270400 	 47.270400 	 102.486000 	 104.935000 
4096 	 8 	 8 	 256 	 47.270400 	 47.270400 	 221.654000 	 317.086000 
4096 	 8 	 16 	 256 	 47.270400 	 47.270400 	 128.660000 	 171.172000 
4096 	 8 	 32 	 256 	 47.270400 	 47.270400 	 103.494000 	 138.926000 
4096 	 8 	 64 	 256 	 47.270400 	 47.270400 	 104.334000 	 113.205000 
4096 	 16 	 8 	 256 	 47.270400 	 47.270400 	 215.249000 	 310.577000 
4096 	 16 	 16 	 256 	 47.270400 	 47.270400 	 125.563000 	 170.869000 
4096 	 16 	 32 	 256 	 47.270400 	 47.270400 	 102.513000 	 137.858000 
4096 	 32 	 8 	 256 	 47.270400 	 47.270400 	 205.995000 	 340.082000 
4096 	 32 	 16 	 256 	 47.270400 	 47.270400 	 122.540000 	 180.686000 
4096 	 64 	 8 	 256 	 47.270400 	 47.270400 	 194.235000 	 438.233000 
8192 	 4 	 8 	 256 	 47.270400 	 47.270400 	 223.634000 	 313.682000 
8192 	 4 	 16 	 256 	 47.270400 	 47.270400 	 130.703000 	 169.944000 
8192 	 4 	 32 	 256 	 47.270400 	 47.270400 	 104.267000 	 140.911000 
8192 	 4 	 64 	 256 	 47.270400 	 47.270400 	 104.858000 	 112.169000 
8192 	 4 	 128 	 256 	 47.270400 	 47.270400 	 103.080000 	 105.333000 
8192 	 8 	 8 	 256 	 47.270400 	 47.270400 	 216.861000 	 296.854000 
8192 	 8 	 16 	 256 	 47.270400 	 47.270400 	 127.530000 	 168.427000 
8192 	 8 	 32 	 256 	 47.270400 	 47.270400 	 101.876000 	 137.226000 
8192 	 8 	 64 	 256 	 47.270400 	 47.270400 	 101.181000 	 106.873000 
8192 	 16 	 8 	 256 	 47.270400 	 47.270400 	 210.897000 	 312.870000 
8192 	 16 	 16 	 256 	 47.270400 	 47.270400 	 123.438000 	 165.556000 
8192 	 16 	 32 	 256 	 47.270400 	 47.270400 	 101.591000 	 137.365000 
8192 	 32 	 8 	 256 	 47.270400 	 47.270400 	 188.906000 	 313.984000 
8192 	 32 	 16 	 256 	 47.270400 	 47.270400 	 115.217000 	 164.921000 
8192 	 64 	 8 	 256 	 47.270400 	 47.270400 	 194.463000 	 415.926000 
16384 	 4 	 8 	 256 	 47.270400 	 47.270400 	 215.569000 	 296.738000 
16384 	 4 	 16 	 256 	 47.270400 	 47.270400 	 128.800000 	 166.348000 
16384 	 4 	 32 	 256 	 47.270400 	 47.270400 	 103.431000 	 137.522000 
16384 	 4 	 64 	 256 	 47.270400 	 47.270400 	 101.734000 	 107.728000 
16384 	 4 	 128 	 256 	 47.270400 	 47.270400 	 98.967000 	 100.682000 
16384 	 8 	 8 	 256 	 47.270400 	 47.270400 	 214.774000 	 298.982000 
16384 	 8 	 16 	 256 	 47.270400 	 47.270400 	 125.234000 	 162.541000 
16384 	 8 	 32 	 256 	 47.270400 	 47.270400 	 101.754000 	 133.628000 
16384 	 8 	 64 	 256 	 47.270400 	 47.270400 	 100.941000 	 106.523000 
16384 	 16 	 8 	 256 	 47.270400 	 47.270400 	 198.475000 	 282.049000 
16384 	 16 	 16 	 256 	 47.270400 	 47.270400 	 120.100000 	 151.131000 
16384 	 16 	 32 	 256 	 47.270400 	 47.270400 	 95.940000 	 127.775000 
16384 	 32 	 8 	 256 	 47.270400 	 47.270400 	 197.038000 	 317.954000 
16384 	 32 	 16 	 256 	 47.270400 	 47.270400 	 118.177000 	 171.762000 
16384 	 64 	 8 	 256 	 47.270400 	 47.270400 	 208.321000 	 490.773000 
32768 	 4 	 8 	 256 	 47.270400 	 47.270400 	 216.990000 	 295.053000 
32768 	 4 	 16 	 256 	 47.270400 	 47.270400 	 126.141000 	 160.988000 
32768 	 4 	 32 	 256 	 47.270400 	 47.270400 	 101.995000 	 131.762000 
32768 	 4 	 64 	 256 	 47.270400 	 47.270400 	 101.084000 	 105.905000 
32768 	 4 	 128 	 256 	 47.270400 	 47.270400 	 98.982000 	 100.770000 
32768 	 8 	 8 	 256 	 47.270400 	 47.270400 	 202.633000 	 268.991000 
32768 	 8 	 16 	 256 	 47.270400 	 47.270400 	 122.136000 	 152.441000 
32768 	 8 	 32 	 256 	 47.270400 	 47.270400 	 97.695000 	 129.262000 
32768 	 8 	 64 	 256 	 47.270400 	 47.270400 	 95.062000 	 100.753000 
32768 	 16 	 8 	 256 	 47.270400 	 47.270400 	 203.763000 	 291.450000 
32768 	 16 	 16 	 256 	 47.270400 	 47.270400 	 120.833000 	 155.627000 
32768 	 16 	 32 	 256 	 47.270400 	 47.270400 	 96.579000 	 130.024000 
32768 	 32 	 8 	 256 	 47.270400 	 47.270400 	 205.927000 	 353.849000 
32768 	 32 	 16 	 256 	 47.270400 	 47.270400 	 122.070000 	 185.660000 
32768 	 64 	 8 	 256 	 47.270400 	 47.270400 	 190.023000 	 442.303000 
--------------------- calling cublas ------------------------
cublas success, cublas_error: 1217.026004, cublas time: 1605.098000 ms
cublas success, cublas_error: 1217.026004, cublas time: 1605.103000 ms
cublas success, cublas_error: 1217.026004, cublas time: 1605.075000 ms
cublas success, cublas_error: 1217.026004, cublas time: 1605.110000 ms
cublas success, cublas_error: 1217.026004, cublas time: 1605.108000 ms
cublas success, cublas_error: 1217.026004, cublas time: 1605.157000 ms
cublas success, cublas_error: 1217.026004, cublas time: 1605.082000 ms
cublas success, cublas_error: 1217.026004, cublas time: 1605.072000 ms
cublas success, cublas_error: 1217.026004, cublas time: 1605.097000 ms
cublas success, cublas_error: 1217.026004, cublas time: 1605.024000 ms
input: ../input/atmosmodm.rb
num_of_lines_for_m_ptr_in_row_id 186220, num_of_lines_for_m_row_id 1031976, num_of_lines_for_m_data 1289970, num_of_rows 1489752, num_of_cols 1489752, num_of_entries 10319760
matrix read
free: 15, tot: 15
V allocated 
free: 14, tot: 15
R allocated 
free: 12, tot: 15
Blocks 	 ThreadsPerBlock 	 PVL 	 LVL 	 simple_error 	 simd_error 	 simple_time 	 simd_time 
4096 	 4 	 8 	 256 	 16285553.679091 	 16285553.679091 	 38.533000 	 34.677000 
4096 	 4 	 16 	 256 	 16285553.679091 	 16285553.679091 	 24.830000 	 24.470000 
4096 	 4 	 32 	 256 	 16285553.679091 	 16285553.679091 	 23.414000 	 21.580000 
4096 	 4 	 64 	 256 	 16285553.679091 	 16285553.679091 	 23.037000 	 22.569000 
4096 	 4 	 128 	 256 	 16285553.679091 	 16285553.679091 	 25.240000 	 25.607000 
4096 	 8 	 8 	 256 	 16285553.679091 	 16285553.679091 	 33.912000 	 29.938000 
4096 	 8 	 16 	 256 	 16285553.679091 	 16285553.679091 	 23.352000 	 22.332000 
4096 	 8 	 32 	 256 	 16285553.679091 	 16285553.679091 	 22.156000 	 20.197000 
4096 	 8 	 64 	 256 	 16285553.679091 	 16285553.679091 	 22.333000 	 21.965000 
4096 	 16 	 8 	 256 	 16285553.679091 	 16285553.679091 	 31.492000 	 28.146000 
4096 	 16 	 16 	 256 	 16285553.679091 	 16285553.679091 	 22.328000 	 20.453000 
4096 	 16 	 32 	 256 	 16285553.679091 	 16285553.679091 	 21.389000 	 19.538000 
4096 	 32 	 8 	 256 	 16285553.679091 	 16285553.679091 	 28.598000 	 26.450000 
4096 	 32 	 16 	 256 	 16285553.679091 	 16285553.679091 	 19.064000 	 18.671000 
4096 	 64 	 8 	 256 	 16285553.679091 	 16285553.679091 	 26.686000 	 23.620000 
8192 	 4 	 8 	 256 	 16285553.679091 	 16285553.679091 	 33.632000 	 30.218000 
8192 	 4 	 16 	 256 	 16285553.679091 	 16285553.679091 	 23.462000 	 22.679000 
8192 	 4 	 32 	 256 	 16285553.679091 	 16285553.679091 	 22.364000 	 20.045000 
8192 	 4 	 64 	 256 	 16285553.679091 	 16285553.679091 	 22.187000 	 21.839000 
8192 	 4 	 128 	 256 	 16285553.679091 	 16285553.679091 	 24.797000 	 25.146000 
8192 	 8 	 8 	 256 	 16285553.679091 	 16285553.679091 	 31.113000 	 28.112000 
8192 	 8 	 16 	 256 	 16285553.679091 	 16285553.679091 	 21.957000 	 20.647000 
8192 	 8 	 32 	 256 	 16285553.679091 	 16285553.679091 	 21.521000 	 19.444000 
8192 	 8 	 64 	 256 	 16285553.679091 	 16285553.679091 	 21.695000 	 21.036000 
8192 	 16 	 8 	 256 	 16285553.679091 	 16285553.679091 	 29.229000 	 26.153000 
8192 	 16 	 16 	 256 	 16285553.679091 	 16285553.679091 	 20.622000 	 18.569000 
8192 	 16 	 32 	 256 	 16285553.679091 	 16285553.679091 	 20.177000 	 17.731000 
8192 	 32 	 8 	 256 	 16285553.679091 	 16285553.679091 	 26.975000 	 23.989000 
8192 	 32 	 16 	 256 	 16285553.679091 	 16285553.679091 	 16.362000 	 16.377000 
8192 	 64 	 8 	 256 	 16285553.679091 	 16285553.679091 	 26.083000 	 21.670000 
16384 	 4 	 8 	 256 	 16285553.679091 	 16285553.679091 	 31.288000 	 28.199000 
16384 	 4 	 16 	 256 	 16285553.679091 	 16285553.679091 	 22.322000 	 20.978000 
16384 	 4 	 32 	 256 	 16285553.679091 	 16285553.679091 	 21.534000 	 19.697000 
16384 	 4 	 64 	 256 	 16285553.679091 	 16285553.679091 	 21.653000 	 20.868000 
16384 	 4 	 128 	 256 	 16285553.679091 	 16285553.679091 	 24.158000 	 25.084000 
16384 	 8 	 8 	 256 	 16285553.679091 	 16285553.679091 	 29.240000 	 25.610000 
16384 	 8 	 16 	 256 	 16285553.679091 	 16285553.679091 	 20.441000 	 19.033000 
16384 	 8 	 32 	 256 	 16285553.679091 	 16285553.679091 	 19.882000 	 17.737000 
16384 	 8 	 64 	 256 	 16285553.679091 	 16285553.679091 	 21.085000 	 20.155000 
16384 	 16 	 8 	 256 	 16285553.679091 	 16285553.679091 	 27.410000 	 24.223000 
16384 	 16 	 16 	 256 	 16285553.679091 	 16285553.679091 	 18.689000 	 16.412000 
16384 	 16 	 32 	 256 	 16285553.679091 	 16285553.679091 	 17.277000 	 15.829000 
16384 	 32 	 8 	 256 	 16285553.679091 	 16285553.679091 	 26.258000 	 22.260000 
16384 	 32 	 16 	 256 	 16285553.679091 	 16285553.679091 	 15.040000 	 15.304000 
16384 	 64 	 8 	 256 	 16285553.679091 	 16285553.679091 	 26.301000 	 20.635000 
32768 	 4 	 8 	 256 	 16285553.679091 	 16285553.679091 	 29.152000 	 25.614000 
32768 	 4 	 16 	 256 	 16285553.679091 	 16285553.679091 	 21.671000 	 19.192000 
32768 	 4 	 32 	 256 	 16285553.679091 	 16285553.679091 	 20.459000 	 17.582000 
32768 	 4 	 64 	 256 	 16285553.679091 	 16285553.679091 	 20.507000 	 19.583000 
32768 	 4 	 128 	 256 	 16285553.679091 	 16285553.679091 	 22.576000 	 23.483000 
32768 	 8 	 8 	 256 	 16285553.679091 	 16285553.679091 	 27.081000 	 24.612000 
32768 	 8 	 16 	 256 	 16285553.679091 	 16285553.679091 	 18.547000 	 16.810000 
32768 	 8 	 32 	 256 	 16285553.679091 	 16285553.679091 	 17.080000 	 16.049000 
32768 	 8 	 64 	 256 	 16285553.679091 	 16285553.679091 	 18.419000 	 18.396000 
32768 	 16 	 8 	 256 	 16285553.679091 	 16285553.679091 	 26.521000 	 23.240000 
32768 	 16 	 16 	 256 	 16285553.679091 	 16285553.679091 	 17.787000 	 15.328000 
32768 	 16 	 32 	 256 	 16285553.679091 	 16285553.679091 	 15.887000 	 15.147000 
32768 	 32 	 8 	 256 	 16285553.679091 	 16285553.679091 	 26.397000 	 21.633000 
32768 	 32 	 16 	 256 	 16285553.679091 	 16285553.679091 	 15.083000 	 14.760000 
32768 	 64 	 8 	 256 	 16285553.679091 	 16285553.679091 	 26.517000 	 20.438000 
--------------------- calling cublas ------------------------
cublas success, cublas_error: 20104397.657726, cublas time: 30.808000 ms
cublas success, cublas_error: 20104397.657726, cublas time: 30.728000 ms
cublas success, cublas_error: 20104397.657726, cublas time: 33.613000 ms
cublas success, cublas_error: 20104397.657726, cublas time: 32.269000 ms
cublas success, cublas_error: 20104397.657726, cublas time: 31.959000 ms
cublas success, cublas_error: 20104397.657726, cublas time: 31.962000 ms
cublas success, cublas_error: 20104397.657726, cublas time: 30.734000 ms
cublas success, cublas_error: 20104397.657726, cublas time: 30.724000 ms
cublas success, cublas_error: 20104397.657726, cublas time: 30.719000 ms
cublas success, cublas_error: 20104397.657726, cublas time: 30.739000 ms
input: ../input/t2em.rb
num_of_lines_for_m_ptr_in_row_id 92164, num_of_lines_for_m_row_id 417349, num_of_lines_for_m_data 176571, num_of_rows 921632, num_of_cols 921632, num_of_entries 4590832
matrix read
free: 15, tot: 15
V allocated 
free: 14, tot: 15
R allocated 
free: 13, tot: 15
Blocks 	 ThreadsPerBlock 	 PVL 	 LVL 	 simple_error 	 simd_error 	 simple_time 	 simd_time 
4096 	 4 	 8 	 256 	 0.000000 	 0.000000 	 15.325000 	 13.271000 
4096 	 4 	 16 	 256 	 0.000000 	 0.000000 	 10.663000 	 10.647000 
4096 	 4 	 32 	 256 	 0.000000 	 0.000000 	 10.152000 	 9.588000 
4096 	 4 	 64 	 256 	 0.000000 	 0.000000 	 9.974000 	 9.554000 
4096 	 4 	 128 	 256 	 0.000000 	 0.000000 	 11.317000 	 11.568000 
4096 	 8 	 8 	 256 	 0.000000 	 0.000000 	 13.326000 	 12.324000 
4096 	 8 	 16 	 256 	 0.000000 	 0.000000 	 10.130000 	 10.125000 
4096 	 8 	 32 	 256 	 0.000000 	 0.000000 	 9.463000 	 9.069000 
4096 	 8 	 64 	 256 	 0.000000 	 0.000000 	 9.534000 	 9.254000 
4096 	 16 	 8 	 256 	 0.000000 	 0.000000 	 12.526000 	 11.176000 
4096 	 16 	 16 	 256 	 0.000000 	 0.000000 	 9.697000 	 9.267000 
4096 	 16 	 32 	 256 	 0.000000 	 0.000000 	 9.063000 	 8.705000 
4096 	 32 	 8 	 256 	 0.000000 	 0.000000 	 12.104000 	 12.122000 
4096 	 32 	 16 	 256 	 0.000000 	 0.000000 	 8.604000 	 8.624000 
4096 	 64 	 8 	 256 	 0.000000 	 0.000000 	 10.957000 	 10.811000 
8192 	 4 	 8 	 256 	 0.000000 	 0.000000 	 13.087000 	 12.023000 
8192 	 4 	 16 	 256 	 0.000000 	 0.000000 	 10.266000 	 10.171000 
8192 	 4 	 32 	 256 	 0.000000 	 0.000000 	 9.668000 	 9.140000 
8192 	 4 	 64 	 256 	 0.000000 	 0.000000 	 9.567000 	 9.252000 
8192 	 4 	 128 	 256 	 0.000000 	 0.000000 	 11.065000 	 11.222000 
8192 	 8 	 8 	 256 	 0.000000 	 0.000000 	 12.200000 	 11.526000 
8192 	 8 	 16 	 256 	 0.000000 	 0.000000 	 9.698000 	 9.581000 
8192 	 8 	 32 	 256 	 0.000000 	 0.000000 	 9.101000 	 8.669000 
8192 	 8 	 64 	 256 	 0.000000 	 0.000000 	 9.251000 	 9.134000 
8192 	 16 	 8 	 256 	 0.000000 	 0.000000 	 11.880000 	 11.044000 
8192 	 16 	 16 	 256 	 0.000000 	 0.000000 	 9.080000 	 8.529000 
8192 	 16 	 32 	 256 	 0.000000 	 0.000000 	 8.638000 	 7.993000 
8192 	 32 	 8 	 256 	 0.000000 	 0.000000 	 11.020000 	 11.171000 
8192 	 32 	 16 	 256 	 0.000000 	 0.000000 	 7.619000 	 7.722000 
8192 	 64 	 8 	 256 	 0.000000 	 0.000000 	 10.214000 	 9.354000 
16384 	 4 	 8 	 256 	 0.000000 	 0.000000 	 12.044000 	 11.222000 
16384 	 4 	 16 	 256 	 0.000000 	 0.000000 	 10.035000 	 9.577000 
16384 	 4 	 32 	 256 	 0.000000 	 0.000000 	 9.284000 	 8.702000 
16384 	 4 	 64 	 256 	 0.000000 	 0.000000 	 9.245000 	 9.176000 
16384 	 4 	 128 	 256 	 0.000000 	 0.000000 	 11.069000 	 11.148000 
16384 	 8 	 8 	 256 	 0.000000 	 0.000000 	 11.716000 	 11.073000 
16384 	 8 	 16 	 256 	 0.000000 	 0.000000 	 9.305000 	 8.885000 
16384 	 8 	 32 	 256 	 0.000000 	 0.000000 	 8.815000 	 8.038000 
16384 	 8 	 64 	 256 	 0.000000 	 0.000000 	 8.810000 	 8.840000 
16384 	 16 	 8 	 256 	 0.000000 	 0.000000 	 10.979000 	 10.806000 
16384 	 16 	 16 	 256 	 0.000000 	 0.000000 	 8.298000 	 7.715000 
16384 	 16 	 32 	 256 	 0.000000 	 0.000000 	 7.927000 	 7.376000 
16384 	 32 	 8 	 256 	 0.000000 	 0.000000 	 10.224000 	 9.586000 
16384 	 32 	 16 	 256 	 0.000000 	 0.000000 	 5.963000 	 6.009000 
16384 	 64 	 8 	 256 	 0.000000 	 0.000000 	 10.472000 	 8.683000 
32768 	 4 	 8 	 256 	 0.000000 	 0.000000 	 11.527000 	 11.089000 
32768 	 4 	 16 	 256 	 0.000000 	 0.000000 	 9.623000 	 8.993000 
32768 	 4 	 32 	 256 	 0.000000 	 0.000000 	 8.993000 	 8.252000 
32768 	 4 	 64 	 256 	 0.000000 	 0.000000 	 9.107000 	 8.982000 
32768 	 4 	 128 	 256 	 0.000000 	 0.000000 	 10.982000 	 11.058000 
32768 	 8 	 8 	 256 	 0.000000 	 0.000000 	 10.813000 	 10.564000 
32768 	 8 	 16 	 256 	 0.000000 	 0.000000 	 8.390000 	 7.902000 
32768 	 8 	 32 	 256 	 0.000000 	 0.000000 	 8.033000 	 7.494000 
32768 	 8 	 64 	 256 	 0.000000 	 0.000000 	 8.301000 	 8.422000 
32768 	 16 	 8 	 256 	 0.000000 	 0.000000 	 10.260000 	 9.760000 
32768 	 16 	 16 	 256 	 0.000000 	 0.000000 	 6.311000 	 6.183000 
32768 	 16 	 32 	 256 	 0.000000 	 0.000000 	 6.832000 	 6.343000 
32768 	 32 	 8 	 256 	 0.000000 	 0.000000 	 10.560000 	 8.817000 
32768 	 32 	 16 	 256 	 0.000000 	 0.000000 	 5.066000 	 5.134000 
32768 	 64 	 8 	 256 	 0.000000 	 0.000000 	 10.572000 	 8.944000 
--------------------- calling cublas ------------------------
cublas success, cublas_error: 0.011157, cublas time: 17.569000 ms
cublas success, cublas_error: 0.011157, cublas time: 17.519000 ms
cublas success, cublas_error: 0.011157, cublas time: 17.498000 ms
cublas success, cublas_error: 0.011157, cublas time: 18.795000 ms
cublas success, cublas_error: 0.011157, cublas time: 18.771000 ms
cublas success, cublas_error: 0.011157, cublas time: 18.804000 ms
cublas success, cublas_error: 0.011157, cublas time: 18.776000 ms
cublas success, cublas_error: 0.011157, cublas time: 18.798000 ms
cublas success, cublas_error: 0.011157, cublas time: 18.785000 ms
cublas success, cublas_error: 0.011157, cublas time: 18.821000 ms
input: ../input/wiki-talk-temporal.rb
num_of_lines_for_m_ptr_in_row_id 114015, num_of_lines_for_m_row_id 330960, num_of_lines_for_m_data 254584, num_of_rows 1140149, num_of_cols 1140149, num_of_entries 3309592
matrix read
free: 15, tot: 15
V allocated 
free: 14, tot: 15
R allocated 
free: 13, tot: 15
Blocks 	 ThreadsPerBlock 	 PVL 	 LVL 	 simple_error 	 simd_error 	 simple_time 	 simd_time 
4096 	 4 	 8 	 256 	 1.858331 	 1.858331 	 287.021000 	 612.833000 
4096 	 4 	 16 	 256 	 1.858331 	 1.858331 	 137.676000 	 337.327000 
4096 	 4 	 32 	 256 	 1.858331 	 1.858331 	 104.320000 	 257.213000 
4096 	 4 	 64 	 256 	 1.858331 	 1.858331 	 93.532000 	 127.352000 
4096 	 4 	 128 	 256 	 1.858331 	 1.858331 	 51.953000 	 64.092000 
4096 	 8 	 8 	 256 	 1.858331 	 1.858331 	 287.450000 	 612.793000 
4096 	 8 	 16 	 256 	 1.858331 	 1.858331 	 136.591000 	 337.644000 
4096 	 8 	 32 	 256 	 1.858331 	 1.858331 	 104.154000 	 257.034000 
4096 	 8 	 64 	 256 	 1.858331 	 1.858331 	 93.223000 	 128.208000 
4096 	 16 	 8 	 256 	 1.858331 	 1.858331 	 294.802000 	 625.308000 
4096 	 16 	 16 	 256 	 1.858331 	 1.858331 	 142.052000 	 345.551000 
4096 	 16 	 32 	 256 	 1.858331 	 1.858331 	 107.824000 	 265.155000 
4096 	 32 	 8 	 256 	 1.858331 	 1.858331 	 288.409000 	 615.043000 
4096 	 32 	 16 	 256 	 1.858331 	 1.858331 	 138.546000 	 339.219000 
4096 	 64 	 8 	 256 	 1.858331 	 1.858331 	 283.968000 	 611.236000 
8192 	 4 	 8 	 256 	 1.858331 	 1.858331 	 287.062000 	 612.414000 
8192 	 4 	 16 	 256 	 1.858331 	 1.858331 	 137.134000 	 337.036000 
8192 	 4 	 32 	 256 	 1.858331 	 1.858331 	 104.149000 	 256.881000 
8192 	 4 	 64 	 256 	 1.858331 	 1.858331 	 93.736000 	 127.179000 
8192 	 4 	 128 	 256 	 1.858331 	 1.858331 	 52.195000 	 64.768000 
8192 	 8 	 8 	 256 	 1.858331 	 1.858331 	 286.590000 	 612.454000 
8192 	 8 	 16 	 256 	 1.858331 	 1.858331 	 136.644000 	 337.998000 
8192 	 8 	 32 	 256 	 1.858331 	 1.858331 	 104.087000 	 256.960000 
8192 	 8 	 64 	 256 	 1.858331 	 1.858331 	 93.979000 	 126.967000 
8192 	 16 	 8 	 256 	 1.858331 	 1.858331 	 294.875000 	 624.926000 
8192 	 16 	 16 	 256 	 1.858331 	 1.858331 	 142.055000 	 345.778000 
8192 	 16 	 32 	 256 	 1.858331 	 1.858331 	 107.574000 	 265.223000 
8192 	 32 	 8 	 256 	 1.858331 	 1.858331 	 288.340000 	 614.787000 
8192 	 32 	 16 	 256 	 1.858331 	 1.858331 	 138.848000 	 339.312000 
8192 	 64 	 8 	 256 	 1.858331 	 1.858331 	 283.788000 	 611.450000 
16384 	 4 	 8 	 256 	 1.858331 	 1.858331 	 286.840000 	 611.382000 
16384 	 4 	 16 	 256 	 1.858331 	 1.858331 	 137.299000 	 336.950000 
16384 	 4 	 32 	 256 	 1.858331 	 1.858331 	 105.141000 	 258.899000 
16384 	 4 	 64 	 256 	 1.858331 	 1.858331 	 93.265000 	 127.242000 
16384 	 4 	 128 	 256 	 1.858331 	 1.858331 	 52.450000 	 64.786000 
16384 	 8 	 8 	 256 	 1.858331 	 1.858331 	 287.209000 	 612.083000 
16384 	 8 	 16 	 256 	 1.858331 	 1.858331 	 136.402000 	 340.006000 
16384 	 8 	 32 	 256 	 1.858331 	 1.858331 	 104.072000 	 256.780000 
16384 	 8 	 64 	 256 	 1.858331 	 1.858331 	 92.934000 	 126.881000 
16384 	 16 	 8 	 256 	 1.858331 	 1.858331 	 294.634000 	 624.847000 
16384 	 16 	 16 	 256 	 1.858331 	 1.858331 	 142.207000 	 345.501000 
16384 	 16 	 32 	 256 	 1.858331 	 1.858331 	 107.475000 	 264.753000 
16384 	 32 	 8 	 256 	 1.858331 	 1.858331 	 288.162000 	 614.957000 
16384 	 32 	 16 	 256 	 1.858331 	 1.858331 	 138.142000 	 338.870000 
16384 	 64 	 8 	 256 	 1.858331 	 1.858331 	 284.301000 	 611.414000 
32768 	 4 	 8 	 256 	 1.858331 	 1.858331 	 286.180000 	 611.283000 
32768 	 4 	 16 	 256 	 1.858331 	 1.858331 	 137.172000 	 336.868000 
32768 	 4 	 32 	 256 	 1.858331 	 1.858331 	 104.044000 	 256.976000 
32768 	 4 	 64 	 256 	 1.858331 	 1.858331 	 93.225000 	 126.908000 
32768 	 4 	 128 	 256 	 1.858331 	 1.858331 	 52.760000 	 62.846000 
32768 	 8 	 8 	 256 	 1.858331 	 1.858331 	 287.146000 	 611.824000 
32768 	 8 	 16 	 256 	 1.858331 	 1.858331 	 136.102000 	 337.352000 
32768 	 8 	 32 	 256 	 1.858331 	 1.858331 	 103.941000 	 257.136000 
32768 	 8 	 64 	 256 	 1.858331 	 1.858331 	 93.422000 	 126.725000 
32768 	 16 	 8 	 256 	 1.858331 	 1.858331 	 294.540000 	 624.553000 
32768 	 16 	 16 	 256 	 1.858331 	 1.858331 	 141.747000 	 345.387000 
32768 	 16 	 32 	 256 	 1.858331 	 1.858331 	 107.234000 	 264.562000 
32768 	 32 	 8 	 256 	 1.858331 	 1.858331 	 288.615000 	 614.795000 
32768 	 32 	 16 	 256 	 1.858331 	 1.858331 	 138.102000 	 338.832000 
32768 	 64 	 8 	 256 	 1.858331 	 1.858331 	 284.020000 	 611.360000 
--------------------- calling cublas ------------------------
cublas success, cublas_error: 820.367078, cublas time: 89.345000 ms
cublas success, cublas_error: 820.367078, cublas time: 89.351000 ms
cublas success, cublas_error: 820.367078, cublas time: 89.235000 ms
cublas success, cublas_error: 820.367078, cublas time: 90.390000 ms
cublas success, cublas_error: 820.367078, cublas time: 89.618000 ms
cublas success, cublas_error: 820.367078, cublas time: 90.106000 ms
cublas success, cublas_error: 820.367078, cublas time: 89.710000 ms
cublas success, cublas_error: 820.367078, cublas time: 89.394000 ms
cublas success, cublas_error: 820.367078, cublas time: 89.681000 ms
cublas success, cublas_error: 820.367078, cublas time: 89.477000 ms
input: ../input/mc2depi.rb
num_of_lines_for_m_ptr_in_row_id 52583, num_of_lines_for_m_row_id 190930, num_of_lines_for_m_data 161556, num_of_rows 525825, num_of_cols 525825, num_of_entries 2100225
matrix read
free: 15, tot: 15
V allocated 
free: 15, tot: 15
R allocated 
free: 14, tot: 15
Blocks 	 ThreadsPerBlock 	 PVL 	 LVL 	 simple_error 	 simd_error 	 simple_time 	 simd_time 
4096 	 4 	 8 	 256 	 6159.137810 	 6159.137810 	 7.007000 	 5.898000 
4096 	 4 	 16 	 256 	 6159.137810 	 6159.137810 	 4.701000 	 4.457000 
4096 	 4 	 32 	 256 	 6159.137810 	 6159.137810 	 4.442000 	 3.999000 
4096 	 4 	 64 	 256 	 6159.137810 	 6159.137810 	 4.543000 	 4.171000 
4096 	 4 	 128 	 256 	 6159.137810 	 6159.137810 	 5.652000 	 5.913000 
4096 	 8 	 8 	 256 	 6159.137810 	 6159.137810 	 5.968000 	 5.430000 
4096 	 8 	 16 	 256 	 6159.137810 	 6159.137810 	 4.328000 	 4.040000 
4096 	 8 	 32 	 256 	 6159.137810 	 6159.137810 	 4.308000 	 3.739000 
4096 	 8 	 64 	 256 	 6159.137810 	 6159.137810 	 4.456000 	 4.030000 
4096 	 16 	 8 	 256 	 6159.137810 	 6159.137810 	 5.640000 	 5.207000 
4096 	 16 	 16 	 256 	 6159.137810 	 6159.137810 	 4.030000 	 3.665000 
4096 	 16 	 32 	 256 	 6159.137810 	 6159.137810 	 4.033000 	 3.555000 
4096 	 32 	 8 	 256 	 6159.137810 	 6159.137810 	 5.066000 	 5.037000 
4096 	 32 	 16 	 256 	 6159.137810 	 6159.137810 	 3.167000 	 3.254000 
4096 	 64 	 8 	 256 	 6159.137810 	 6159.137810 	 5.172000 	 4.648000 
8192 	 4 	 8 	 256 	 6159.137810 	 6159.137810 	 5.965000 	 5.378000 
8192 	 4 	 16 	 256 	 6159.137810 	 6159.137810 	 4.414000 	 3.889000 
8192 	 4 	 32 	 256 	 6159.137810 	 6159.137810 	 4.359000 	 3.753000 
8192 	 4 	 64 	 256 	 6159.137810 	 6159.137810 	 4.543000 	 4.076000 
8192 	 4 	 128 	 256 	 6159.137810 	 6159.137810 	 5.494000 	 5.688000 
8192 	 8 	 8 	 256 	 6159.137810 	 6159.137810 	 5.587000 	 5.211000 
8192 	 8 	 16 	 256 	 6159.137810 	 6159.137810 	 4.048000 	 3.641000 
8192 	 8 	 32 	 256 	 6159.137810 	 6159.137810 	 4.081000 	 3.611000 
8192 	 8 	 64 	 256 	 6159.137810 	 6159.137810 	 4.235000 	 3.966000 
8192 	 16 	 8 	 256 	 6159.137810 	 6159.137810 	 5.067000 	 4.916000 
8192 	 16 	 16 	 256 	 6159.137810 	 6159.137810 	 3.425000 	 3.284000 
8192 	 16 	 32 	 256 	 6159.137810 	 6159.137810 	 3.533000 	 3.340000 
8192 	 32 	 8 	 256 	 6159.137810 	 6159.137810 	 5.228000 	 4.728000 
8192 	 32 	 16 	 256 	 6159.137810 	 6159.137810 	 2.868000 	 2.909000 
8192 	 64 	 8 	 256 	 6159.137810 	 6159.137810 	 5.695000 	 4.780000 
16384 	 4 	 8 	 256 	 6159.137810 	 6159.137810 	 5.503000 	 5.239000 
16384 	 4 	 16 	 256 	 6159.137810 	 6159.137810 	 4.183000 	 3.637000 
16384 	 4 	 32 	 256 	 6159.137810 	 6159.137810 	 4.285000 	 3.577000 
16384 	 4 	 64 	 256 	 6159.137810 	 6159.137810 	 4.458000 	 4.189000 
16384 	 4 	 128 	 256 	 6159.137810 	 6159.137810 	 5.591000 	 5.635000 
16384 	 8 	 8 	 256 	 6159.137810 	 6159.137810 	 5.091000 	 4.717000 
16384 	 8 	 16 	 256 	 6159.137810 	 6159.137810 	 3.345000 	 3.169000 
16384 	 8 	 32 	 256 	 6159.137810 	 6159.137810 	 3.546000 	 3.382000 
16384 	 8 	 64 	 256 	 6159.137810 	 6159.137810 	 3.940000 	 4.019000 
16384 	 16 	 8 	 256 	 6159.137810 	 6159.137810 	 5.260000 	 4.622000 
16384 	 16 	 16 	 256 	 6159.137810 	 6159.137810 	 3.170000 	 2.910000 
16384 	 16 	 32 	 256 	 6159.137810 	 6159.137810 	 3.049000 	 3.005000 
16384 	 32 	 8 	 256 	 6159.137810 	 6159.137810 	 5.722000 	 4.622000 
16384 	 32 	 16 	 256 	 6159.137810 	 6159.137810 	 2.875000 	 2.836000 
16384 	 64 	 8 	 256 	 6159.137810 	 6159.137810 	 5.718000 	 4.888000 
32768 	 4 	 8 	 256 	 6159.137810 	 6159.137810 	 5.178000 	 4.925000 
32768 	 4 	 16 	 256 	 6159.137810 	 6159.137810 	 3.304000 	 3.145000 
32768 	 4 	 32 	 256 	 6159.137810 	 6159.137810 	 3.542000 	 3.363000 
32768 	 4 	 64 	 256 	 6159.137810 	 6159.137810 	 3.967000 	 4.008000 
32768 	 4 	 128 	 256 	 6159.137810 	 6159.137810 	 5.222000 	 5.264000 
32768 	 8 	 8 	 256 	 6159.137810 	 6159.137810 	 5.276000 	 4.818000 
32768 	 8 	 16 	 256 	 6159.137810 	 6159.137810 	 3.184000 	 2.992000 
32768 	 8 	 32 	 256 	 6159.137810 	 6159.137810 	 3.043000 	 3.003000 
32768 	 8 	 64 	 256 	 6159.137810 	 6159.137810 	 3.436000 	 3.418000 
32768 	 16 	 8 	 256 	 6159.137810 	 6159.137810 	 5.746000 	 5.002000 
32768 	 16 	 16 	 256 	 6159.137810 	 6159.137810 	 3.245000 	 2.847000 
32768 	 16 	 32 	 256 	 6159.137810 	 6159.137810 	 2.892000 	 2.755000 
32768 	 32 	 8 	 256 	 6159.137810 	 6159.137810 	 5.758000 	 4.721000 
32768 	 32 	 16 	 256 	 6159.137810 	 6159.137810 	 2.994000 	 2.964000 
32768 	 64 	 8 	 256 	 6159.137810 	 6159.137810 	 5.854000 	 5.155000 
--------------------- calling cublas ------------------------
cublas success, cublas_error: 6163.342494, cublas time: 8.138000 ms
cublas success, cublas_error: 6163.342494, cublas time: 8.087000 ms
cublas success, cublas_error: 6163.342494, cublas time: 8.089000 ms
cublas success, cublas_error: 6163.342494, cublas time: 8.078000 ms
cublas success, cublas_error: 6163.342494, cublas time: 8.116000 ms
cublas success, cublas_error: 6163.342494, cublas time: 8.759000 ms
cublas success, cublas_error: 6163.342494, cublas time: 9.102000 ms
cublas success, cublas_error: 6163.342494, cublas time: 8.702000 ms
cublas success, cublas_error: 6163.342494, cublas time: 8.687000 ms
cublas success, cublas_error: 6163.342494, cublas time: 8.686000 ms
input: ../input/Linux_call_graph.rb
num_of_lines_for_m_ptr_in_row_id 32409, num_of_lines_for_m_row_id 109901, num_of_lines_for_m_data 46497, num_of_rows 324085, num_of_cols 324085, num_of_entries 1208908
matrix read
free: 15, tot: 15
V allocated 
free: 15, tot: 15
R allocated 
free: 14, tot: 15
Blocks 	 ThreadsPerBlock 	 PVL 	 LVL 	 simple_error 	 simd_error 	 simple_time 	 simd_time 
4096 	 4 	 8 	 256 	 0.010204 	 0.010204 	 5.395000 	 6.262000 
4096 	 4 	 16 	 256 	 0.010204 	 0.010204 	 3.424000 	 3.735000 
4096 	 4 	 32 	 256 	 0.010204 	 0.010204 	 2.623000 	 3.118000 
4096 	 4 	 64 	 256 	 0.010204 	 0.010204 	 2.694000 	 2.712000 
4096 	 4 	 128 	 256 	 0.010204 	 0.010204 	 3.030000 	 3.058000 
4096 	 8 	 8 	 256 	 0.010204 	 0.010204 	 5.258000 	 6.852000 
4096 	 8 	 16 	 256 	 0.010204 	 0.010204 	 3.300000 	 4.118000 
4096 	 8 	 32 	 256 	 0.010204 	 0.010204 	 2.658000 	 3.381000 
4096 	 8 	 64 	 256 	 0.010204 	 0.010204 	 2.706000 	 2.704000 
4096 	 16 	 8 	 256 	 0.010204 	 0.010204 	 5.268000 	 7.514000 
4096 	 16 	 16 	 256 	 0.010204 	 0.010204 	 3.335000 	 4.387000 
4096 	 16 	 32 	 256 	 0.010204 	 0.010204 	 2.638000 	 3.587000 
4096 	 32 	 8 	 256 	 0.010204 	 0.010204 	 4.663000 	 6.851000 
4096 	 32 	 16 	 256 	 0.010204 	 0.010204 	 3.002000 	 4.071000 
4096 	 64 	 8 	 256 	 0.010204 	 0.010204 	 4.914000 	 9.639000 
8192 	 4 	 8 	 256 	 0.010204 	 0.010204 	 5.314000 	 6.705000 
8192 	 4 	 16 	 256 	 0.010204 	 0.010204 	 3.458000 	 4.095000 
8192 	 4 	 32 	 256 	 0.010204 	 0.010204 	 2.710000 	 3.378000 
8192 	 4 	 64 	 256 	 0.010204 	 0.010204 	 2.733000 	 2.692000 
8192 	 4 	 128 	 256 	 0.010204 	 0.010204 	 2.972000 	 2.974000 
8192 	 8 	 8 	 256 	 0.010204 	 0.010204 	 5.338000 	 7.261000 
8192 	 8 	 16 	 256 	 0.010204 	 0.010204 	 3.385000 	 4.267000 
8192 	 8 	 32 	 256 	 0.010204 	 0.010204 	 2.672000 	 3.489000 
8192 	 8 	 64 	 256 	 0.010204 	 0.010204 	 2.744000 	 2.839000 
8192 	 16 	 8 	 256 	 0.010204 	 0.010204 	 4.887000 	 6.479000 
8192 	 16 	 16 	 256 	 0.010204 	 0.010204 	 3.095000 	 3.801000 
8192 	 16 	 32 	 256 	 0.010204 	 0.010204 	 2.357000 	 3.175000 
8192 	 32 	 8 	 256 	 0.010204 	 0.010204 	 4.899000 	 7.787000 
8192 	 32 	 16 	 256 	 0.010204 	 0.010204 	 3.091000 	 4.652000 
8192 	 64 	 8 	 256 	 0.010204 	 0.010204 	 4.577000 	 8.984000 
16384 	 4 	 8 	 256 	 0.010204 	 0.010204 	 5.355000 	 7.235000 
16384 	 4 	 16 	 256 	 0.010204 	 0.010204 	 3.454000 	 4.220000 
16384 	 4 	 32 	 256 	 0.010204 	 0.010204 	 2.690000 	 3.453000 
16384 	 4 	 64 	 256 	 0.010204 	 0.010204 	 2.776000 	 2.832000 
16384 	 4 	 128 	 256 	 0.010204 	 0.010204 	 2.887000 	 2.896000 
16384 	 8 	 8 	 256 	 0.010204 	 0.010204 	 4.957000 	 6.308000 
16384 	 8 	 16 	 256 	 0.010204 	 0.010204 	 3.154000 	 3.724000 
16384 	 8 	 32 	 256 	 0.010204 	 0.010204 	 2.440000 	 3.049000 
16384 	 8 	 64 	 256 	 0.010204 	 0.010204 	 2.471000 	 2.514000 
16384 	 16 	 8 	 256 	 0.010204 	 0.010204 	 4.995000 	 7.242000 
16384 	 16 	 16 	 256 	 0.010204 	 0.010204 	 3.174000 	 4.208000 
16384 	 16 	 32 	 256 	 0.010204 	 0.010204 	 2.447000 	 3.468000 
16384 	 32 	 8 	 256 	 0.010204 	 0.010204 	 4.632000 	 7.089000 
16384 	 32 	 16 	 256 	 0.010204 	 0.010204 	 2.954000 	 4.242000 
16384 	 64 	 8 	 256 	 0.010204 	 0.010204 	 4.594000 	 9.013000 
32768 	 4 	 8 	 256 	 0.010204 	 0.010204 	 4.981000 	 6.281000 
32768 	 4 	 16 	 256 	 0.010204 	 0.010204 	 3.198000 	 3.737000 
32768 	 4 	 32 	 256 	 0.010204 	 0.010204 	 2.470000 	 3.069000 
32768 	 4 	 64 	 256 	 0.010204 	 0.010204 	 2.582000 	 2.458000 
32768 	 4 	 128 	 256 	 0.010204 	 0.010204 	 2.865000 	 2.845000 
32768 	 8 	 8 	 256 	 0.010204 	 0.010204 	 5.042000 	 7.033000 
32768 	 8 	 16 	 256 	 0.010204 	 0.010204 	 3.229000 	 4.042000 
32768 	 8 	 32 	 256 	 0.010204 	 0.010204 	 2.481000 	 3.260000 
32768 	 8 	 64 	 256 	 0.010204 	 0.010204 	 2.580000 	 2.706000 
32768 	 16 	 8 	 256 	 0.010204 	 0.010204 	 4.795000 	 6.671000 
32768 	 16 	 16 	 256 	 0.010204 	 0.010204 	 3.035000 	 3.892000 
32768 	 16 	 32 	 256 	 0.010204 	 0.010204 	 2.301000 	 3.238000 
32768 	 32 	 8 	 256 	 0.010204 	 0.010204 	 4.657000 	 7.168000 
32768 	 32 	 16 	 256 	 0.010204 	 0.010204 	 2.959000 	 4.298000 
32768 	 64 	 8 	 256 	 0.010204 	 0.010204 	 4.560000 	 8.930000 
--------------------- calling cublas ------------------------
cublas success, cublas_error: 2.947379, cublas time: 10.784000 ms
cublas success, cublas_error: 2.947379, cublas time: 10.762000 ms
cublas success, cublas_error: 2.947379, cublas time: 10.737000 ms
cublas success, cublas_error: 2.947379, cublas time: 10.763000 ms
cublas success, cublas_error: 2.947379, cublas time: 10.735000 ms
cublas success, cublas_error: 2.947379, cublas time: 10.747000 ms
cublas success, cublas_error: 2.947379, cublas time: 10.774000 ms
cublas success, cublas_error: 2.947379, cublas time: 10.732000 ms
cublas success, cublas_error: 2.947379, cublas time: 10.760000 ms
cublas success, cublas_error: 2.947379, cublas time: 10.739000 ms
input: ../input/sx-superuser.rb
num_of_lines_for_m_ptr_in_row_id 17645, num_of_lines_for_m_row_id 84081, num_of_lines_for_m_data 57806, num_of_rows 194085, num_of_cols 194085, num_of_entries 924886
matrix read
free: 15, tot: 15
V allocated 
free: 15, tot: 15
R allocated 
free: 15, tot: 15
Blocks 	 ThreadsPerBlock 	 PVL 	 LVL 	 simple_error 	 simd_error 	 simple_time 	 simd_time 
4096 	 4 	 8 	 256 	 0.766639 	 0.766639 	 30.636000 	 62.101000 
4096 	 4 	 16 	 256 	 0.766639 	 0.766639 	 14.627000 	 34.386000 
4096 	 4 	 32 	 256 	 0.766639 	 0.766639 	 11.732000 	 26.596000 
4096 	 4 	 64 	 256 	 0.766639 	 0.766639 	 10.305000 	 13.751000 
4096 	 4 	 128 	 256 	 0.766639 	 0.766639 	 6.458000 	 7.681000 
4096 	 8 	 8 	 256 	 0.766639 	 0.766639 	 30.002000 	 62.995000 
4096 	 8 	 16 	 256 	 0.766639 	 0.766639 	 14.974000 	 34.100000 
4096 	 8 	 32 	 256 	 0.766639 	 0.766639 	 11.255000 	 26.236000 
4096 	 8 	 64 	 256 	 0.766639 	 0.766639 	 10.534000 	 13.995000 
4096 	 16 	 8 	 256 	 0.766639 	 0.766639 	 29.942000 	 64.519000 
4096 	 16 	 16 	 256 	 0.766639 	 0.766639 	 15.210000 	 36.258000 
4096 	 16 	 32 	 256 	 0.766639 	 0.766639 	 10.994000 	 27.910000 
4096 	 32 	 8 	 256 	 0.766639 	 0.766639 	 29.527000 	 64.343000 
4096 	 32 	 16 	 256 	 0.766639 	 0.766639 	 15.333000 	 35.290000 
4096 	 64 	 8 	 256 	 0.766639 	 0.766639 	 30.075000 	 65.424000 
8192 	 4 	 8 	 256 	 0.766639 	 0.766639 	 30.597000 	 62.777000 
8192 	 4 	 16 	 256 	 0.766639 	 0.766639 	 14.542000 	 34.621000 
8192 	 4 	 32 	 256 	 0.766639 	 0.766639 	 11.321000 	 27.276000 
8192 	 4 	 64 	 256 	 0.766639 	 0.766639 	 10.326000 	 13.979000 
8192 	 4 	 128 	 256 	 0.766639 	 0.766639 	 6.438000 	 7.395000 
8192 	 8 	 8 	 256 	 0.766639 	 0.766639 	 30.976000 	 63.775000 
8192 	 8 	 16 	 256 	 0.766639 	 0.766639 	 15.190000 	 34.404000 
8192 	 8 	 32 	 256 	 0.766639 	 0.766639 	 11.696000 	 27.935000 
8192 	 8 	 64 	 256 	 0.766639 	 0.766639 	 10.486000 	 14.466000 
8192 	 16 	 8 	 256 	 0.766639 	 0.766639 	 30.327000 	 63.128000 
8192 	 16 	 16 	 256 	 0.766639 	 0.766639 	 14.502000 	 34.207000 
8192 	 16 	 32 	 256 	 0.766639 	 0.766639 	 11.588000 	 26.445000 
8192 	 32 	 8 	 256 	 0.766639 	 0.766639 	 30.365000 	 63.924000 
8192 	 32 	 16 	 256 	 0.766639 	 0.766639 	 14.461000 	 36.100000 
8192 	 64 	 8 	 256 	 0.766639 	 0.766639 	 30.959000 	 66.469000 
16384 	 4 	 8 	 256 	 0.766639 	 0.766639 	 31.643000 	 62.201000 
16384 	 4 	 16 	 256 	 0.766639 	 0.766639 	 15.549000 	 34.302000 
16384 	 4 	 32 	 256 	 0.766639 	 0.766639 	 11.251000 	 26.800000 
16384 	 4 	 64 	 256 	 0.766639 	 0.766639 	 10.462000 	 14.162000 
16384 	 4 	 128 	 256 	 0.766639 	 0.766639 	 6.705000 	 7.777000 
16384 	 8 	 8 	 256 	 0.766639 	 0.766639 	 30.821000 	 64.731000 
16384 	 8 	 16 	 256 	 0.766639 	 0.766639 	 14.594000 	 34.264000 
16384 	 8 	 32 	 256 	 0.766639 	 0.766639 	 11.749000 	 27.002000 
16384 	 8 	 64 	 256 	 0.766639 	 0.766639 	 10.368000 	 13.228000 
16384 	 16 	 8 	 256 	 0.766639 	 0.766639 	 30.953000 	 62.122000 
16384 	 16 	 16 	 256 	 0.766639 	 0.766639 	 14.473000 	 34.221000 
16384 	 16 	 32 	 256 	 0.766639 	 0.766639 	 11.115000 	 26.987000 
16384 	 32 	 8 	 256 	 0.766639 	 0.766639 	 29.613000 	 63.081000 
16384 	 32 	 16 	 256 	 0.766639 	 0.766639 	 15.133000 	 36.264000 
16384 	 64 	 8 	 256 	 0.766639 	 0.766639 	 30.619000 	 68.375000 
32768 	 4 	 8 	 256 	 0.766639 	 0.766639 	 29.842000 	 64.816000 
32768 	 4 	 16 	 256 	 0.766639 	 0.766639 	 14.298000 	 34.980000 
32768 	 4 	 32 	 256 	 0.766639 	 0.766639 	 11.484000 	 26.604000 
32768 	 4 	 64 	 256 	 0.766639 	 0.766639 	 10.444000 	 13.591000 
32768 	 4 	 128 	 256 	 0.766639 	 0.766639 	 6.295000 	 7.662000 
32768 	 8 	 8 	 256 	 0.766639 	 0.766639 	 31.469000 	 62.449000 
32768 	 8 	 16 	 256 	 0.766639 	 0.766639 	 14.982000 	 35.447000 
32768 	 8 	 32 	 256 	 0.766639 	 0.766639 	 11.172000 	 26.644000 
32768 	 8 	 64 	 256 	 0.766639 	 0.766639 	 10.787000 	 13.447000 
32768 	 16 	 8 	 256 	 0.766639 	 0.766639 	 30.310000 	 63.971000 
32768 	 16 	 16 	 256 	 0.766639 	 0.766639 	 14.635000 	 35.162000 
32768 	 16 	 32 	 256 	 0.766639 	 0.766639 	 11.335000 	 26.538000 
32768 	 32 	 8 	 256 	 0.766639 	 0.766639 	 30.531000 	 63.318000 
32768 	 32 	 16 	 256 	 0.766639 	 0.766639 	 14.779000 	 34.950000 
32768 	 64 	 8 	 256 	 0.766639 	 0.766639 	 30.038000 	 66.836000 
--------------------- calling cublas ------------------------
cublas success, cublas_error: 66.033173, cublas time: 16.429000 ms
cublas success, cublas_error: 66.033173, cublas time: 16.427000 ms
cublas success, cublas_error: 66.033173, cublas time: 16.404000 ms
cublas success, cublas_error: 66.033173, cublas time: 16.396000 ms
cublas success, cublas_error: 66.033173, cublas time: 16.374000 ms
cublas success, cublas_error: 66.033173, cublas time: 16.400000 ms
cublas success, cublas_error: 66.033173, cublas time: 16.397000 ms
cublas success, cublas_error: 66.033173, cublas time: 16.396000 ms
cublas success, cublas_error: 66.033173, cublas time: 16.469000 ms
cublas success, cublas_error: 66.033173, cublas time: 16.426000 ms
input: ../input/ch7-8-b5.rb
num_of_lines_for_m_ptr_in_row_id 12830, num_of_lines_for_m_row_id 76975, num_of_lines_for_m_data 32567, num_of_rows 141120, num_of_cols 141120, num_of_entries 846720
matrix read
free: 15, tot: 15
V allocated 
free: 15, tot: 15
R allocated 
free: 15, tot: 15
Blocks 	 ThreadsPerBlock 	 PVL 	 LVL 	 simple_error 	 simd_error 	 simple_time 	 simd_time 
4096 	 4 	 8 	 256 	 0.000000 	 0.000000 	 2.186000 	 2.102000 
4096 	 4 	 16 	 256 	 0.000000 	 0.000000 	 1.691000 	 1.495000 
4096 	 4 	 32 	 256 	 0.000000 	 0.000000 	 1.589000 	 1.509000 
4096 	 4 	 64 	 256 	 0.000000 	 0.000000 	 1.634000 	 1.590000 
4096 	 4 	 128 	 256 	 0.000000 	 0.000000 	 1.956000 	 1.947000 
4096 	 8 	 8 	 256 	 0.000000 	 0.000000 	 2.095000 	 2.013000 
4096 	 8 	 16 	 256 	 0.000000 	 0.000000 	 1.548000 	 1.455000 
4096 	 8 	 32 	 256 	 0.000000 	 0.000000 	 1.500000 	 1.481000 
4096 	 8 	 64 	 256 	 0.000000 	 0.000000 	 1.576000 	 1.594000 
4096 	 16 	 8 	 256 	 0.000000 	 0.000000 	 2.094000 	 2.117000 
4096 	 16 	 16 	 256 	 0.000000 	 0.000000 	 1.512000 	 1.453000 
4096 	 16 	 32 	 256 	 0.000000 	 0.000000 	 1.438000 	 1.474000 
4096 	 32 	 8 	 256 	 0.000000 	 0.000000 	 2.005000 	 2.289000 
4096 	 32 	 16 	 256 	 0.000000 	 0.000000 	 1.367000 	 1.402000 
4096 	 64 	 8 	 256 	 0.000000 	 0.000000 	 1.962000 	 2.290000 
8192 	 4 	 8 	 256 	 0.000000 	 0.000000 	 2.071000 	 1.992000 
8192 	 4 	 16 	 256 	 0.000000 	 0.000000 	 1.591000 	 1.449000 
8192 	 4 	 32 	 256 	 0.000000 	 0.000000 	 1.523000 	 1.460000 
8192 	 4 	 64 	 256 	 0.000000 	 0.000000 	 1.575000 	 1.563000 
8192 	 4 	 128 	 256 	 0.000000 	 0.000000 	 1.886000 	 1.892000 
8192 	 8 	 8 	 256 	 0.000000 	 0.000000 	 2.074000 	 2.001000 
8192 	 8 	 16 	 256 	 0.000000 	 0.000000 	 1.501000 	 1.421000 
8192 	 8 	 32 	 256 	 0.000000 	 0.000000 	 1.435000 	 1.461000 
8192 	 8 	 64 	 256 	 0.000000 	 0.000000 	 1.542000 	 1.548000 
8192 	 16 	 8 	 256 	 0.000000 	 0.000000 	 2.007000 	 2.074000 
8192 	 16 	 16 	 256 	 0.000000 	 0.000000 	 1.431000 	 1.407000 
8192 	 16 	 32 	 256 	 0.000000 	 0.000000 	 1.381000 	 1.451000 
8192 	 32 	 8 	 256 	 0.000000 	 0.000000 	 2.003000 	 2.291000 
8192 	 32 	 16 	 256 	 0.000000 	 0.000000 	 1.394000 	 1.409000 
8192 	 64 	 8 	 256 	 0.000000 	 0.000000 	 2.000000 	 2.369000 
16384 	 4 	 8 	 256 	 0.000000 	 0.000000 	 2.062000 	 1.993000 
16384 	 4 	 16 	 256 	 0.000000 	 0.000000 	 1.529000 	 1.434000 
16384 	 4 	 32 	 256 	 0.000000 	 0.000000 	 1.449000 	 1.459000 
16384 	 4 	 64 	 256 	 0.000000 	 0.000000 	 1.546000 	 1.548000 
16384 	 4 	 128 	 256 	 0.000000 	 0.000000 	 1.847000 	 1.830000 
16384 	 8 	 8 	 256 	 0.000000 	 0.000000 	 2.033000 	 1.965000 
16384 	 8 	 16 	 256 	 0.000000 	 0.000000 	 1.448000 	 1.387000 
16384 	 8 	 32 	 256 	 0.000000 	 0.000000 	 1.368000 	 1.452000 
16384 	 8 	 64 	 256 	 0.000000 	 0.000000 	 1.504000 	 1.497000 
16384 	 16 	 8 	 256 	 0.000000 	 0.000000 	 2.010000 	 2.074000 
16384 	 16 	 16 	 256 	 0.000000 	 0.000000 	 1.439000 	 1.411000 
16384 	 16 	 32 	 256 	 0.000000 	 0.000000 	 1.419000 	 1.490000 
16384 	 32 	 8 	 256 	 0.000000 	 0.000000 	 2.008000 	 2.329000 
16384 	 32 	 16 	 256 	 0.000000 	 0.000000 	 1.437000 	 1.477000 
16384 	 64 	 8 	 256 	 0.000000 	 0.000000 	 2.034000 	 2.473000 
32768 	 4 	 8 	 256 	 0.000000 	 0.000000 	 2.001000 	 1.947000 
32768 	 4 	 16 	 256 	 0.000000 	 0.000000 	 1.457000 	 1.377000 
32768 	 4 	 32 	 256 	 0.000000 	 0.000000 	 1.384000 	 1.459000 
32768 	 4 	 64 	 256 	 0.000000 	 0.000000 	 1.491000 	 1.473000 
32768 	 4 	 128 	 256 	 0.000000 	 0.000000 	 1.796000 	 1.754000 
32768 	 8 	 8 	 256 	 0.000000 	 0.000000 	 2.041000 	 1.963000 
32768 	 8 	 16 	 256 	 0.000000 	 0.000000 	 1.452000 	 1.390000 
32768 	 8 	 32 	 256 	 0.000000 	 0.000000 	 1.423000 	 1.488000 
32768 	 8 	 64 	 256 	 0.000000 	 0.000000 	 1.585000 	 1.596000 
32768 	 16 	 8 	 256 	 0.000000 	 0.000000 	 2.004000 	 2.100000 
32768 	 16 	 16 	 256 	 0.000000 	 0.000000 	 1.495000 	 1.473000 
32768 	 16 	 32 	 256 	 0.000000 	 0.000000 	 1.556000 	 1.601000 
32768 	 32 	 8 	 256 	 0.000000 	 0.000000 	 2.074000 	 2.432000 
32768 	 32 	 16 	 256 	 0.000000 	 0.000000 	 1.549000 	 1.606000 
32768 	 64 	 8 	 256 	 0.000000 	 0.000000 	 2.182000 	 2.727000 
--------------------- calling cublas ------------------------
cublas success, cublas_error: 0.338669, cublas time: 3.085000 ms
cublas success, cublas_error: 0.338669, cublas time: 3.050000 ms
cublas success, cublas_error: 0.338669, cublas time: 3.033000 ms
cublas success, cublas_error: 0.338669, cublas time: 3.037000 ms
cublas success, cublas_error: 0.338669, cublas time: 3.026000 ms
cublas success, cublas_error: 0.338669, cublas time: 3.047000 ms
cublas success, cublas_error: 0.338669, cublas time: 3.063000 ms
cublas success, cublas_error: 0.338669, cublas time: 3.035000 ms
cublas success, cublas_error: 0.338669, cublas time: 3.043000 ms
cublas success, cublas_error: 0.338669, cublas time: 3.028000 ms
