input: ../input/sx-stackoverflow.rb
num_of_lines_for_m_ptr_in_row_id 325248, num_of_lines_for_m_row_id 3623345, num_of_lines_for_m_data 2787189, num_of_rows 2601977, num_of_cols 2601977, num_of_entries 36233450
matrix read
free: 15, tot: 15
V allocated 
free: 15, tot: 15
R allocated 
free: 14, tot: 15
Blocks 	 ThreadsPerBlock 	 PVL 	 LVL 	 simple_error 	 simd_error 	 simple_time 	 simd_time 
8192 	 8 	 8 	 32 	 5.749767 	 5.749767 	 42.384000 	 49.167000 
8192 	 8 	 16 	 32 	 5.749767 	 5.749767 	 27.266000 	 28.875000 
8192 	 8 	 32 	 32 	 5.749767 	 5.749767 	 26.283000 	 21.535000 
8192 	 16 	 8 	 32 	 5.749767 	 5.749767 	 42.777000 	 46.297000 
8192 	 16 	 16 	 32 	 5.749767 	 5.749767 	 26.236000 	 27.397000 
8192 	 16 	 32 	 32 	 5.749767 	 5.749767 	 24.277000 	 19.482000 
8192 	 32 	 8 	 32 	 5.749767 	 5.749767 	 40.944000 	 45.089000 
8192 	 32 	 16 	 32 	 5.749767 	 5.749767 	 24.433000 	 25.950000 
8192 	 64 	 8 	 32 	 5.749767 	 5.749767 	 39.799000 	 42.459000 
16384 	 8 	 8 	 32 	 5.749767 	 5.749767 	 38.700000 	 44.200000 
16384 	 8 	 16 	 32 	 5.749767 	 5.749767 	 26.147000 	 27.338000 
16384 	 8 	 32 	 32 	 5.749767 	 5.749767 	 24.183000 	 19.457000 
16384 	 16 	 8 	 32 	 5.749767 	 5.749767 	 40.892000 	 44.433000 
16384 	 16 	 16 	 32 	 5.749767 	 5.749767 	 23.848000 	 25.897000 
16384 	 16 	 32 	 32 	 5.749767 	 5.749767 	 22.569000 	 17.929000 
16384 	 32 	 8 	 32 	 5.749767 	 5.749767 	 38.125000 	 42.427000 
16384 	 32 	 16 	 32 	 5.749767 	 5.749767 	 23.531000 	 25.066000 
16384 	 64 	 8 	 32 	 5.749767 	 5.749767 	 37.782000 	 44.046000 
32768 	 8 	 8 	 32 	 5.749767 	 5.749767 	 37.781000 	 43.273000 
32768 	 8 	 16 	 32 	 5.749767 	 5.749767 	 25.870000 	 25.432000 
32768 	 8 	 32 	 32 	 5.749767 	 5.749767 	 23.573000 	 19.103000 
32768 	 16 	 8 	 32 	 5.749767 	 5.749767 	 37.491000 	 43.120000 
32768 	 16 	 16 	 32 	 5.749767 	 5.749767 	 24.497000 	 25.603000 
32768 	 16 	 32 	 32 	 5.749767 	 5.749767 	 21.890000 	 18.366000 
32768 	 32 	 8 	 32 	 5.749767 	 5.749767 	 38.502000 	 42.984000 
32768 	 32 	 16 	 32 	 5.749767 	 5.749767 	 24.271000 	 25.414000 
32768 	 64 	 8 	 32 	 5.749767 	 5.749767 	 37.609000 	 40.967000 
--------------------- calling cublas ------------------------
cublas success, cublas_error: 151.765694, cublas time: 199.579000 ms
cublas success, cublas_error: 151.765694, cublas time: 199.492000 ms
cublas success, cublas_error: 151.765694, cublas time: 199.482000 ms
cublas success, cublas_error: 151.765694, cublas time: 199.499000 ms
cublas success, cublas_error: 151.765694, cublas time: 199.474000 ms
cublas success, cublas_error: 151.765694, cublas time: 199.502000 ms
cublas success, cublas_error: 151.765694, cublas time: 199.474000 ms
cublas success, cublas_error: 151.765694, cublas time: 199.532000 ms
cublas success, cublas_error: 151.765694, cublas time: 199.535000 ms
cublas success, cublas_error: 151.765694, cublas time: 199.487000 ms
input: ../input/atmosmodm.rb
num_of_lines_for_m_ptr_in_row_id 186220, num_of_lines_for_m_row_id 1031976, num_of_lines_for_m_data 1289970, num_of_rows 1489752, num_of_cols 1489752, num_of_entries 10319760
matrix read
free: 15, tot: 15
V allocated 
free: 15, tot: 15
R allocated 
free: 15, tot: 15
Blocks 	 ThreadsPerBlock 	 PVL 	 LVL 	 simple_error 	 simd_error 	 simple_time 	 simd_time 
8192 	 8 	 8 	 32 	 2035690.102818 	 2035690.102818 	 3.147000 	 2.801000 
8192 	 8 	 16 	 32 	 2035690.102818 	 2035690.102818 	 3.179000 	 3.171000 
8192 	 8 	 32 	 32 	 2035690.102818 	 2035690.102818 	 4.093000 	 4.082000 
8192 	 16 	 8 	 32 	 2035690.102818 	 2035690.102818 	 2.902000 	 2.878000 
8192 	 16 	 16 	 32 	 2035690.102818 	 2035690.102818 	 2.988000 	 3.004000 
8192 	 16 	 32 	 32 	 2035690.102818 	 2035690.102818 	 4.004000 	 3.986000 
8192 	 32 	 8 	 32 	 2035690.102818 	 2035690.102818 	 2.813000 	 2.698000 
8192 	 32 	 16 	 32 	 2035690.102818 	 2035690.102818 	 2.882000 	 2.955000 
8192 	 64 	 8 	 32 	 2035690.102818 	 2035690.102818 	 2.741000 	 2.619000 
16384 	 8 	 8 	 32 	 2035690.102818 	 2035690.102818 	 2.900000 	 2.758000 
16384 	 8 	 16 	 32 	 2035690.102818 	 2035690.102818 	 2.992000 	 3.026000 
16384 	 8 	 32 	 32 	 2035690.102818 	 2035690.102818 	 3.997000 	 4.003000 
16384 	 16 	 8 	 32 	 2035690.102818 	 2035690.102818 	 2.811000 	 2.699000 
16384 	 16 	 16 	 32 	 2035690.102818 	 2035690.102818 	 2.892000 	 2.929000 
16384 	 16 	 32 	 32 	 2035690.102818 	 2035690.102818 	 3.944000 	 3.891000 
16384 	 32 	 8 	 32 	 2035690.102818 	 2035690.102818 	 2.837000 	 2.653000 
16384 	 32 	 16 	 32 	 2035690.102818 	 2035690.102818 	 2.768000 	 2.777000 
16384 	 64 	 8 	 32 	 2035690.102818 	 2035690.102818 	 2.672000 	 2.505000 
32768 	 8 	 8 	 32 	 2035690.102818 	 2035690.102818 	 2.797000 	 2.714000 
32768 	 8 	 16 	 32 	 2035690.102818 	 2035690.102818 	 2.953000 	 2.934000 
32768 	 8 	 32 	 32 	 2035690.102818 	 2035690.102818 	 3.911000 	 3.904000 
32768 	 16 	 8 	 32 	 2035690.102818 	 2035690.102818 	 2.761000 	 2.648000 
32768 	 16 	 16 	 32 	 2035690.102818 	 2035690.102818 	 2.839000 	 2.818000 
32768 	 16 	 32 	 32 	 2035690.102818 	 2035690.102818 	 3.984000 	 3.841000 
32768 	 32 	 8 	 32 	 2035690.102818 	 2035690.102818 	 2.674000 	 2.531000 
32768 	 32 	 16 	 32 	 2035690.102818 	 2035690.102818 	 2.756000 	 2.735000 
32768 	 64 	 8 	 32 	 2035690.102818 	 2035690.102818 	 2.772000 	 2.527000 
--------------------- calling cublas ------------------------
cublas success, cublas_error: 2513085.845977, cublas time: 4.297000 ms
cublas success, cublas_error: 2513085.845977, cublas time: 4.237000 ms
cublas success, cublas_error: 2513085.845977, cublas time: 4.232000 ms
cublas success, cublas_error: 2513085.845977, cublas time: 4.260000 ms
cublas success, cublas_error: 2513085.845977, cublas time: 4.229000 ms
cublas success, cublas_error: 2513085.845977, cublas time: 4.426000 ms
cublas success, cublas_error: 2513085.845977, cublas time: 4.245000 ms
cublas success, cublas_error: 2513085.845977, cublas time: 4.231000 ms
cublas success, cublas_error: 2513085.845977, cublas time: 4.400000 ms
cublas success, cublas_error: 2513085.845977, cublas time: 4.234000 ms
input: ../input/t2em.rb
num_of_lines_for_m_ptr_in_row_id 92164, num_of_lines_for_m_row_id 417349, num_of_lines_for_m_data 176571, num_of_rows 921632, num_of_cols 921632, num_of_entries 4590832
matrix read
free: 15, tot: 15
V allocated 
free: 15, tot: 15
R allocated 
free: 15, tot: 15
Blocks 	 ThreadsPerBlock 	 PVL 	 LVL 	 simple_error 	 simd_error 	 simple_time 	 simd_time 
8192 	 8 	 8 	 32 	 0.000000 	 0.000000 	 1.307000 	 1.208000 
8192 	 8 	 16 	 32 	 0.000000 	 0.000000 	 1.386000 	 1.444000 
8192 	 8 	 32 	 32 	 0.000000 	 0.000000 	 1.925000 	 1.900000 
8192 	 16 	 8 	 32 	 0.000000 	 0.000000 	 1.247000 	 1.222000 
8192 	 16 	 16 	 32 	 0.000000 	 0.000000 	 1.306000 	 1.311000 
8192 	 16 	 32 	 32 	 0.000000 	 0.000000 	 1.821000 	 1.787000 
8192 	 32 	 8 	 32 	 0.000000 	 0.000000 	 1.251000 	 1.192000 
8192 	 32 	 16 	 32 	 0.000000 	 0.000000 	 1.272000 	 1.278000 
8192 	 64 	 8 	 32 	 0.000000 	 0.000000 	 1.177000 	 1.179000 
16384 	 8 	 8 	 32 	 0.000000 	 0.000000 	 1.235000 	 1.243000 
16384 	 8 	 16 	 32 	 0.000000 	 0.000000 	 1.309000 	 1.313000 
16384 	 8 	 32 	 32 	 0.000000 	 0.000000 	 1.815000 	 1.807000 
16384 	 16 	 8 	 32 	 0.000000 	 0.000000 	 1.198000 	 1.183000 
16384 	 16 	 16 	 32 	 0.000000 	 0.000000 	 1.273000 	 1.291000 
16384 	 16 	 32 	 32 	 0.000000 	 0.000000 	 1.803000 	 1.785000 
16384 	 32 	 8 	 32 	 0.000000 	 0.000000 	 1.181000 	 1.188000 
16384 	 32 	 16 	 32 	 0.000000 	 0.000000 	 1.248000 	 1.215000 
16384 	 64 	 8 	 32 	 0.000000 	 0.000000 	 1.144000 	 1.202000 
32768 	 8 	 8 	 32 	 0.000000 	 0.000000 	 1.210000 	 1.197000 
32768 	 8 	 16 	 32 	 0.000000 	 0.000000 	 1.308000 	 1.275000 
32768 	 8 	 32 	 32 	 0.000000 	 0.000000 	 1.779000 	 1.736000 
32768 	 16 	 8 	 32 	 0.000000 	 0.000000 	 1.178000 	 1.171000 
32768 	 16 	 16 	 32 	 0.000000 	 0.000000 	 1.241000 	 1.227000 
32768 	 16 	 32 	 32 	 0.000000 	 0.000000 	 1.863000 	 1.791000 
32768 	 32 	 8 	 32 	 0.000000 	 0.000000 	 1.160000 	 1.181000 
32768 	 32 	 16 	 32 	 0.000000 	 0.000000 	 1.258000 	 1.134000 
32768 	 64 	 8 	 32 	 0.000000 	 0.000000 	 1.278000 	 1.340000 
--------------------- calling cublas ------------------------
cublas success, cublas_error: 0.001105, cublas time: 2.541000 ms
cublas success, cublas_error: 0.001105, cublas time: 2.481000 ms
cublas success, cublas_error: 0.001105, cublas time: 2.476000 ms
cublas success, cublas_error: 0.001105, cublas time: 2.474000 ms
cublas success, cublas_error: 0.001105, cublas time: 2.476000 ms
cublas success, cublas_error: 0.001105, cublas time: 2.495000 ms
cublas success, cublas_error: 0.001105, cublas time: 2.474000 ms
cublas success, cublas_error: 0.001105, cublas time: 2.476000 ms
cublas success, cublas_error: 0.001105, cublas time: 2.477000 ms
cublas success, cublas_error: 0.001105, cublas time: 2.655000 ms
input: ../input/wiki-talk-temporal.rb
num_of_lines_for_m_ptr_in_row_id 114015, num_of_lines_for_m_row_id 330960, num_of_lines_for_m_data 254584, num_of_rows 1140149, num_of_cols 1140149, num_of_entries 3309592
matrix read
free: 15, tot: 15
V allocated 
free: 15, tot: 15
R allocated 
free: 15, tot: 15
Blocks 	 ThreadsPerBlock 	 PVL 	 LVL 	 simple_error 	 simd_error 	 simple_time 	 simd_time 
8192 	 8 	 8 	 32 	 0.209236 	 0.209236 	 92.197000 	 111.172000 
8192 	 8 	 16 	 32 	 0.209236 	 0.209236 	 42.452000 	 45.831000 
8192 	 8 	 32 	 32 	 0.209236 	 0.209236 	 49.490000 	 26.037000 
8192 	 16 	 8 	 32 	 0.209236 	 0.209236 	 87.553000 	 112.711000 
8192 	 16 	 16 	 32 	 0.209236 	 0.209236 	 43.839000 	 48.740000 
8192 	 16 	 32 	 32 	 0.209236 	 0.209236 	 51.902000 	 27.157000 
8192 	 32 	 8 	 32 	 0.209236 	 0.209236 	 84.647000 	 109.929000 
8192 	 32 	 16 	 32 	 0.209236 	 0.209236 	 42.745000 	 46.260000 
8192 	 64 	 8 	 32 	 0.209236 	 0.209236 	 82.772000 	 108.873000 
16384 	 8 	 8 	 32 	 0.209236 	 0.209236 	 82.586000 	 109.057000 
16384 	 8 	 16 	 32 	 0.209236 	 0.209236 	 42.380000 	 45.704000 
16384 	 8 	 32 	 32 	 0.209236 	 0.209236 	 49.422000 	 26.065000 
16384 	 16 	 8 	 32 	 0.209236 	 0.209236 	 87.523000 	 112.657000 
16384 	 16 	 16 	 32 	 0.209236 	 0.209236 	 43.737000 	 48.795000 
16384 	 16 	 32 	 32 	 0.209236 	 0.209236 	 51.877000 	 27.155000 
16384 	 32 	 8 	 32 	 0.209236 	 0.209236 	 84.583000 	 110.013000 
16384 	 32 	 16 	 32 	 0.209236 	 0.209236 	 42.692000 	 46.314000 
16384 	 64 	 8 	 32 	 0.209236 	 0.209236 	 82.694000 	 108.854000 
32768 	 8 	 8 	 32 	 0.209236 	 0.209236 	 82.528000 	 109.011000 
32768 	 8 	 16 	 32 	 0.209236 	 0.209236 	 42.286000 	 45.694000 
32768 	 8 	 32 	 32 	 0.209236 	 0.209236 	 49.391000 	 25.984000 
32768 	 16 	 8 	 32 	 0.209236 	 0.209236 	 87.565000 	 112.672000 
32768 	 16 	 16 	 32 	 0.209236 	 0.209236 	 43.761000 	 48.671000 
32768 	 16 	 32 	 32 	 0.209236 	 0.209236 	 51.807000 	 27.111000 
32768 	 32 	 8 	 32 	 0.209236 	 0.209236 	 84.565000 	 109.896000 
32768 	 32 	 16 	 32 	 0.209236 	 0.209236 	 42.713000 	 46.178000 
32768 	 64 	 8 	 32 	 0.209236 	 0.209236 	 82.708000 	 108.862000 
--------------------- calling cublas ------------------------
cublas success, cublas_error: 102.484884, cublas time: 13.416000 ms
cublas success, cublas_error: 102.484884, cublas time: 13.206000 ms
cublas success, cublas_error: 102.484884, cublas time: 13.229000 ms
cublas success, cublas_error: 102.484884, cublas time: 12.980000 ms
cublas success, cublas_error: 102.484884, cublas time: 12.993000 ms
cublas success, cublas_error: 102.484884, cublas time: 12.944000 ms
cublas success, cublas_error: 102.484884, cublas time: 13.104000 ms
cublas success, cublas_error: 102.484884, cublas time: 12.980000 ms
cublas success, cublas_error: 102.484884, cublas time: 13.211000 ms
cublas success, cublas_error: 102.484884, cublas time: 13.363000 ms
input: ../input/mc2depi.rb
num_of_lines_for_m_ptr_in_row_id 52583, num_of_lines_for_m_row_id 190930, num_of_lines_for_m_data 161556, num_of_rows 525825, num_of_cols 525825, num_of_entries 2100225
matrix read
free: 15, tot: 15
V allocated 
free: 15, tot: 15
R allocated 
free: 15, tot: 15
Blocks 	 ThreadsPerBlock 	 PVL 	 LVL 	 simple_error 	 simd_error 	 simple_time 	 simd_time 
8192 	 8 	 8 	 32 	 770.109954 	 770.109954 	 0.690000 	 0.601000 
8192 	 8 	 16 	 32 	 770.109954 	 770.109954 	 0.658000 	 0.659000 
8192 	 8 	 32 	 32 	 770.109954 	 770.109954 	 0.876000 	 0.856000 
8192 	 16 	 8 	 32 	 770.109954 	 770.109954 	 0.597000 	 0.586000 
8192 	 16 	 16 	 32 	 770.109954 	 770.109954 	 0.619000 	 0.626000 
8192 	 16 	 32 	 32 	 770.109954 	 770.109954 	 0.851000 	 0.836000 
8192 	 32 	 8 	 32 	 770.109954 	 770.109954 	 0.570000 	 0.592000 
8192 	 32 	 16 	 32 	 770.109954 	 770.109954 	 0.611000 	 0.612000 
8192 	 64 	 8 	 32 	 770.109954 	 770.109954 	 0.551000 	 0.590000 
16384 	 8 	 8 	 32 	 770.109954 	 770.109954 	 0.596000 	 0.579000 
16384 	 8 	 16 	 32 	 770.109954 	 770.109954 	 0.619000 	 0.627000 
16384 	 8 	 32 	 32 	 770.109954 	 770.109954 	 0.845000 	 0.838000 
16384 	 16 	 8 	 32 	 770.109954 	 770.109954 	 0.575000 	 0.567000 
16384 	 16 	 16 	 32 	 770.109954 	 770.109954 	 0.609000 	 0.609000 
16384 	 16 	 32 	 32 	 770.109954 	 770.109954 	 0.859000 	 0.846000 
16384 	 32 	 8 	 32 	 770.109954 	 770.109954 	 0.553000 	 0.593000 
16384 	 32 	 16 	 32 	 770.109954 	 770.109954 	 0.609000 	 0.577000 
16384 	 64 	 8 	 32 	 770.109954 	 770.109954 	 0.616000 	 0.646000 
32768 	 8 	 8 	 32 	 770.109954 	 770.109954 	 0.575000 	 0.571000 
32768 	 8 	 16 	 32 	 770.109954 	 770.109954 	 0.625000 	 0.627000 
32768 	 8 	 32 	 32 	 770.109954 	 770.109954 	 0.864000 	 0.859000 
32768 	 16 	 8 	 32 	 770.109954 	 770.109954 	 0.568000 	 0.600000 
32768 	 16 	 16 	 32 	 770.109954 	 770.109954 	 0.621000 	 0.582000 
32768 	 16 	 32 	 32 	 770.109954 	 770.109954 	 0.910000 	 0.835000 
32768 	 32 	 8 	 32 	 770.109954 	 770.109954 	 0.606000 	 0.630000 
32768 	 32 	 16 	 32 	 770.109954 	 770.109954 	 0.721000 	 0.666000 
32768 	 64 	 8 	 32 	 770.109954 	 770.109954 	 0.716000 	 0.739000 
--------------------- calling cublas ------------------------
cublas success, cublas_error: 770.561461, cublas time: 1.145000 ms
cublas success, cublas_error: 770.561461, cublas time: 1.101000 ms
cublas success, cublas_error: 770.561461, cublas time: 1.120000 ms
cublas success, cublas_error: 770.561461, cublas time: 1.129000 ms
cublas success, cublas_error: 770.561461, cublas time: 1.096000 ms
cublas success, cublas_error: 770.561461, cublas time: 1.099000 ms
cublas success, cublas_error: 770.561461, cublas time: 1.094000 ms
cublas success, cublas_error: 770.561461, cublas time: 1.096000 ms
cublas success, cublas_error: 770.561461, cublas time: 1.092000 ms
cublas success, cublas_error: 770.561461, cublas time: 1.098000 ms
input: ../input/Linux_call_graph.rb
num_of_lines_for_m_ptr_in_row_id 32409, num_of_lines_for_m_row_id 109901, num_of_lines_for_m_data 46497, num_of_rows 324085, num_of_cols 324085, num_of_entries 1208908
matrix read
free: 15, tot: 15
V allocated 
free: 15, tot: 15
R allocated 
free: 15, tot: 15
Blocks 	 ThreadsPerBlock 	 PVL 	 LVL 	 simple_error 	 simd_error 	 simple_time 	 simd_time 
8192 	 8 	 8 	 32 	 0.000654 	 0.000654 	 1.045000 	 1.090000 
8192 	 8 	 16 	 32 	 0.000654 	 0.000654 	 0.706000 	 0.706000 
8192 	 8 	 32 	 32 	 0.000654 	 0.000654 	 0.740000 	 0.615000 
8192 	 16 	 8 	 32 	 0.000654 	 0.000654 	 0.913000 	 0.977000 
8192 	 16 	 16 	 32 	 0.000654 	 0.000654 	 0.634000 	 0.649000 
8192 	 16 	 32 	 32 	 0.000654 	 0.000654 	 0.632000 	 0.527000 
8192 	 32 	 8 	 32 	 0.000654 	 0.000654 	 0.946000 	 1.044000 
8192 	 32 	 16 	 32 	 0.000654 	 0.000654 	 0.669000 	 0.675000 
8192 	 64 	 8 	 32 	 0.000654 	 0.000654 	 0.883000 	 1.000000 
16384 	 8 	 8 	 32 	 0.000654 	 0.000654 	 0.894000 	 1.006000 
16384 	 8 	 16 	 32 	 0.000654 	 0.000654 	 0.632000 	 0.652000 
16384 	 8 	 32 	 32 	 0.000654 	 0.000654 	 0.630000 	 0.548000 
16384 	 16 	 8 	 32 	 0.000654 	 0.000654 	 0.958000 	 1.029000 
16384 	 16 	 16 	 32 	 0.000654 	 0.000654 	 0.666000 	 0.692000 
16384 	 16 	 32 	 32 	 0.000654 	 0.000654 	 0.754000 	 0.590000 
16384 	 32 	 8 	 32 	 0.000654 	 0.000654 	 0.931000 	 0.985000 
16384 	 32 	 16 	 32 	 0.000654 	 0.000654 	 0.639000 	 0.641000 
16384 	 64 	 8 	 32 	 0.000654 	 0.000654 	 0.863000 	 0.986000 
32768 	 8 	 8 	 32 	 0.000654 	 0.000654 	 0.938000 	 1.043000 
32768 	 8 	 16 	 32 	 0.000654 	 0.000654 	 0.676000 	 0.685000 
32768 	 8 	 32 	 32 	 0.000654 	 0.000654 	 0.713000 	 0.589000 
32768 	 16 	 8 	 32 	 0.000654 	 0.000654 	 0.900000 	 0.991000 
32768 	 16 	 16 	 32 	 0.000654 	 0.000654 	 0.632000 	 0.654000 
32768 	 16 	 32 	 32 	 0.000654 	 0.000654 	 0.715000 	 0.586000 
32768 	 32 	 8 	 32 	 0.000654 	 0.000654 	 0.905000 	 0.980000 
32768 	 32 	 16 	 32 	 0.000654 	 0.000654 	 0.655000 	 0.646000 
32768 	 64 	 8 	 32 	 0.000654 	 0.000654 	 0.901000 	 1.021000 
--------------------- calling cublas ------------------------
cublas success, cublas_error: 0.291695, cublas time: 1.604000 ms
cublas success, cublas_error: 0.291695, cublas time: 1.566000 ms
cublas success, cublas_error: 0.291695, cublas time: 1.557000 ms
cublas success, cublas_error: 0.291695, cublas time: 1.556000 ms
cublas success, cublas_error: 0.291695, cublas time: 1.559000 ms
cublas success, cublas_error: 0.291695, cublas time: 1.595000 ms
cublas success, cublas_error: 0.291695, cublas time: 1.605000 ms
cublas success, cublas_error: 0.291695, cublas time: 1.555000 ms
cublas success, cublas_error: 0.291695, cublas time: 1.583000 ms
cublas success, cublas_error: 0.291695, cublas time: 1.564000 ms
input: ../input/sx-superuser.rb
num_of_lines_for_m_ptr_in_row_id 17645, num_of_lines_for_m_row_id 84081, num_of_lines_for_m_data 57806, num_of_rows 194085, num_of_cols 194085, num_of_entries 924886
matrix read
free: 15, tot: 15
V allocated 
free: 15, tot: 15
R allocated 
free: 15, tot: 15
Blocks 	 ThreadsPerBlock 	 PVL 	 LVL 	 simple_error 	 simd_error 	 simple_time 	 simd_time 
8192 	 8 	 8 	 32 	 0.056274 	 0.056274 	 8.178000 	 10.271000 
8192 	 8 	 16 	 32 	 0.056274 	 0.056274 	 4.730000 	 4.860000 
8192 	 8 	 32 	 32 	 0.056274 	 0.056274 	 5.318000 	 3.111000 
8192 	 16 	 8 	 32 	 0.056274 	 0.056274 	 8.287000 	 10.030000 
8192 	 16 	 16 	 32 	 0.056274 	 0.056274 	 4.387000 	 4.825000 
8192 	 16 	 32 	 32 	 0.056274 	 0.056274 	 5.515000 	 3.121000 
8192 	 32 	 8 	 32 	 0.056274 	 0.056274 	 8.477000 	 10.732000 
8192 	 32 	 16 	 32 	 0.056274 	 0.056274 	 4.485000 	 4.549000 
8192 	 64 	 8 	 32 	 0.056274 	 0.056274 	 8.371000 	 10.768000 
16384 	 8 	 8 	 32 	 0.056274 	 0.056274 	 8.027000 	 10.024000 
16384 	 8 	 16 	 32 	 0.056274 	 0.056274 	 4.567000 	 4.909000 
16384 	 8 	 32 	 32 	 0.056274 	 0.056274 	 5.607000 	 2.935000 
16384 	 16 	 8 	 32 	 0.056274 	 0.056274 	 8.333000 	 10.442000 
16384 	 16 	 16 	 32 	 0.056274 	 0.056274 	 4.514000 	 5.032000 
16384 	 16 	 32 	 32 	 0.056274 	 0.056274 	 5.558000 	 3.031000 
16384 	 32 	 8 	 32 	 0.056274 	 0.056274 	 8.248000 	 10.493000 
16384 	 32 	 16 	 32 	 0.056274 	 0.056274 	 4.484000 	 4.651000 
16384 	 64 	 8 	 32 	 0.056274 	 0.056274 	 8.239000 	 11.165000 
32768 	 8 	 8 	 32 	 0.056274 	 0.056274 	 8.423000 	 10.582000 
32768 	 8 	 16 	 32 	 0.056274 	 0.056274 	 4.428000 	 4.851000 
32768 	 8 	 32 	 32 	 0.056274 	 0.056274 	 5.506000 	 2.954000 
32768 	 16 	 8 	 32 	 0.056274 	 0.056274 	 8.862000 	 10.146000 
32768 	 16 	 16 	 32 	 0.056274 	 0.056274 	 4.511000 	 5.139000 
32768 	 16 	 32 	 32 	 0.056274 	 0.056274 	 5.466000 	 2.933000 
32768 	 32 	 8 	 32 	 0.056274 	 0.056274 	 8.721000 	 10.096000 
32768 	 32 	 16 	 32 	 0.056274 	 0.056274 	 4.519000 	 4.750000 
32768 	 64 	 8 	 32 	 0.056274 	 0.056274 	 8.129000 	 10.063000 
--------------------- calling cublas ------------------------
cublas success, cublas_error: 8.005845, cublas time: 2.818000 ms
cublas success, cublas_error: 8.005845, cublas time: 2.691000 ms
cublas success, cublas_error: 8.005845, cublas time: 2.704000 ms
cublas success, cublas_error: 8.005845, cublas time: 2.714000 ms
cublas success, cublas_error: 8.005845, cublas time: 2.703000 ms
cublas success, cublas_error: 8.005845, cublas time: 2.695000 ms
cublas success, cublas_error: 8.005845, cublas time: 2.700000 ms
cublas success, cublas_error: 8.005845, cublas time: 2.701000 ms
cublas success, cublas_error: 8.005845, cublas time: 2.697000 ms
cublas success, cublas_error: 8.005845, cublas time: 2.709000 ms
input: ../input/ch7-8-b5.rb
num_of_lines_for_m_ptr_in_row_id 12830, num_of_lines_for_m_row_id 76975, num_of_lines_for_m_data 32567, num_of_rows 141120, num_of_cols 141120, num_of_entries 846720
matrix read
free: 15, tot: 15
V allocated 
free: 15, tot: 15
R allocated 
free: 15, tot: 15
Blocks 	 ThreadsPerBlock 	 PVL 	 LVL 	 simple_error 	 simd_error 	 simple_time 	 simd_time 
8192 	 8 	 8 	 32 	 0.000000 	 0.000000 	 0.319000 	 0.253000 
8192 	 8 	 16 	 32 	 0.000000 	 0.000000 	 0.257000 	 0.251000 
8192 	 8 	 32 	 32 	 0.000000 	 0.000000 	 0.352000 	 0.369000 
8192 	 16 	 8 	 32 	 0.000000 	 0.000000 	 0.259000 	 0.255000 
8192 	 16 	 16 	 32 	 0.000000 	 0.000000 	 0.244000 	 0.240000 
8192 	 16 	 32 	 32 	 0.000000 	 0.000000 	 0.369000 	 0.374000 
8192 	 32 	 8 	 32 	 0.000000 	 0.000000 	 0.273000 	 0.271000 
8192 	 32 	 16 	 32 	 0.000000 	 0.000000 	 0.280000 	 0.265000 
8192 	 64 	 8 	 32 	 0.000000 	 0.000000 	 0.305000 	 0.297000 
16384 	 8 	 8 	 32 	 0.000000 	 0.000000 	 0.258000 	 0.248000 
16384 	 8 	 16 	 32 	 0.000000 	 0.000000 	 0.254000 	 0.250000 
16384 	 8 	 32 	 32 	 0.000000 	 0.000000 	 0.364000 	 0.367000 
16384 	 16 	 8 	 32 	 0.000000 	 0.000000 	 0.271000 	 0.268000 
16384 	 16 	 16 	 32 	 0.000000 	 0.000000 	 0.271000 	 0.259000 
16384 	 16 	 32 	 32 	 0.000000 	 0.000000 	 0.427000 	 0.405000 
16384 	 32 	 8 	 32 	 0.000000 	 0.000000 	 0.292000 	 0.287000 
16384 	 32 	 16 	 32 	 0.000000 	 0.000000 	 0.333000 	 0.305000 
16384 	 64 	 8 	 32 	 0.000000 	 0.000000 	 0.359000 	 0.338000 
32768 	 8 	 8 	 32 	 0.000000 	 0.000000 	 0.281000 	 0.271000 
32768 	 8 	 16 	 32 	 0.000000 	 0.000000 	 0.270000 	 0.263000 
32768 	 8 	 32 	 32 	 0.000000 	 0.000000 	 0.416000 	 0.402000 
32768 	 16 	 8 	 32 	 0.000000 	 0.000000 	 0.299000 	 0.292000 
32768 	 16 	 16 	 32 	 0.000000 	 0.000000 	 0.332000 	 0.306000 
32768 	 16 	 32 	 32 	 0.000000 	 0.000000 	 0.550000 	 0.505000 
32768 	 32 	 8 	 32 	 0.000000 	 0.000000 	 0.357000 	 0.339000 
32768 	 32 	 16 	 32 	 0.000000 	 0.000000 	 0.458000 	 0.403000 
32768 	 64 	 8 	 32 	 0.000000 	 0.000000 	 0.479000 	 0.444000 
--------------------- calling cublas ------------------------
cublas success, cublas_error: 0.000000, cublas time: 0.559000 ms
cublas success, cublas_error: 0.000000, cublas time: 0.483000 ms
cublas success, cublas_error: 0.000000, cublas time: 0.471000 ms
cublas success, cublas_error: 0.000000, cublas time: 0.471000 ms
cublas success, cublas_error: 0.000000, cublas time: 0.472000 ms
cublas success, cublas_error: 0.000000, cublas time: 0.478000 ms
cublas success, cublas_error: 0.000000, cublas time: 0.470000 ms
cublas success, cublas_error: 0.000000, cublas time: 0.466000 ms
cublas success, cublas_error: 0.000000, cublas time: 0.469000 ms
cublas success, cublas_error: 0.000000, cublas time: 0.469000 ms
