input: ../input/sx-stackoverflow.rb
num_of_lines_for_m_ptr_in_row_id 325248, num_of_lines_for_m_row_id 3623345, num_of_lines_for_m_data 2787189, num_of_rows 2601977, num_of_cols 2601977, num_of_entries 36233450
matrix read
free: 15, tot: 15
V allocated 
free: 14, tot: 15
R allocated 
free: 12, tot: 15
Blocks 	 ThreadsPerBlock 	 PVL 	 LVL 	 simple_error 	 simd_error 	 simple_time 	 simd_time 
4096 	 4 	 8 	 128 	 23.550538 	 23.550538 	 115.428000 	 175.389000 
4096 	 4 	 16 	 128 	 23.550538 	 23.550538 	 83.082000 	 140.122000 
4096 	 4 	 32 	 128 	 23.550538 	 23.550538 	 65.459000 	 72.693000 
4096 	 4 	 64 	 128 	 23.550538 	 23.550538 	 58.957000 	 60.283000 
4096 	 4 	 128 	 128 	 23.550538 	 23.550538 	 67.953000 	 64.718000 
4096 	 8 	 8 	 128 	 23.550538 	 23.550538 	 107.266000 	 151.957000 
4096 	 8 	 16 	 128 	 23.550538 	 23.550538 	 76.655000 	 121.395000 
4096 	 8 	 32 	 128 	 23.550538 	 23.550538 	 61.520000 	 66.559000 
4096 	 8 	 64 	 128 	 23.550538 	 23.550538 	 56.831000 	 59.256000 
4096 	 16 	 8 	 128 	 23.550538 	 23.550538 	 105.960000 	 149.846000 
4096 	 16 	 16 	 128 	 23.550538 	 23.550538 	 74.975000 	 118.899000 
4096 	 16 	 32 	 128 	 23.550538 	 23.550538 	 60.984000 	 65.935000 
4096 	 32 	 8 	 128 	 23.550538 	 23.550538 	 101.197000 	 152.044000 
4096 	 32 	 16 	 128 	 23.550538 	 23.550538 	 71.307000 	 118.852000 
4096 	 64 	 8 	 128 	 23.550538 	 23.550538 	 92.651000 	 146.550000 
8192 	 4 	 8 	 128 	 23.550538 	 23.550538 	 103.461000 	 150.738000 
8192 	 4 	 16 	 128 	 23.550538 	 23.550538 	 75.216000 	 123.785000 
8192 	 4 	 32 	 128 	 23.550538 	 23.550538 	 61.952000 	 66.023000 
8192 	 4 	 64 	 128 	 23.550538 	 23.550538 	 56.597000 	 58.879000 
8192 	 4 	 128 	 128 	 23.550538 	 23.550538 	 67.967000 	 63.549000 
8192 	 8 	 8 	 128 	 23.550538 	 23.550538 	 106.742000 	 150.891000 
8192 	 8 	 16 	 128 	 23.550538 	 23.550538 	 75.185000 	 117.859000 
8192 	 8 	 32 	 128 	 23.550538 	 23.550538 	 60.312000 	 65.150000 
8192 	 8 	 64 	 128 	 23.550538 	 23.550538 	 54.677000 	 56.762000 
8192 	 16 	 8 	 128 	 23.550538 	 23.550538 	 103.129000 	 144.868000 
8192 	 16 	 16 	 128 	 23.550538 	 23.550538 	 72.471000 	 113.506000 
8192 	 16 	 32 	 128 	 23.550538 	 23.550538 	 58.528000 	 64.534000 
8192 	 32 	 8 	 128 	 23.550538 	 23.550538 	 99.745000 	 133.848000 
8192 	 32 	 16 	 128 	 23.550538 	 23.550538 	 66.888000 	 110.435000 
8192 	 64 	 8 	 128 	 23.550538 	 23.550538 	 94.440000 	 152.356000 
16384 	 4 	 8 	 128 	 23.550538 	 23.550538 	 104.072000 	 148.611000 
16384 	 4 	 16 	 128 	 23.550538 	 23.550538 	 74.747000 	 118.484000 
16384 	 4 	 32 	 128 	 23.550538 	 23.550538 	 61.781000 	 65.123000 
16384 	 4 	 64 	 128 	 23.550538 	 23.550538 	 55.895000 	 56.298000 
16384 	 4 	 128 	 128 	 23.550538 	 23.550538 	 63.133000 	 60.907000 
16384 	 8 	 8 	 128 	 23.550538 	 23.550538 	 104.613000 	 146.933000 
16384 	 8 	 16 	 128 	 23.550538 	 23.550538 	 72.405000 	 114.764000 
16384 	 8 	 32 	 128 	 23.550538 	 23.550538 	 58.989000 	 64.611000 
16384 	 8 	 64 	 128 	 23.550538 	 23.550538 	 54.124000 	 55.691000 
16384 	 16 	 8 	 128 	 23.550538 	 23.550538 	 100.773000 	 137.316000 
16384 	 16 	 16 	 128 	 23.550538 	 23.550538 	 68.472000 	 114.071000 
16384 	 16 	 32 	 128 	 23.550538 	 23.550538 	 56.332000 	 59.774000 
16384 	 32 	 8 	 128 	 23.550538 	 23.550538 	 97.281000 	 141.424000 
16384 	 32 	 16 	 128 	 23.550538 	 23.550538 	 67.732000 	 111.441000 
16384 	 64 	 8 	 128 	 23.550538 	 23.550538 	 97.057000 	 165.900000 
32768 	 4 	 8 	 128 	 23.550538 	 23.550538 	 101.558000 	 143.243000 
32768 	 4 	 16 	 128 	 23.550538 	 23.550538 	 72.410000 	 114.626000 
32768 	 4 	 32 	 128 	 23.550538 	 23.550538 	 59.743000 	 64.225000 
32768 	 4 	 64 	 128 	 23.550538 	 23.550538 	 54.745000 	 55.823000 
32768 	 4 	 128 	 128 	 23.550538 	 23.550538 	 62.677000 	 60.027000 
32768 	 8 	 8 	 128 	 23.550538 	 23.550538 	 101.944000 	 134.133000 
32768 	 8 	 16 	 128 	 23.550538 	 23.550538 	 72.194000 	 114.552000 
32768 	 8 	 32 	 128 	 23.550538 	 23.550538 	 58.500000 	 61.209000 
32768 	 8 	 64 	 128 	 23.550538 	 23.550538 	 52.169000 	 52.981000 
32768 	 16 	 8 	 128 	 23.550538 	 23.550538 	 101.447000 	 138.838000 
32768 	 16 	 16 	 128 	 23.550538 	 23.550538 	 70.063000 	 112.349000 
32768 	 16 	 32 	 128 	 23.550538 	 23.550538 	 55.498000 	 59.981000 
32768 	 32 	 8 	 128 	 23.550538 	 23.550538 	 100.024000 	 149.966000 
32768 	 32 	 16 	 128 	 23.550538 	 23.550538 	 70.944000 	 117.689000 
32768 	 64 	 8 	 128 	 23.550538 	 23.550538 	 94.154000 	 154.169000 
--------------------- calling cublas ------------------------
cublas success, cublas_error: 608.275600, cublas time: 801.817000 ms
cublas success, cublas_error: 608.275600, cublas time: 801.707000 ms
cublas success, cublas_error: 608.275600, cublas time: 801.743000 ms
cublas success, cublas_error: 608.275600, cublas time: 801.782000 ms
cublas success, cublas_error: 608.275600, cublas time: 801.815000 ms
cublas success, cublas_error: 608.275600, cublas time: 801.785000 ms
cublas success, cublas_error: 608.275600, cublas time: 801.728000 ms
cublas success, cublas_error: 608.275600, cublas time: 801.750000 ms
cublas success, cublas_error: 608.275600, cublas time: 801.741000 ms
cublas success, cublas_error: 608.275600, cublas time: 801.748000 ms
input: ../input/atmosmodm.rb
num_of_lines_for_m_ptr_in_row_id 186220, num_of_lines_for_m_row_id 1031976, num_of_lines_for_m_data 1289970, num_of_rows 1489752, num_of_cols 1489752, num_of_entries 10319760
matrix read
free: 15, tot: 15
V allocated 
free: 14, tot: 15
R allocated 
free: 14, tot: 15
Blocks 	 ThreadsPerBlock 	 PVL 	 LVL 	 simple_error 	 simd_error 	 simple_time 	 simd_time 
4096 	 4 	 8 	 128 	 8142767.708555 	 8142767.708555 	 13.187000 	 12.747000 
4096 	 4 	 16 	 128 	 8142767.708555 	 8142767.708555 	 11.264000 	 10.576000 
4096 	 4 	 32 	 128 	 8142767.708555 	 8142767.708555 	 10.856000 	 10.863000 
4096 	 4 	 64 	 128 	 8142767.708555 	 8142767.708555 	 12.782000 	 12.888000 
4096 	 4 	 128 	 128 	 8142767.708555 	 8142767.708555 	 16.434000 	 16.537000 
4096 	 8 	 8 	 128 	 8142767.708555 	 8142767.708555 	 12.953000 	 11.558000 
4096 	 8 	 16 	 128 	 8142767.708555 	 8142767.708555 	 10.526000 	 9.692000 
4096 	 8 	 32 	 128 	 8142767.708555 	 8142767.708555 	 10.552000 	 10.382000 
4096 	 8 	 64 	 128 	 8142767.708555 	 8142767.708555 	 12.257000 	 12.455000 
4096 	 16 	 8 	 128 	 8142767.708555 	 8142767.708555 	 12.046000 	 10.684000 
4096 	 16 	 16 	 128 	 8142767.708555 	 8142767.708555 	 9.997000 	 8.958000 
4096 	 16 	 32 	 128 	 8142767.708555 	 8142767.708555 	 10.105000 	 9.872000 
4096 	 32 	 8 	 128 	 8142767.708555 	 8142767.708555 	 11.482000 	 9.998000 
4096 	 32 	 16 	 128 	 8142767.708555 	 8142767.708555 	 9.206000 	 8.400000 
4096 	 64 	 8 	 128 	 8142767.708555 	 8142767.708555 	 9.884000 	 9.758000 
8192 	 4 	 8 	 128 	 8142767.708555 	 8142767.708555 	 11.237000 	 10.474000 
8192 	 4 	 16 	 128 	 8142767.708555 	 8142767.708555 	 10.706000 	 9.728000 
8192 	 4 	 32 	 128 	 8142767.708555 	 8142767.708555 	 10.399000 	 10.282000 
8192 	 4 	 64 	 128 	 8142767.708555 	 8142767.708555 	 12.302000 	 12.453000 
8192 	 4 	 128 	 128 	 8142767.708555 	 8142767.708555 	 16.187000 	 16.243000 
8192 	 8 	 8 	 128 	 8142767.708555 	 8142767.708555 	 12.222000 	 10.909000 
8192 	 8 	 16 	 128 	 8142767.708555 	 8142767.708555 	 10.019000 	 9.181000 
8192 	 8 	 32 	 128 	 8142767.708555 	 8142767.708555 	 9.969000 	 9.911000 
8192 	 8 	 64 	 128 	 8142767.708555 	 8142767.708555 	 11.727000 	 12.129000 
8192 	 16 	 8 	 128 	 8142767.708555 	 8142767.708555 	 11.500000 	 10.366000 
8192 	 16 	 16 	 128 	 8142767.708555 	 8142767.708555 	 9.261000 	 8.457000 
8192 	 16 	 32 	 128 	 8142767.708555 	 8142767.708555 	 9.274000 	 9.297000 
8192 	 32 	 8 	 128 	 8142767.708555 	 8142767.708555 	 11.061000 	 9.711000 
8192 	 32 	 16 	 128 	 8142767.708555 	 8142767.708555 	 8.533000 	 7.849000 
8192 	 64 	 8 	 128 	 8142767.708555 	 8142767.708555 	 9.886000 	 9.632000 
16384 	 4 	 8 	 128 	 8142767.708555 	 8142767.708555 	 10.767000 	 10.547000 
16384 	 4 	 16 	 128 	 8142767.708555 	 8142767.708555 	 10.488000 	 9.348000 
16384 	 4 	 32 	 128 	 8142767.708555 	 8142767.708555 	 10.004000 	 9.806000 
16384 	 4 	 64 	 128 	 8142767.708555 	 8142767.708555 	 11.669000 	 11.911000 
16384 	 4 	 128 	 128 	 8142767.708555 	 8142767.708555 	 16.056000 	 16.132000 
16384 	 8 	 8 	 128 	 8142767.708555 	 8142767.708555 	 12.063000 	 10.388000 
16384 	 8 	 16 	 128 	 8142767.708555 	 8142767.708555 	 9.350000 	 8.505000 
16384 	 8 	 32 	 128 	 8142767.708555 	 8142767.708555 	 9.245000 	 9.227000 
16384 	 8 	 64 	 128 	 8142767.708555 	 8142767.708555 	 11.131000 	 11.265000 
16384 	 16 	 8 	 128 	 8142767.708555 	 8142767.708555 	 11.069000 	 10.147000 
16384 	 16 	 16 	 128 	 8142767.708555 	 8142767.708555 	 8.532000 	 7.965000 
16384 	 16 	 32 	 128 	 8142767.708555 	 8142767.708555 	 8.678000 	 8.831000 
16384 	 32 	 8 	 128 	 8142767.708555 	 8142767.708555 	 10.921000 	 9.653000 
16384 	 32 	 16 	 128 	 8142767.708555 	 8142767.708555 	 8.237000 	 7.537000 
16384 	 64 	 8 	 128 	 8142767.708555 	 8142767.708555 	 9.679000 	 9.439000 
32768 	 4 	 8 	 128 	 8142767.708555 	 8142767.708555 	 10.234000 	 10.002000 
32768 	 4 	 16 	 128 	 8142767.708555 	 8142767.708555 	 9.252000 	 8.724000 
32768 	 4 	 32 	 128 	 8142767.708555 	 8142767.708555 	 9.407000 	 9.342000 
32768 	 4 	 64 	 128 	 8142767.708555 	 8142767.708555 	 11.623000 	 11.690000 
32768 	 4 	 128 	 128 	 8142767.708555 	 8142767.708555 	 16.130000 	 16.137000 
32768 	 8 	 8 	 128 	 8142767.708555 	 8142767.708555 	 11.181000 	 10.111000 
32768 	 8 	 16 	 128 	 8142767.708555 	 8142767.708555 	 8.510000 	 8.178000 
32768 	 8 	 32 	 128 	 8142767.708555 	 8142767.708555 	 8.838000 	 8.894000 
32768 	 8 	 64 	 128 	 8142767.708555 	 8142767.708555 	 10.730000 	 10.761000 
32768 	 16 	 8 	 128 	 8142767.708555 	 8142767.708555 	 10.904000 	 10.126000 
32768 	 16 	 16 	 128 	 8142767.708555 	 8142767.708555 	 8.256000 	 7.853000 
32768 	 16 	 32 	 128 	 8142767.708555 	 8142767.708555 	 8.263000 	 8.303000 
32768 	 32 	 8 	 128 	 8142767.708555 	 8142767.708555 	 10.894000 	 9.466000 
32768 	 32 	 16 	 128 	 8142767.708555 	 8142767.708555 	 8.011000 	 7.381000 
32768 	 64 	 8 	 128 	 8142767.708555 	 8142767.708555 	 9.547000 	 9.433000 
--------------------- calling cublas ------------------------
cublas success, cublas_error: 10052192.442662, cublas time: 15.526000 ms
cublas success, cublas_error: 10052192.442662, cublas time: 15.467000 ms
cublas success, cublas_error: 10052192.442662, cublas time: 15.480000 ms
cublas success, cublas_error: 10052192.442662, cublas time: 15.487000 ms
cublas success, cublas_error: 10052192.442662, cublas time: 15.483000 ms
cublas success, cublas_error: 10052192.442662, cublas time: 15.472000 ms
cublas success, cublas_error: 10052192.442662, cublas time: 15.477000 ms
cublas success, cublas_error: 10052192.442662, cublas time: 15.475000 ms
cublas success, cublas_error: 10052192.442662, cublas time: 15.499000 ms
cublas success, cublas_error: 10052192.442662, cublas time: 15.488000 ms
input: ../input/t2em.rb
num_of_lines_for_m_ptr_in_row_id 92164, num_of_lines_for_m_row_id 417349, num_of_lines_for_m_data 176571, num_of_rows 921632, num_of_cols 921632, num_of_entries 4590832
matrix read
free: 15, tot: 15
V allocated 
free: 15, tot: 15
R allocated 
free: 14, tot: 15
Blocks 	 ThreadsPerBlock 	 PVL 	 LVL 	 simple_error 	 simd_error 	 simple_time 	 simd_time 
4096 	 4 	 8 	 128 	 0.000000 	 0.000000 	 5.517000 	 5.463000 
4096 	 4 	 16 	 128 	 0.000000 	 0.000000 	 4.812000 	 4.676000 
4096 	 4 	 32 	 128 	 0.000000 	 0.000000 	 4.838000 	 4.377000 
4096 	 4 	 64 	 128 	 0.000000 	 0.000000 	 5.828000 	 5.767000 
4096 	 4 	 128 	 128 	 0.000000 	 0.000000 	 7.536000 	 7.446000 
4096 	 8 	 8 	 128 	 0.000000 	 0.000000 	 5.171000 	 4.887000 
4096 	 8 	 16 	 128 	 0.000000 	 0.000000 	 4.412000 	 4.378000 
4096 	 8 	 32 	 128 	 0.000000 	 0.000000 	 4.518000 	 4.121000 
4096 	 8 	 64 	 128 	 0.000000 	 0.000000 	 5.507000 	 5.602000 
4096 	 16 	 8 	 128 	 0.000000 	 0.000000 	 4.715000 	 4.741000 
4096 	 16 	 16 	 128 	 0.000000 	 0.000000 	 4.186000 	 4.184000 
4096 	 16 	 32 	 128 	 0.000000 	 0.000000 	 4.381000 	 4.102000 
4096 	 32 	 8 	 128 	 0.000000 	 0.000000 	 4.543000 	 4.518000 
4096 	 32 	 16 	 128 	 0.000000 	 0.000000 	 3.940000 	 3.551000 
4096 	 64 	 8 	 128 	 0.000000 	 0.000000 	 4.647000 	 4.500000 
8192 	 4 	 8 	 128 	 0.000000 	 0.000000 	 4.637000 	 4.604000 
8192 	 4 	 16 	 128 	 0.000000 	 0.000000 	 4.576000 	 4.265000 
8192 	 4 	 32 	 128 	 0.000000 	 0.000000 	 4.514000 	 4.140000 
8192 	 4 	 64 	 128 	 0.000000 	 0.000000 	 5.463000 	 5.587000 
8192 	 4 	 128 	 128 	 0.000000 	 0.000000 	 7.423000 	 7.361000 
8192 	 8 	 8 	 128 	 0.000000 	 0.000000 	 4.975000 	 4.623000 
8192 	 8 	 16 	 128 	 0.000000 	 0.000000 	 4.280000 	 4.099000 
8192 	 8 	 32 	 128 	 0.000000 	 0.000000 	 4.382000 	 4.016000 
8192 	 8 	 64 	 128 	 0.000000 	 0.000000 	 5.435000 	 5.490000 
8192 	 16 	 8 	 128 	 0.000000 	 0.000000 	 4.725000 	 4.477000 
8192 	 16 	 16 	 128 	 0.000000 	 0.000000 	 4.096000 	 3.819000 
8192 	 16 	 32 	 128 	 0.000000 	 0.000000 	 4.154000 	 3.879000 
8192 	 32 	 8 	 128 	 0.000000 	 0.000000 	 4.300000 	 4.392000 
8192 	 32 	 16 	 128 	 0.000000 	 0.000000 	 3.443000 	 3.140000 
8192 	 64 	 8 	 128 	 0.000000 	 0.000000 	 4.055000 	 4.078000 
16384 	 4 	 8 	 128 	 0.000000 	 0.000000 	 4.316000 	 4.489000 
16384 	 4 	 16 	 128 	 0.000000 	 0.000000 	 4.536000 	 4.103000 
16384 	 4 	 32 	 128 	 0.000000 	 0.000000 	 4.450000 	 4.140000 
16384 	 4 	 64 	 128 	 0.000000 	 0.000000 	 5.488000 	 5.542000 
16384 	 4 	 128 	 128 	 0.000000 	 0.000000 	 7.298000 	 7.248000 
16384 	 8 	 8 	 128 	 0.000000 	 0.000000 	 4.799000 	 4.464000 
16384 	 8 	 16 	 128 	 0.000000 	 0.000000 	 4.156000 	 3.865000 
16384 	 8 	 32 	 128 	 0.000000 	 0.000000 	 4.234000 	 4.015000 
16384 	 8 	 64 	 128 	 0.000000 	 0.000000 	 5.379000 	 5.405000 
16384 	 16 	 8 	 128 	 0.000000 	 0.000000 	 4.285000 	 4.273000 
16384 	 16 	 16 	 128 	 0.000000 	 0.000000 	 3.481000 	 3.289000 
16384 	 16 	 32 	 128 	 0.000000 	 0.000000 	 3.758000 	 3.790000 
16384 	 32 	 8 	 128 	 0.000000 	 0.000000 	 3.976000 	 4.329000 
16384 	 32 	 16 	 128 	 0.000000 	 0.000000 	 3.053000 	 2.860000 
16384 	 64 	 8 	 128 	 0.000000 	 0.000000 	 3.944000 	 4.110000 
32768 	 4 	 8 	 128 	 0.000000 	 0.000000 	 4.159000 	 4.341000 
32768 	 4 	 16 	 128 	 0.000000 	 0.000000 	 4.247000 	 3.910000 
32768 	 4 	 32 	 128 	 0.000000 	 0.000000 	 4.279000 	 4.160000 
32768 	 4 	 64 	 128 	 0.000000 	 0.000000 	 5.410000 	 5.447000 
32768 	 4 	 128 	 128 	 0.000000 	 0.000000 	 7.208000 	 7.117000 
32768 	 8 	 8 	 128 	 0.000000 	 0.000000 	 4.232000 	 4.226000 
32768 	 8 	 16 	 128 	 0.000000 	 0.000000 	 3.498000 	 3.334000 
32768 	 8 	 32 	 128 	 0.000000 	 0.000000 	 3.792000 	 3.910000 
32768 	 8 	 64 	 128 	 0.000000 	 0.000000 	 5.213000 	 5.200000 
32768 	 16 	 8 	 128 	 0.000000 	 0.000000 	 3.998000 	 4.213000 
32768 	 16 	 16 	 128 	 0.000000 	 0.000000 	 3.108000 	 2.897000 
32768 	 16 	 32 	 128 	 0.000000 	 0.000000 	 3.354000 	 3.356000 
32768 	 32 	 8 	 128 	 0.000000 	 0.000000 	 3.981000 	 4.464000 
32768 	 32 	 16 	 128 	 0.000000 	 0.000000 	 2.834000 	 2.746000 
32768 	 64 	 8 	 128 	 0.000000 	 0.000000 	 4.152000 	 4.240000 
--------------------- calling cublas ------------------------
cublas success, cublas_error: 0.005128, cublas time: 8.860000 ms
cublas success, cublas_error: 0.005128, cublas time: 8.819000 ms
cublas success, cublas_error: 0.005128, cublas time: 8.816000 ms
cublas success, cublas_error: 0.005128, cublas time: 8.813000 ms
cublas success, cublas_error: 0.005128, cublas time: 8.818000 ms
cublas success, cublas_error: 0.005128, cublas time: 8.809000 ms
cublas success, cublas_error: 0.005128, cublas time: 8.820000 ms
cublas success, cublas_error: 0.005128, cublas time: 8.815000 ms
cublas success, cublas_error: 0.005128, cublas time: 8.839000 ms
cublas success, cublas_error: 0.005128, cublas time: 8.805000 ms
input: ../input/wiki-talk-temporal.rb
num_of_lines_for_m_ptr_in_row_id 114015, num_of_lines_for_m_row_id 330960, num_of_lines_for_m_data 254584, num_of_rows 1140149, num_of_cols 1140149, num_of_entries 3309592
matrix read
free: 15, tot: 15
V allocated 
free: 15, tot: 15
R allocated 
free: 14, tot: 15
Blocks 	 ThreadsPerBlock 	 PVL 	 LVL 	 simple_error 	 simd_error 	 simple_time 	 simd_time 
4096 	 4 	 8 	 128 	 0.910963 	 0.910963 	 130.464000 	 333.750000 
4096 	 4 	 16 	 128 	 0.910963 	 0.910963 	 101.772000 	 252.766000 
4096 	 4 	 32 	 128 	 0.910963 	 0.910963 	 88.394000 	 113.259000 
4096 	 4 	 64 	 128 	 0.910963 	 0.910963 	 46.182000 	 57.982000 
4096 	 4 	 128 	 128 	 0.910963 	 0.910963 	 55.528000 	 32.283000 
4096 	 8 	 8 	 128 	 0.910963 	 0.910963 	 130.565000 	 334.067000 
4096 	 8 	 16 	 128 	 0.910963 	 0.910963 	 99.866000 	 252.969000 
4096 	 8 	 32 	 128 	 0.910963 	 0.910963 	 88.124000 	 113.200000 
4096 	 8 	 64 	 128 	 0.910963 	 0.910963 	 45.875000 	 57.247000 
4096 	 16 	 8 	 128 	 0.910963 	 0.910963 	 138.273000 	 342.330000 
4096 	 16 	 16 	 128 	 0.910963 	 0.910963 	 103.125000 	 260.324000 
4096 	 16 	 32 	 128 	 0.910963 	 0.910963 	 91.709000 	 118.103000 
4096 	 32 	 8 	 128 	 0.910963 	 0.910963 	 133.761000 	 336.074000 
4096 	 32 	 16 	 128 	 0.910963 	 0.910963 	 100.661000 	 254.885000 
4096 	 64 	 8 	 128 	 0.910963 	 0.910963 	 129.638000 	 333.015000 
8192 	 4 	 8 	 128 	 0.910963 	 0.910963 	 130.193000 	 333.344000 
8192 	 4 	 16 	 128 	 0.910963 	 0.910963 	 99.506000 	 252.493000 
8192 	 4 	 32 	 128 	 0.910963 	 0.910963 	 88.256000 	 115.521000 
8192 	 4 	 64 	 128 	 0.910963 	 0.910963 	 46.131000 	 57.390000 
8192 	 4 	 128 	 128 	 0.910963 	 0.910963 	 56.274000 	 33.831000 
8192 	 8 	 8 	 128 	 0.910963 	 0.910963 	 131.800000 	 333.927000 
8192 	 8 	 16 	 128 	 0.910963 	 0.910963 	 99.664000 	 252.862000 
8192 	 8 	 32 	 128 	 0.910963 	 0.910963 	 88.085000 	 113.060000 
8192 	 8 	 64 	 128 	 0.910963 	 0.910963 	 45.789000 	 57.238000 
8192 	 16 	 8 	 128 	 0.910963 	 0.910963 	 138.072000 	 341.921000 
8192 	 16 	 16 	 128 	 0.910963 	 0.910963 	 103.062000 	 260.331000 
8192 	 16 	 32 	 128 	 0.910963 	 0.910963 	 91.650000 	 117.858000 
8192 	 32 	 8 	 128 	 0.910963 	 0.910963 	 133.987000 	 336.011000 
8192 	 32 	 16 	 128 	 0.910963 	 0.910963 	 100.526000 	 254.785000 
8192 	 64 	 8 	 128 	 0.910963 	 0.910963 	 129.671000 	 332.976000 
16384 	 4 	 8 	 128 	 0.910963 	 0.910963 	 129.867000 	 333.139000 
16384 	 4 	 16 	 128 	 0.910963 	 0.910963 	 99.537000 	 252.370000 
16384 	 4 	 32 	 128 	 0.910963 	 0.910963 	 88.110000 	 113.006000 
16384 	 4 	 64 	 128 	 0.910963 	 0.910963 	 46.451000 	 57.390000 
16384 	 4 	 128 	 128 	 0.910963 	 0.910963 	 58.427000 	 33.563000 
16384 	 8 	 8 	 128 	 0.910963 	 0.910963 	 130.435000 	 333.849000 
16384 	 8 	 16 	 128 	 0.910963 	 0.910963 	 99.759000 	 252.618000 
16384 	 8 	 32 	 128 	 0.910963 	 0.910963 	 88.093000 	 112.897000 
16384 	 8 	 64 	 128 	 0.910963 	 0.910963 	 45.658000 	 57.568000 
16384 	 16 	 8 	 128 	 0.910963 	 0.910963 	 138.423000 	 342.019000 
16384 	 16 	 16 	 128 	 0.910963 	 0.910963 	 102.641000 	 260.273000 
16384 	 16 	 32 	 128 	 0.910963 	 0.910963 	 91.581000 	 118.032000 
16384 	 32 	 8 	 128 	 0.910963 	 0.910963 	 133.819000 	 335.948000 
16384 	 32 	 16 	 128 	 0.910963 	 0.910963 	 100.473000 	 254.604000 
16384 	 64 	 8 	 128 	 0.910963 	 0.910963 	 129.660000 	 333.113000 
32768 	 4 	 8 	 128 	 0.910963 	 0.910963 	 130.008000 	 333.020000 
32768 	 4 	 16 	 128 	 0.910963 	 0.910963 	 99.374000 	 252.136000 
32768 	 4 	 32 	 128 	 0.910963 	 0.910963 	 87.881000 	 113.417000 
32768 	 4 	 64 	 128 	 0.910963 	 0.910963 	 45.857000 	 57.416000 
32768 	 4 	 128 	 128 	 0.910963 	 0.910963 	 58.016000 	 33.269000 
32768 	 8 	 8 	 128 	 0.910963 	 0.910963 	 130.303000 	 333.758000 
32768 	 8 	 16 	 128 	 0.910963 	 0.910963 	 99.634000 	 252.536000 
32768 	 8 	 32 	 128 	 0.910963 	 0.910963 	 88.098000 	 113.067000 
32768 	 8 	 64 	 128 	 0.910963 	 0.910963 	 45.598000 	 57.453000 
32768 	 16 	 8 	 128 	 0.910963 	 0.910963 	 138.063000 	 341.981000 
32768 	 16 	 16 	 128 	 0.910963 	 0.910963 	 102.782000 	 260.166000 
32768 	 16 	 32 	 128 	 0.910963 	 0.910963 	 91.397000 	 117.670000 
32768 	 32 	 8 	 128 	 0.910963 	 0.910963 	 133.707000 	 336.977000 
32768 	 32 	 16 	 128 	 0.910963 	 0.910963 	 100.478000 	 254.485000 
32768 	 64 	 8 	 128 	 0.910963 	 0.910963 	 129.714000 	 333.140000 
--------------------- calling cublas ------------------------
cublas success, cublas_error: 410.121199, cublas time: 46.903000 ms
cublas success, cublas_error: 410.121199, cublas time: 46.049000 ms
cublas success, cublas_error: 410.121199, cublas time: 46.126000 ms
cublas success, cublas_error: 410.121199, cublas time: 46.307000 ms
cublas success, cublas_error: 410.121199, cublas time: 45.930000 ms
cublas success, cublas_error: 410.121199, cublas time: 46.123000 ms
cublas success, cublas_error: 410.121199, cublas time: 46.314000 ms
cublas success, cublas_error: 410.121199, cublas time: 46.146000 ms
cublas success, cublas_error: 410.121199, cublas time: 46.042000 ms
cublas success, cublas_error: 410.121199, cublas time: 46.274000 ms
input: ../input/mc2depi.rb
num_of_lines_for_m_ptr_in_row_id 52583, num_of_lines_for_m_row_id 190930, num_of_lines_for_m_data 161556, num_of_rows 525825, num_of_cols 525825, num_of_entries 2100225
matrix read
free: 15, tot: 15
V allocated 
free: 15, tot: 15
R allocated 
free: 15, tot: 15
Blocks 	 ThreadsPerBlock 	 PVL 	 LVL 	 simple_error 	 simd_error 	 simple_time 	 simd_time 
4096 	 4 	 8 	 128 	 3080.017333 	 3080.017333 	 2.603000 	 2.671000 
4096 	 4 	 16 	 128 	 3080.017333 	 3080.017333 	 2.227000 	 1.981000 
4096 	 4 	 32 	 128 	 3080.017333 	 3080.017333 	 2.083000 	 2.024000 
4096 	 4 	 64 	 128 	 3080.017333 	 3080.017333 	 2.652000 	 2.851000 
4096 	 4 	 128 	 128 	 3080.017333 	 3080.017333 	 3.721000 	 3.718000 
4096 	 8 	 8 	 128 	 3080.017333 	 3080.017333 	 2.505000 	 2.509000 
4096 	 8 	 16 	 128 	 3080.017333 	 3080.017333 	 2.058000 	 1.953000 
4096 	 8 	 32 	 128 	 3080.017333 	 3080.017333 	 2.000000 	 2.021000 
4096 	 8 	 64 	 128 	 3080.017333 	 3080.017333 	 2.589000 	 2.741000 
4096 	 16 	 8 	 128 	 3080.017333 	 3080.017333 	 2.347000 	 2.364000 
4096 	 16 	 16 	 128 	 3080.017333 	 3080.017333 	 1.902000 	 1.824000 
4096 	 16 	 32 	 128 	 3080.017333 	 3080.017333 	 1.967000 	 1.963000 
4096 	 32 	 8 	 128 	 3080.017333 	 3080.017333 	 2.220000 	 2.178000 
4096 	 32 	 16 	 128 	 3080.017333 	 3080.017333 	 1.710000 	 1.710000 
4096 	 64 	 8 	 128 	 3080.017333 	 3080.017333 	 2.101000 	 2.154000 
8192 	 4 	 8 	 128 	 3080.017333 	 3080.017333 	 2.233000 	 2.291000 
8192 	 4 	 16 	 128 	 3080.017333 	 3080.017333 	 2.114000 	 1.844000 
8192 	 4 	 32 	 128 	 3080.017333 	 3080.017333 	 2.011000 	 1.978000 
8192 	 4 	 64 	 128 	 3080.017333 	 3080.017333 	 2.684000 	 2.789000 
8192 	 4 	 128 	 128 	 3080.017333 	 3080.017333 	 3.667000 	 3.653000 
8192 	 8 	 8 	 128 	 3080.017333 	 3080.017333 	 2.249000 	 2.365000 
8192 	 8 	 16 	 128 	 3080.017333 	 3080.017333 	 1.906000 	 1.804000 
8192 	 8 	 32 	 128 	 3080.017333 	 3080.017333 	 1.984000 	 1.955000 
8192 	 8 	 64 	 128 	 3080.017333 	 3080.017333 	 2.534000 	 2.579000 
8192 	 16 	 8 	 128 	 3080.017333 	 3080.017333 	 2.156000 	 2.092000 
8192 	 16 	 16 	 128 	 3080.017333 	 3080.017333 	 1.686000 	 1.718000 
8192 	 16 	 32 	 128 	 3080.017333 	 3080.017333 	 1.837000 	 1.882000 
8192 	 32 	 8 	 128 	 3080.017333 	 3080.017333 	 2.153000 	 2.160000 
8192 	 32 	 16 	 128 	 3080.017333 	 3080.017333 	 1.561000 	 1.592000 
8192 	 64 	 8 	 128 	 3080.017333 	 3080.017333 	 2.263000 	 2.378000 
16384 	 4 	 8 	 128 	 3080.017333 	 3080.017333 	 2.113000 	 2.196000 
16384 	 4 	 16 	 128 	 3080.017333 	 3080.017333 	 1.948000 	 1.775000 
16384 	 4 	 32 	 128 	 3080.017333 	 3080.017333 	 2.037000 	 1.963000 
16384 	 4 	 64 	 128 	 3080.017333 	 3080.017333 	 2.532000 	 2.580000 
16384 	 4 	 128 	 128 	 3080.017333 	 3080.017333 	 3.483000 	 3.454000 
16384 	 8 	 8 	 128 	 3080.017333 	 3080.017333 	 2.150000 	 2.253000 
16384 	 8 	 16 	 128 	 3080.017333 	 3080.017333 	 1.691000 	 1.706000 
16384 	 8 	 32 	 128 	 3080.017333 	 3080.017333 	 1.879000 	 1.892000 
16384 	 8 	 64 	 128 	 3080.017333 	 3080.017333 	 2.292000 	 2.263000 
16384 	 16 	 8 	 128 	 3080.017333 	 3080.017333 	 2.182000 	 2.163000 
16384 	 16 	 16 	 128 	 3080.017333 	 3080.017333 	 1.574000 	 1.600000 
16384 	 16 	 32 	 128 	 3080.017333 	 3080.017333 	 1.670000 	 1.802000 
16384 	 32 	 8 	 128 	 3080.017333 	 3080.017333 	 2.191000 	 2.411000 
16384 	 32 	 16 	 128 	 3080.017333 	 3080.017333 	 1.502000 	 1.467000 
16384 	 64 	 8 	 128 	 3080.017333 	 3080.017333 	 2.388000 	 2.434000 
32768 	 4 	 8 	 128 	 3080.017333 	 3080.017333 	 2.017000 	 2.071000 
32768 	 4 	 16 	 128 	 3080.017333 	 3080.017333 	 1.705000 	 1.714000 
32768 	 4 	 32 	 128 	 3080.017333 	 3080.017333 	 1.868000 	 1.887000 
32768 	 4 	 64 	 128 	 3080.017333 	 3080.017333 	 2.283000 	 2.268000 
32768 	 4 	 128 	 128 	 3080.017333 	 3080.017333 	 3.227000 	 3.189000 
32768 	 8 	 8 	 128 	 3080.017333 	 3080.017333 	 2.196000 	 2.121000 
32768 	 8 	 16 	 128 	 3080.017333 	 3080.017333 	 1.572000 	 1.597000 
32768 	 8 	 32 	 128 	 3080.017333 	 3080.017333 	 1.670000 	 1.791000 
32768 	 8 	 64 	 128 	 3080.017333 	 3080.017333 	 2.234000 	 2.233000 
32768 	 16 	 8 	 128 	 3080.017333 	 3080.017333 	 2.233000 	 2.350000 
32768 	 16 	 16 	 128 	 3080.017333 	 3080.017333 	 1.498000 	 1.483000 
32768 	 16 	 32 	 128 	 3080.017333 	 3080.017333 	 1.611000 	 1.686000 
32768 	 32 	 8 	 128 	 3080.017333 	 3080.017333 	 2.232000 	 2.442000 
32768 	 32 	 16 	 128 	 3080.017333 	 3080.017333 	 1.607000 	 1.565000 
32768 	 64 	 8 	 128 	 3080.017333 	 3080.017333 	 2.371000 	 2.578000 
--------------------- calling cublas ------------------------
cublas success, cublas_error: 3082.322192, cublas time: 4.162000 ms
cublas success, cublas_error: 3082.322192, cublas time: 4.119000 ms
cublas success, cublas_error: 3082.322192, cublas time: 4.134000 ms
cublas success, cublas_error: 3082.322192, cublas time: 4.102000 ms
cublas success, cublas_error: 3082.322192, cublas time: 4.106000 ms
cublas success, cublas_error: 3082.322192, cublas time: 4.106000 ms
cublas success, cublas_error: 3082.322192, cublas time: 4.110000 ms
cublas success, cublas_error: 3082.322192, cublas time: 4.113000 ms
cublas success, cublas_error: 3082.322192, cublas time: 4.127000 ms
cublas success, cublas_error: 3082.322192, cublas time: 4.156000 ms
input: ../input/Linux_call_graph.rb
num_of_lines_for_m_ptr_in_row_id 32409, num_of_lines_for_m_row_id 109901, num_of_lines_for_m_data 46497, num_of_rows 324085, num_of_cols 324085, num_of_entries 1208908
matrix read
free: 15, tot: 15
V allocated 
free: 15, tot: 15
R allocated 
free: 15, tot: 15
Blocks 	 ThreadsPerBlock 	 PVL 	 LVL 	 simple_error 	 simd_error 	 simple_time 	 simd_time 
4096 	 4 	 8 	 128 	 0.004804 	 0.004804 	 2.576000 	 3.331000 
4096 	 4 	 16 	 128 	 0.004804 	 0.004804 	 1.969000 	 2.648000 
4096 	 4 	 32 	 128 	 0.004804 	 0.004804 	 1.563000 	 1.542000 
4096 	 4 	 64 	 128 	 0.004804 	 0.004804 	 1.604000 	 1.610000 
4096 	 4 	 128 	 128 	 0.004804 	 0.004804 	 2.074000 	 2.092000 
4096 	 8 	 8 	 128 	 0.004804 	 0.004804 	 2.595000 	 3.415000 
4096 	 8 	 16 	 128 	 0.004804 	 0.004804 	 1.915000 	 2.683000 
4096 	 8 	 32 	 128 	 0.004804 	 0.004804 	 1.558000 	 1.618000 
4096 	 8 	 64 	 128 	 0.004804 	 0.004804 	 1.529000 	 1.532000 
4096 	 16 	 8 	 128 	 0.004804 	 0.004804 	 2.576000 	 3.484000 
4096 	 16 	 16 	 128 	 0.004804 	 0.004804 	 1.888000 	 2.769000 
4096 	 16 	 32 	 128 	 0.004804 	 0.004804 	 1.557000 	 1.693000 
4096 	 32 	 8 	 128 	 0.004804 	 0.004804 	 2.376000 	 3.166000 
4096 	 32 	 16 	 128 	 0.004804 	 0.004804 	 1.702000 	 2.515000 
4096 	 64 	 8 	 128 	 0.004804 	 0.004804 	 2.354000 	 3.709000 
8192 	 4 	 8 	 128 	 0.004804 	 0.004804 	 2.430000 	 3.360000 
8192 	 4 	 16 	 128 	 0.004804 	 0.004804 	 1.911000 	 2.673000 
8192 	 4 	 32 	 128 	 0.004804 	 0.004804 	 1.590000 	 1.615000 
8192 	 4 	 64 	 128 	 0.004804 	 0.004804 	 1.529000 	 1.549000 
8192 	 4 	 128 	 128 	 0.004804 	 0.004804 	 2.072000 	 2.025000 
8192 	 8 	 8 	 128 	 0.004804 	 0.004804 	 2.514000 	 3.501000 
8192 	 8 	 16 	 128 	 0.004804 	 0.004804 	 1.934000 	 2.736000 
8192 	 8 	 32 	 128 	 0.004804 	 0.004804 	 1.599000 	 1.675000 
8192 	 8 	 64 	 128 	 0.004804 	 0.004804 	 1.555000 	 1.591000 
8192 	 16 	 8 	 128 	 0.004804 	 0.004804 	 2.389000 	 3.132000 
8192 	 16 	 16 	 128 	 0.004804 	 0.004804 	 1.739000 	 2.454000 
8192 	 16 	 32 	 128 	 0.004804 	 0.004804 	 1.397000 	 1.475000 
8192 	 32 	 8 	 128 	 0.004804 	 0.004804 	 2.408000 	 3.423000 
8192 	 32 	 16 	 128 	 0.004804 	 0.004804 	 1.793000 	 2.751000 
8192 	 64 	 8 	 128 	 0.004804 	 0.004804 	 2.266000 	 3.451000 
16384 	 4 	 8 	 128 	 0.004804 	 0.004804 	 2.489000 	 3.474000 
16384 	 4 	 16 	 128 	 0.004804 	 0.004804 	 1.929000 	 2.719000 
16384 	 4 	 32 	 128 	 0.004804 	 0.004804 	 1.587000 	 1.660000 
16384 	 4 	 64 	 128 	 0.004804 	 0.004804 	 1.563000 	 1.600000 
16384 	 4 	 128 	 128 	 0.004804 	 0.004804 	 2.030000 	 1.977000 
16384 	 8 	 8 	 128 	 0.004804 	 0.004804 	 2.382000 	 3.190000 
16384 	 8 	 16 	 128 	 0.004804 	 0.004804 	 1.769000 	 2.463000 
16384 	 8 	 32 	 128 	 0.004804 	 0.004804 	 1.432000 	 1.470000 
16384 	 8 	 64 	 128 	 0.004804 	 0.004804 	 1.432000 	 1.429000 
16384 	 16 	 8 	 128 	 0.004804 	 0.004804 	 2.435000 	 3.371000 
16384 	 16 	 16 	 128 	 0.004804 	 0.004804 	 1.813000 	 2.648000 
16384 	 16 	 32 	 128 	 0.004804 	 0.004804 	 1.491000 	 1.642000 
16384 	 32 	 8 	 128 	 0.004804 	 0.004804 	 2.325000 	 3.239000 
16384 	 32 	 16 	 128 	 0.004804 	 0.004804 	 1.668000 	 2.565000 
16384 	 64 	 8 	 128 	 0.004804 	 0.004804 	 2.227000 	 3.442000 
32768 	 4 	 8 	 128 	 0.004804 	 0.004804 	 2.373000 	 3.134000 
32768 	 4 	 16 	 128 	 0.004804 	 0.004804 	 1.739000 	 2.435000 
32768 	 4 	 32 	 128 	 0.004804 	 0.004804 	 1.454000 	 1.476000 
32768 	 4 	 64 	 128 	 0.004804 	 0.004804 	 1.439000 	 1.427000 
32768 	 4 	 128 	 128 	 0.004804 	 0.004804 	 2.037000 	 1.935000 
32768 	 8 	 8 	 128 	 0.004804 	 0.004804 	 2.424000 	 3.368000 
32768 	 8 	 16 	 128 	 0.004804 	 0.004804 	 1.809000 	 2.620000 
32768 	 8 	 32 	 128 	 0.004804 	 0.004804 	 1.502000 	 1.588000 
32768 	 8 	 64 	 128 	 0.004804 	 0.004804 	 1.482000 	 1.517000 
32768 	 16 	 8 	 128 	 0.004804 	 0.004804 	 2.372000 	 3.175000 
32768 	 16 	 16 	 128 	 0.004804 	 0.004804 	 1.722000 	 2.472000 
32768 	 16 	 32 	 128 	 0.004804 	 0.004804 	 1.403000 	 1.516000 
32768 	 32 	 8 	 128 	 0.004804 	 0.004804 	 2.288000 	 3.216000 
32768 	 32 	 16 	 128 	 0.004804 	 0.004804 	 1.687000 	 2.582000 
32768 	 64 	 8 	 128 	 0.004804 	 0.004804 	 2.241000 	 3.453000 
--------------------- calling cublas ------------------------
cublas success, cublas_error: 1.443652, cublas time: 5.546000 ms
cublas success, cublas_error: 1.443652, cublas time: 5.501000 ms
cublas success, cublas_error: 1.443652, cublas time: 5.526000 ms
cublas success, cublas_error: 1.443652, cublas time: 5.510000 ms
cublas success, cublas_error: 1.443652, cublas time: 5.518000 ms
cublas success, cublas_error: 1.443652, cublas time: 5.497000 ms
cublas success, cublas_error: 1.443652, cublas time: 5.501000 ms
cublas success, cublas_error: 1.443652, cublas time: 5.499000 ms
cublas success, cublas_error: 1.443652, cublas time: 5.493000 ms
cublas success, cublas_error: 1.443652, cublas time: 5.496000 ms
input: ../input/sx-superuser.rb
num_of_lines_for_m_ptr_in_row_id 17645, num_of_lines_for_m_row_id 84081, num_of_lines_for_m_data 57806, num_of_rows 194085, num_of_cols 194085, num_of_entries 924886
matrix read
free: 15, tot: 15
V allocated 
free: 15, tot: 15
R allocated 
free: 15, tot: 15
Blocks 	 ThreadsPerBlock 	 PVL 	 LVL 	 simple_error 	 simd_error 	 simple_time 	 simd_time 
4096 	 4 	 8 	 128 	 0.367886 	 0.367886 	 13.681000 	 32.606000 
4096 	 4 	 16 	 128 	 0.367886 	 0.367886 	 10.333000 	 25.091000 
4096 	 4 	 32 	 128 	 0.367886 	 0.367886 	 8.926000 	 11.130000 
4096 	 4 	 64 	 128 	 0.367886 	 0.367886 	 5.199000 	 6.257000 
4096 	 4 	 128 	 128 	 0.367886 	 0.367886 	 6.396000 	 4.172000 
4096 	 8 	 8 	 128 	 0.367886 	 0.367886 	 13.297000 	 32.921000 
4096 	 8 	 16 	 128 	 0.367886 	 0.367886 	 10.130000 	 24.214000 
4096 	 8 	 32 	 128 	 0.367886 	 0.367886 	 8.740000 	 10.850000 
4096 	 8 	 64 	 128 	 0.367886 	 0.367886 	 5.146000 	 6.343000 
4096 	 16 	 8 	 128 	 0.367886 	 0.367886 	 13.491000 	 33.379000 
4096 	 16 	 16 	 128 	 0.367886 	 0.367886 	 10.107000 	 24.762000 
4096 	 16 	 32 	 128 	 0.367886 	 0.367886 	 9.113000 	 11.022000 
4096 	 32 	 8 	 128 	 0.367886 	 0.367886 	 13.639000 	 31.788000 
4096 	 32 	 16 	 128 	 0.367886 	 0.367886 	 10.162000 	 24.941000 
4096 	 64 	 8 	 128 	 0.367886 	 0.367886 	 13.395000 	 32.002000 
8192 	 4 	 8 	 128 	 0.367886 	 0.367886 	 13.487000 	 32.421000 
8192 	 4 	 16 	 128 	 0.367886 	 0.367886 	 10.310000 	 24.841000 
8192 	 4 	 32 	 128 	 0.367886 	 0.367886 	 9.125000 	 11.685000 
8192 	 4 	 64 	 128 	 0.367886 	 0.367886 	 5.315000 	 6.336000 
8192 	 4 	 128 	 128 	 0.367886 	 0.367886 	 6.079000 	 3.850000 
8192 	 8 	 8 	 128 	 0.367886 	 0.367886 	 13.233000 	 33.539000 
8192 	 8 	 16 	 128 	 0.367886 	 0.367886 	 10.374000 	 25.223000 
8192 	 8 	 32 	 128 	 0.367886 	 0.367886 	 8.906000 	 11.223000 
8192 	 8 	 64 	 128 	 0.367886 	 0.367886 	 5.260000 	 6.180000 
8192 	 16 	 8 	 128 	 0.367886 	 0.367886 	 13.450000 	 30.873000 
8192 	 16 	 16 	 128 	 0.367886 	 0.367886 	 10.144000 	 24.210000 
8192 	 16 	 32 	 128 	 0.367886 	 0.367886 	 8.831000 	 11.119000 
8192 	 32 	 8 	 128 	 0.367886 	 0.367886 	 13.600000 	 33.435000 
8192 	 32 	 16 	 128 	 0.367886 	 0.367886 	 9.964000 	 24.557000 
8192 	 64 	 8 	 128 	 0.367886 	 0.367886 	 13.251000 	 32.230000 
16384 	 4 	 8 	 128 	 0.367886 	 0.367886 	 14.367000 	 31.989000 
16384 	 4 	 16 	 128 	 0.367886 	 0.367886 	 10.321000 	 25.010000 
16384 	 4 	 32 	 128 	 0.367886 	 0.367886 	 9.179000 	 11.609000 
16384 	 4 	 64 	 128 	 0.367886 	 0.367886 	 5.487000 	 6.479000 
16384 	 4 	 128 	 128 	 0.367886 	 0.367886 	 6.507000 	 4.258000 
16384 	 8 	 8 	 128 	 0.367886 	 0.367886 	 14.129000 	 31.902000 
16384 	 8 	 16 	 128 	 0.367886 	 0.367886 	 10.107000 	 24.118000 
16384 	 8 	 32 	 128 	 0.367886 	 0.367886 	 8.973000 	 12.019000 
16384 	 8 	 64 	 128 	 0.367886 	 0.367886 	 5.270000 	 5.929000 
16384 	 16 	 8 	 128 	 0.367886 	 0.367886 	 12.996000 	 33.359000 
16384 	 16 	 16 	 128 	 0.367886 	 0.367886 	 9.898000 	 24.806000 
16384 	 16 	 32 	 128 	 0.367886 	 0.367886 	 9.239000 	 11.558000 
16384 	 32 	 8 	 128 	 0.367886 	 0.367886 	 13.863000 	 31.659000 
16384 	 32 	 16 	 128 	 0.367886 	 0.367886 	 9.872000 	 24.430000 
16384 	 64 	 8 	 128 	 0.367886 	 0.367886 	 13.561000 	 35.252000 
32768 	 4 	 8 	 128 	 0.367886 	 0.367886 	 13.022000 	 31.733000 
32768 	 4 	 16 	 128 	 0.367886 	 0.367886 	 10.070000 	 24.215000 
32768 	 4 	 32 	 128 	 0.367886 	 0.367886 	 9.145000 	 11.255000 
32768 	 4 	 64 	 128 	 0.367886 	 0.367886 	 5.103000 	 6.154000 
32768 	 4 	 128 	 128 	 0.367886 	 0.367886 	 6.368000 	 3.982000 
32768 	 8 	 8 	 128 	 0.367886 	 0.367886 	 13.010000 	 32.927000 
32768 	 8 	 16 	 128 	 0.367886 	 0.367886 	 10.331000 	 25.705000 
32768 	 8 	 32 	 128 	 0.367886 	 0.367886 	 8.620000 	 11.389000 
32768 	 8 	 64 	 128 	 0.367886 	 0.367886 	 5.069000 	 6.310000 
32768 	 16 	 8 	 128 	 0.367886 	 0.367886 	 13.672000 	 32.517000 
32768 	 16 	 16 	 128 	 0.367886 	 0.367886 	 10.396000 	 25.078000 
32768 	 16 	 32 	 128 	 0.367886 	 0.367886 	 9.012000 	 11.325000 
32768 	 32 	 8 	 128 	 0.367886 	 0.367886 	 13.797000 	 32.682000 
32768 	 32 	 16 	 128 	 0.367886 	 0.367886 	 10.259000 	 24.577000 
32768 	 64 	 8 	 128 	 0.367886 	 0.367886 	 13.879000 	 33.835000 
--------------------- calling cublas ------------------------
cublas success, cublas_error: 32.965062, cublas time: 8.588000 ms
cublas success, cublas_error: 32.965062, cublas time: 8.576000 ms
cublas success, cublas_error: 32.965062, cublas time: 8.543000 ms
cublas success, cublas_error: 32.965062, cublas time: 8.586000 ms
cublas success, cublas_error: 32.965062, cublas time: 8.582000 ms
cublas success, cublas_error: 32.965062, cublas time: 8.540000 ms
cublas success, cublas_error: 32.965062, cublas time: 8.567000 ms
cublas success, cublas_error: 32.965062, cublas time: 8.547000 ms
cublas success, cublas_error: 32.965062, cublas time: 8.582000 ms
cublas success, cublas_error: 32.965062, cublas time: 8.546000 ms
input: ../input/ch7-8-b5.rb
num_of_lines_for_m_ptr_in_row_id 12830, num_of_lines_for_m_row_id 76975, num_of_lines_for_m_data 32567, num_of_rows 141120, num_of_cols 141120, num_of_entries 846720
matrix read
free: 15, tot: 15
V allocated 
free: 15, tot: 15
R allocated 
free: 15, tot: 15
Blocks 	 ThreadsPerBlock 	 PVL 	 LVL 	 simple_error 	 simd_error 	 simple_time 	 simd_time 
4096 	 4 	 8 	 128 	 0.000000 	 0.000000 	 0.961000 	 0.974000 
4096 	 4 	 16 	 128 	 0.000000 	 0.000000 	 0.794000 	 0.768000 
4096 	 4 	 32 	 128 	 0.000000 	 0.000000 	 0.793000 	 0.794000 
4096 	 4 	 64 	 128 	 0.000000 	 0.000000 	 0.995000 	 0.978000 
4096 	 4 	 128 	 128 	 0.000000 	 0.000000 	 1.313000 	 1.422000 
4096 	 8 	 8 	 128 	 0.000000 	 0.000000 	 0.901000 	 0.970000 
4096 	 8 	 16 	 128 	 0.000000 	 0.000000 	 0.798000 	 0.803000 
4096 	 8 	 32 	 128 	 0.000000 	 0.000000 	 0.784000 	 0.774000 
4096 	 8 	 64 	 128 	 0.000000 	 0.000000 	 0.934000 	 0.930000 
4096 	 16 	 8 	 128 	 0.000000 	 0.000000 	 0.891000 	 0.948000 
4096 	 16 	 16 	 128 	 0.000000 	 0.000000 	 0.729000 	 0.779000 
4096 	 16 	 32 	 128 	 0.000000 	 0.000000 	 0.761000 	 0.767000 
4096 	 32 	 8 	 128 	 0.000000 	 0.000000 	 0.869000 	 0.940000 
4096 	 32 	 16 	 128 	 0.000000 	 0.000000 	 0.710000 	 0.791000 
4096 	 64 	 8 	 128 	 0.000000 	 0.000000 	 0.922000 	 0.944000 
8192 	 4 	 8 	 128 	 0.000000 	 0.000000 	 0.913000 	 0.918000 
8192 	 4 	 16 	 128 	 0.000000 	 0.000000 	 0.766000 	 0.760000 
8192 	 4 	 32 	 128 	 0.000000 	 0.000000 	 0.793000 	 0.781000 
8192 	 4 	 64 	 128 	 0.000000 	 0.000000 	 0.943000 	 0.944000 
8192 	 4 	 128 	 128 	 0.000000 	 0.000000 	 1.283000 	 1.390000 
8192 	 8 	 8 	 128 	 0.000000 	 0.000000 	 0.889000 	 0.917000 
8192 	 8 	 16 	 128 	 0.000000 	 0.000000 	 0.735000 	 0.786000 
8192 	 8 	 32 	 128 	 0.000000 	 0.000000 	 0.760000 	 0.756000 
8192 	 8 	 64 	 128 	 0.000000 	 0.000000 	 0.905000 	 0.894000 
8192 	 16 	 8 	 128 	 0.000000 	 0.000000 	 0.874000 	 0.921000 
8192 	 16 	 16 	 128 	 0.000000 	 0.000000 	 0.700000 	 0.764000 
8192 	 16 	 32 	 128 	 0.000000 	 0.000000 	 0.746000 	 0.759000 
8192 	 32 	 8 	 128 	 0.000000 	 0.000000 	 0.859000 	 0.935000 
8192 	 32 	 16 	 128 	 0.000000 	 0.000000 	 0.719000 	 0.776000 
8192 	 64 	 8 	 128 	 0.000000 	 0.000000 	 0.938000 	 0.971000 
16384 	 4 	 8 	 128 	 0.000000 	 0.000000 	 0.898000 	 0.920000 
16384 	 4 	 16 	 128 	 0.000000 	 0.000000 	 0.741000 	 0.775000 
16384 	 4 	 32 	 128 	 0.000000 	 0.000000 	 0.764000 	 0.757000 
16384 	 4 	 64 	 128 	 0.000000 	 0.000000 	 0.902000 	 0.902000 
16384 	 4 	 128 	 128 	 0.000000 	 0.000000 	 1.278000 	 1.360000 
16384 	 8 	 8 	 128 	 0.000000 	 0.000000 	 0.859000 	 0.920000 
16384 	 8 	 16 	 128 	 0.000000 	 0.000000 	 0.705000 	 0.768000 
16384 	 8 	 32 	 128 	 0.000000 	 0.000000 	 0.741000 	 0.762000 
16384 	 8 	 64 	 128 	 0.000000 	 0.000000 	 0.884000 	 0.868000 
16384 	 16 	 8 	 128 	 0.000000 	 0.000000 	 0.862000 	 0.919000 
16384 	 16 	 16 	 128 	 0.000000 	 0.000000 	 0.719000 	 0.777000 
16384 	 16 	 32 	 128 	 0.000000 	 0.000000 	 0.796000 	 0.803000 
16384 	 32 	 8 	 128 	 0.000000 	 0.000000 	 0.883000 	 0.963000 
16384 	 32 	 16 	 128 	 0.000000 	 0.000000 	 2.998000 	 0.844000 
16384 	 64 	 8 	 128 	 0.000000 	 0.000000 	 1.006000 	 1.044000 
32768 	 4 	 8 	 128 	 0.000000 	 0.000000 	 0.874000 	 0.893000 
32768 	 4 	 16 	 128 	 0.000000 	 0.000000 	 0.715000 	 0.763000 
32768 	 4 	 32 	 128 	 0.000000 	 0.000000 	 0.754000 	 0.759000 
32768 	 4 	 64 	 128 	 0.000000 	 0.000000 	 0.887000 	 0.881000 
32768 	 4 	 128 	 128 	 0.000000 	 0.000000 	 1.332000 	 1.338000 
32768 	 8 	 8 	 128 	 0.000000 	 0.000000 	 0.861000 	 0.914000 
32768 	 8 	 16 	 128 	 0.000000 	 0.000000 	 0.719000 	 0.781000 
32768 	 8 	 32 	 128 	 0.000000 	 0.000000 	 0.786000 	 0.783000 
32768 	 8 	 64 	 128 	 0.000000 	 0.000000 	 0.982000 	 0.939000 
32768 	 16 	 8 	 128 	 0.000000 	 0.000000 	 0.883000 	 0.935000 
32768 	 16 	 16 	 128 	 0.000000 	 0.000000 	 0.772000 	 0.827000 
32768 	 16 	 32 	 128 	 0.000000 	 0.000000 	 0.904000 	 0.898000 
32768 	 32 	 8 	 128 	 0.000000 	 0.000000 	 0.941000 	 1.022000 
32768 	 32 	 16 	 128 	 0.000000 	 0.000000 	 0.878000 	 0.947000 
32768 	 64 	 8 	 128 	 0.000000 	 0.000000 	 1.116000 	 1.165000 
--------------------- calling cublas ------------------------
cublas success, cublas_error: 0.125587, cublas time: 1.608000 ms
cublas success, cublas_error: 0.125587, cublas time: 1.570000 ms
cublas success, cublas_error: 0.125587, cublas time: 1.563000 ms
cublas success, cublas_error: 0.125587, cublas time: 1.563000 ms
cublas success, cublas_error: 0.125587, cublas time: 1.598000 ms
cublas success, cublas_error: 0.125587, cublas time: 1.566000 ms
cublas success, cublas_error: 0.125587, cublas time: 1.569000 ms
cublas success, cublas_error: 0.125587, cublas time: 1.565000 ms
cublas success, cublas_error: 0.125587, cublas time: 1.567000 ms
cublas success, cublas_error: 0.125587, cublas time: 1.563000 ms
