input: ../input/sx-stackoverflow.rb
num_of_lines_for_m_ptr_in_row_id 325248, num_of_lines_for_m_row_id 3623345, num_of_lines_for_m_data 2787189, num_of_rows 2601977, num_of_cols 2601977, num_of_entries 36233450
matrix read
free: 15, tot: 15
V allocated 
free: 14, tot: 15
R allocated 
free: 14, tot: 15
Blocks 	 ThreadsPerBlock 	 PVL 	 LVL 	 simple_error 	 simd_error 	 simple_time 	 simd_time 
4096 	 4 	 8 	 64 	 11.676972 	 11.676972 	 70.836000 	 131.171000 
4096 	 4 	 16 	 64 	 11.676972 	 11.676972 	 53.386000 	 59.654000 
4096 	 4 	 32 	 64 	 11.676972 	 11.676972 	 34.450000 	 34.803000 
4096 	 4 	 64 	 64 	 11.676972 	 11.676972 	 40.337000 	 35.527000 
4096 	 8 	 8 	 64 	 11.676972 	 11.676972 	 66.289000 	 110.459000 
4096 	 8 	 16 	 64 	 11.676972 	 11.676972 	 49.285000 	 51.949000 
4096 	 8 	 32 	 64 	 11.676972 	 11.676972 	 33.537000 	 34.083000 
4096 	 8 	 64 	 64 	 11.676972 	 11.676972 	 38.914000 	 34.550000 
4096 	 16 	 8 	 64 	 11.676972 	 11.676972 	 65.189000 	 108.560000 
4096 	 16 	 16 	 64 	 11.676972 	 11.676972 	 47.403000 	 51.154000 
4096 	 16 	 32 	 64 	 11.676972 	 11.676972 	 32.570000 	 33.251000 
4096 	 32 	 8 	 64 	 11.676972 	 11.676972 	 63.711000 	 105.906000 
4096 	 32 	 16 	 64 	 11.676972 	 11.676972 	 45.505000 	 50.037000 
4096 	 64 	 8 	 64 	 11.676972 	 11.676972 	 59.196000 	 101.633000 
8192 	 4 	 8 	 64 	 11.676972 	 11.676972 	 63.673000 	 111.206000 
8192 	 4 	 16 	 64 	 11.676972 	 11.676972 	 47.863000 	 52.103000 
8192 	 4 	 32 	 64 	 11.676972 	 11.676972 	 33.676000 	 34.247000 
8192 	 4 	 64 	 64 	 11.676972 	 11.676972 	 39.023000 	 34.786000 
8192 	 8 	 8 	 64 	 11.676972 	 11.676972 	 65.321000 	 109.806000 
8192 	 8 	 16 	 64 	 11.676972 	 11.676972 	 49.099000 	 51.518000 
8192 	 8 	 32 	 64 	 11.676972 	 11.676972 	 32.854000 	 33.692000 
8192 	 8 	 64 	 64 	 11.676972 	 11.676972 	 36.859000 	 33.113000 
8192 	 16 	 8 	 64 	 11.676972 	 11.676972 	 64.060000 	 106.480000 
8192 	 16 	 16 	 64 	 11.676972 	 11.676972 	 45.114000 	 50.246000 
8192 	 16 	 32 	 64 	 11.676972 	 11.676972 	 32.364000 	 32.318000 
8192 	 32 	 8 	 64 	 11.676972 	 11.676972 	 62.112000 	 104.790000 
8192 	 32 	 16 	 64 	 11.676972 	 11.676972 	 44.908000 	 46.479000 
8192 	 64 	 8 	 64 	 11.676972 	 11.676972 	 59.967000 	 104.749000 
16384 	 4 	 8 	 64 	 11.676972 	 11.676972 	 63.002000 	 109.863000 
16384 	 4 	 16 	 64 	 11.676972 	 11.676972 	 46.645000 	 52.120000 
16384 	 4 	 32 	 64 	 11.676972 	 11.676972 	 32.596000 	 33.699000 
16384 	 4 	 64 	 64 	 11.676972 	 11.676972 	 37.131000 	 33.347000 
16384 	 8 	 8 	 64 	 11.676972 	 11.676972 	 64.097000 	 107.149000 
16384 	 8 	 16 	 64 	 11.676972 	 11.676972 	 45.516000 	 48.706000 
16384 	 8 	 32 	 64 	 11.676972 	 11.676972 	 31.837000 	 33.378000 
16384 	 8 	 64 	 64 	 11.676972 	 11.676972 	 37.036000 	 33.092000 
16384 	 16 	 8 	 64 	 11.676972 	 11.676972 	 63.525000 	 105.395000 
16384 	 16 	 16 	 64 	 11.676972 	 11.676972 	 46.575000 	 48.205000 
16384 	 16 	 32 	 64 	 11.676972 	 11.676972 	 30.462000 	 31.918000 
16384 	 32 	 8 	 64 	 11.676972 	 11.676972 	 63.097000 	 105.023000 
16384 	 32 	 16 	 64 	 11.676972 	 11.676972 	 43.836000 	 47.450000 
16384 	 64 	 8 	 64 	 11.676972 	 11.676972 	 61.988000 	 110.498000 
32768 	 4 	 8 	 64 	 11.676972 	 11.676972 	 62.114000 	 104.472000 
32768 	 4 	 16 	 64 	 11.676972 	 11.676972 	 43.788000 	 49.857000 
32768 	 4 	 32 	 64 	 11.676972 	 11.676972 	 32.157000 	 33.477000 
32768 	 4 	 64 	 64 	 11.676972 	 11.676972 	 36.394000 	 32.938000 
32768 	 8 	 8 	 64 	 11.676972 	 11.676972 	 64.059000 	 106.384000 
32768 	 8 	 16 	 64 	 11.676972 	 11.676972 	 45.204000 	 49.132000 
32768 	 8 	 32 	 64 	 11.676972 	 11.676972 	 30.570000 	 31.195000 
32768 	 8 	 64 	 64 	 11.676972 	 11.676972 	 33.901000 	 31.627000 
32768 	 16 	 8 	 64 	 11.676972 	 11.676972 	 63.339000 	 104.791000 
32768 	 16 	 16 	 64 	 11.676972 	 11.676972 	 44.695000 	 45.665000 
32768 	 16 	 32 	 64 	 11.676972 	 11.676972 	 30.049000 	 30.677000 
32768 	 32 	 8 	 64 	 11.676972 	 11.676972 	 62.626000 	 104.522000 
32768 	 32 	 16 	 64 	 11.676972 	 11.676972 	 44.813000 	 48.667000 
32768 	 64 	 8 	 64 	 11.676972 	 11.676972 	 58.160000 	 102.321000 
--------------------- calling cublas ------------------------
cublas success, cublas_error: 303.928918, cublas time: 401.190000 ms
cublas success, cublas_error: 303.928918, cublas time: 401.148000 ms
cublas success, cublas_error: 303.928918, cublas time: 401.195000 ms
cublas success, cublas_error: 303.928918, cublas time: 401.126000 ms
cublas success, cublas_error: 303.928918, cublas time: 401.182000 ms
cublas success, cublas_error: 303.928918, cublas time: 401.174000 ms
cublas success, cublas_error: 303.928918, cublas time: 401.110000 ms
cublas success, cublas_error: 303.928918, cublas time: 401.148000 ms
cublas success, cublas_error: 303.928918, cublas time: 401.184000 ms
cublas success, cublas_error: 303.928918, cublas time: 401.211000 ms
input: ../input/atmosmodm.rb
num_of_lines_for_m_ptr_in_row_id 186220, num_of_lines_for_m_row_id 1031976, num_of_lines_for_m_data 1289970, num_of_rows 1489752, num_of_cols 1489752, num_of_entries 10319760
matrix read
free: 15, tot: 15
V allocated 
free: 15, tot: 15
R allocated 
free: 14, tot: 15
Blocks 	 ThreadsPerBlock 	 PVL 	 LVL 	 simple_error 	 simd_error 	 simple_time 	 simd_time 
4096 	 4 	 8 	 64 	 4071383.114698 	 4071383.114698 	 6.549000 	 6.770000 
4096 	 4 	 16 	 64 	 4071383.114698 	 4071383.114698 	 6.549000 	 5.168000 
4096 	 4 	 32 	 64 	 4071383.114698 	 4071383.114698 	 6.302000 	 6.347000 
4096 	 4 	 64 	 64 	 4071383.114698 	 4071383.114698 	 8.608000 	 8.636000 
4096 	 8 	 8 	 64 	 4071383.114698 	 4071383.114698 	 6.240000 	 6.408000 
4096 	 8 	 16 	 64 	 4071383.114698 	 4071383.114698 	 5.520000 	 5.304000 
4096 	 8 	 32 	 64 	 4071383.114698 	 4071383.114698 	 6.172000 	 6.156000 
4096 	 8 	 64 	 64 	 4071383.114698 	 4071383.114698 	 8.309000 	 8.345000 
4096 	 16 	 8 	 64 	 4071383.114698 	 4071383.114698 	 6.054000 	 6.113000 
4096 	 16 	 16 	 64 	 4071383.114698 	 4071383.114698 	 5.229000 	 5.124000 
4096 	 16 	 32 	 64 	 4071383.114698 	 4071383.114698 	 5.848000 	 5.929000 
4096 	 32 	 8 	 64 	 4071383.114698 	 4071383.114698 	 5.600000 	 5.732000 
4096 	 32 	 16 	 64 	 4071383.114698 	 4071383.114698 	 4.998000 	 4.737000 
4096 	 64 	 8 	 64 	 4071383.114698 	 4071383.114698 	 5.576000 	 5.628000 
8192 	 4 	 8 	 64 	 4071383.114698 	 4071383.114698 	 5.628000 	 5.967000 
8192 	 4 	 16 	 64 	 4071383.114698 	 4071383.114698 	 5.710000 	 5.097000 
8192 	 4 	 32 	 64 	 4071383.114698 	 4071383.114698 	 6.252000 	 6.299000 
8192 	 4 	 64 	 64 	 4071383.114698 	 4071383.114698 	 8.288000 	 8.269000 
8192 	 8 	 8 	 64 	 4071383.114698 	 4071383.114698 	 6.124000 	 5.966000 
8192 	 8 	 16 	 64 	 4071383.114698 	 4071383.114698 	 5.258000 	 5.011000 
8192 	 8 	 32 	 64 	 4071383.114698 	 4071383.114698 	 5.910000 	 5.952000 
8192 	 8 	 64 	 64 	 4071383.114698 	 4071383.114698 	 8.142000 	 8.155000 
8192 	 16 	 8 	 64 	 4071383.114698 	 4071383.114698 	 5.695000 	 5.738000 
8192 	 16 	 16 	 64 	 4071383.114698 	 4071383.114698 	 4.986000 	 4.768000 
8192 	 16 	 32 	 64 	 4071383.114698 	 4071383.114698 	 5.694000 	 5.709000 
8192 	 32 	 8 	 64 	 4071383.114698 	 4071383.114698 	 5.404000 	 5.594000 
8192 	 32 	 16 	 64 	 4071383.114698 	 4071383.114698 	 4.661000 	 4.502000 
8192 	 64 	 8 	 64 	 4071383.114698 	 4071383.114698 	 5.263000 	 5.644000 
16384 	 4 	 8 	 64 	 4071383.114698 	 4071383.114698 	 5.397000 	 6.147000 
16384 	 4 	 16 	 64 	 4071383.114698 	 4071383.114698 	 5.236000 	 4.964000 
16384 	 4 	 32 	 64 	 4071383.114698 	 4071383.114698 	 6.003000 	 6.065000 
16384 	 4 	 64 	 64 	 4071383.114698 	 4071383.114698 	 8.258000 	 8.202000 
16384 	 8 	 8 	 64 	 4071383.114698 	 4071383.114698 	 5.640000 	 5.846000 
16384 	 8 	 16 	 64 	 4071383.114698 	 4071383.114698 	 5.048000 	 4.827000 
16384 	 8 	 32 	 64 	 4071383.114698 	 4071383.114698 	 5.703000 	 5.810000 
16384 	 8 	 64 	 64 	 4071383.114698 	 4071383.114698 	 7.833000 	 7.780000 
16384 	 16 	 8 	 64 	 4071383.114698 	 4071383.114698 	 5.371000 	 5.599000 
16384 	 16 	 16 	 64 	 4071383.114698 	 4071383.114698 	 4.764000 	 4.620000 
16384 	 16 	 32 	 64 	 4071383.114698 	 4071383.114698 	 5.572000 	 5.693000 
16384 	 32 	 8 	 64 	 4071383.114698 	 4071383.114698 	 5.180000 	 5.540000 
16384 	 32 	 16 	 64 	 4071383.114698 	 4071383.114698 	 4.440000 	 4.432000 
16384 	 64 	 8 	 64 	 4071383.114698 	 4071383.114698 	 5.075000 	 5.652000 
32768 	 4 	 8 	 64 	 4071383.114698 	 4071383.114698 	 5.198000 	 5.713000 
32768 	 4 	 16 	 64 	 4071383.114698 	 4071383.114698 	 5.091000 	 4.897000 
32768 	 4 	 32 	 64 	 4071383.114698 	 4071383.114698 	 5.687000 	 5.716000 
32768 	 4 	 64 	 64 	 4071383.114698 	 4071383.114698 	 7.756000 	 7.765000 
32768 	 8 	 8 	 64 	 4071383.114698 	 4071383.114698 	 5.395000 	 5.527000 
32768 	 8 	 16 	 64 	 4071383.114698 	 4071383.114698 	 4.822000 	 4.663000 
32768 	 8 	 32 	 64 	 4071383.114698 	 4071383.114698 	 5.579000 	 5.625000 
32768 	 8 	 64 	 64 	 4071383.114698 	 4071383.114698 	 8.003000 	 7.670000 
32768 	 16 	 8 	 64 	 4071383.114698 	 4071383.114698 	 5.215000 	 5.352000 
32768 	 16 	 16 	 64 	 4071383.114698 	 4071383.114698 	 4.576000 	 4.516000 
32768 	 16 	 32 	 64 	 4071383.114698 	 4071383.114698 	 5.610000 	 5.610000 
32768 	 32 	 8 	 64 	 4071383.114698 	 4071383.114698 	 5.030000 	 5.503000 
32768 	 32 	 16 	 64 	 4071383.114698 	 4071383.114698 	 4.286000 	 4.135000 
32768 	 64 	 8 	 64 	 4071383.114698 	 4071383.114698 	 5.012000 	 5.650000 
--------------------- calling cublas ------------------------
cublas success, cublas_error: 5026113.331765, cublas time: 8.238000 ms
cublas success, cublas_error: 5026113.331765, cublas time: 8.174000 ms
cublas success, cublas_error: 5026113.331765, cublas time: 8.178000 ms
cublas success, cublas_error: 5026113.331765, cublas time: 8.171000 ms
cublas success, cublas_error: 5026113.331765, cublas time: 8.167000 ms
cublas success, cublas_error: 5026113.331765, cublas time: 8.170000 ms
cublas success, cublas_error: 5026113.331765, cublas time: 8.177000 ms
cublas success, cublas_error: 5026113.331765, cublas time: 8.170000 ms
cublas success, cublas_error: 5026113.331765, cublas time: 8.170000 ms
cublas success, cublas_error: 5026113.331765, cublas time: 8.178000 ms
input: ../input/t2em.rb
num_of_lines_for_m_ptr_in_row_id 92164, num_of_lines_for_m_row_id 417349, num_of_lines_for_m_data 176571, num_of_rows 921632, num_of_cols 921632, num_of_entries 4590832
matrix read
free: 15, tot: 15
V allocated 
free: 15, tot: 15
R allocated 
free: 15, tot: 15
Blocks 	 ThreadsPerBlock 	 PVL 	 LVL 	 simple_error 	 simd_error 	 simple_time 	 simd_time 
4096 	 4 	 8 	 64 	 0.000000 	 0.000000 	 2.945000 	 2.990000 
4096 	 4 	 16 	 64 	 0.000000 	 0.000000 	 2.542000 	 2.128000 
4096 	 4 	 32 	 64 	 0.000000 	 0.000000 	 2.864000 	 3.006000 
4096 	 4 	 64 	 64 	 0.000000 	 0.000000 	 4.047000 	 3.966000 
4096 	 8 	 8 	 64 	 0.000000 	 0.000000 	 2.580000 	 2.594000 
4096 	 8 	 16 	 64 	 0.000000 	 0.000000 	 2.228000 	 2.217000 
4096 	 8 	 32 	 64 	 0.000000 	 0.000000 	 2.800000 	 2.833000 
4096 	 8 	 64 	 64 	 0.000000 	 0.000000 	 3.954000 	 3.815000 
4096 	 16 	 8 	 64 	 0.000000 	 0.000000 	 2.534000 	 2.546000 
4096 	 16 	 16 	 64 	 0.000000 	 0.000000 	 2.174000 	 2.148000 
4096 	 16 	 32 	 64 	 0.000000 	 0.000000 	 2.691000 	 2.742000 
4096 	 32 	 8 	 64 	 0.000000 	 0.000000 	 2.443000 	 2.486000 
4096 	 32 	 16 	 64 	 0.000000 	 0.000000 	 2.077000 	 2.040000 
4096 	 64 	 8 	 64 	 0.000000 	 0.000000 	 2.262000 	 2.538000 
8192 	 4 	 8 	 64 	 0.000000 	 0.000000 	 2.424000 	 2.714000 
8192 	 4 	 16 	 64 	 0.000000 	 0.000000 	 2.233000 	 2.081000 
8192 	 4 	 32 	 64 	 0.000000 	 0.000000 	 2.844000 	 2.951000 
8192 	 4 	 64 	 64 	 0.000000 	 0.000000 	 3.884000 	 3.817000 
8192 	 8 	 8 	 64 	 0.000000 	 0.000000 	 2.469000 	 2.441000 
8192 	 8 	 16 	 64 	 0.000000 	 0.000000 	 2.157000 	 2.142000 
8192 	 8 	 32 	 64 	 0.000000 	 0.000000 	 2.745000 	 2.780000 
8192 	 8 	 64 	 64 	 0.000000 	 0.000000 	 3.800000 	 3.759000 
8192 	 16 	 8 	 64 	 0.000000 	 0.000000 	 2.358000 	 2.420000 
8192 	 16 	 16 	 64 	 0.000000 	 0.000000 	 2.097000 	 2.070000 
8192 	 16 	 32 	 64 	 0.000000 	 0.000000 	 2.639000 	 2.653000 
8192 	 32 	 8 	 64 	 0.000000 	 0.000000 	 2.231000 	 2.487000 
8192 	 32 	 16 	 64 	 0.000000 	 0.000000 	 1.930000 	 1.927000 
8192 	 64 	 8 	 64 	 0.000000 	 0.000000 	 2.183000 	 2.367000 
16384 	 4 	 8 	 64 	 0.000000 	 0.000000 	 2.323000 	 2.682000 
16384 	 4 	 16 	 64 	 0.000000 	 0.000000 	 2.167000 	 2.110000 
16384 	 4 	 32 	 64 	 0.000000 	 0.000000 	 2.821000 	 2.797000 
16384 	 4 	 64 	 64 	 0.000000 	 0.000000 	 3.794000 	 3.783000 
16384 	 8 	 8 	 64 	 0.000000 	 0.000000 	 2.369000 	 2.464000 
16384 	 8 	 16 	 64 	 0.000000 	 0.000000 	 2.128000 	 2.094000 
16384 	 8 	 32 	 64 	 0.000000 	 0.000000 	 2.643000 	 2.661000 
16384 	 8 	 64 	 64 	 0.000000 	 0.000000 	 3.682000 	 3.629000 
16384 	 16 	 8 	 64 	 0.000000 	 0.000000 	 2.239000 	 2.329000 
16384 	 16 	 16 	 64 	 0.000000 	 0.000000 	 1.955000 	 1.955000 
16384 	 16 	 32 	 64 	 0.000000 	 0.000000 	 2.412000 	 2.397000 
16384 	 32 	 8 	 64 	 0.000000 	 0.000000 	 2.162000 	 2.337000 
16384 	 32 	 16 	 64 	 0.000000 	 0.000000 	 1.736000 	 1.780000 
16384 	 64 	 8 	 64 	 0.000000 	 0.000000 	 2.244000 	 2.399000 
32768 	 4 	 8 	 64 	 0.000000 	 0.000000 	 2.251000 	 2.569000 
32768 	 4 	 16 	 64 	 0.000000 	 0.000000 	 2.133000 	 2.102000 
32768 	 4 	 32 	 64 	 0.000000 	 0.000000 	 2.661000 	 2.661000 
32768 	 4 	 64 	 64 	 0.000000 	 0.000000 	 3.662000 	 3.631000 
32768 	 8 	 8 	 64 	 0.000000 	 0.000000 	 2.235000 	 2.316000 
32768 	 8 	 16 	 64 	 0.000000 	 0.000000 	 1.977000 	 2.000000 
32768 	 8 	 32 	 64 	 0.000000 	 0.000000 	 2.480000 	 2.420000 
32768 	 8 	 64 	 64 	 0.000000 	 0.000000 	 3.582000 	 3.430000 
32768 	 16 	 8 	 64 	 0.000000 	 0.000000 	 2.188000 	 2.303000 
32768 	 16 	 16 	 64 	 0.000000 	 0.000000 	 1.786000 	 1.774000 
32768 	 16 	 32 	 64 	 0.000000 	 0.000000 	 2.399000 	 2.345000 
32768 	 32 	 8 	 64 	 0.000000 	 0.000000 	 2.127000 	 2.330000 
32768 	 32 	 16 	 64 	 0.000000 	 0.000000 	 1.678000 	 1.675000 
32768 	 64 	 8 	 64 	 0.000000 	 0.000000 	 2.266000 	 2.493000 
--------------------- calling cublas ------------------------
cublas success, cublas_error: 0.002340, cublas time: 5.038000 ms
cublas success, cublas_error: 0.002340, cublas time: 4.768000 ms
cublas success, cublas_error: 0.002340, cublas time: 4.772000 ms
cublas success, cublas_error: 0.002340, cublas time: 4.994000 ms
cublas success, cublas_error: 0.002340, cublas time: 4.768000 ms
cublas success, cublas_error: 0.002340, cublas time: 4.783000 ms
cublas success, cublas_error: 0.002340, cublas time: 4.827000 ms
cublas success, cublas_error: 0.002340, cublas time: 4.769000 ms
cublas success, cublas_error: 0.002340, cublas time: 4.774000 ms
cublas success, cublas_error: 0.002340, cublas time: 4.771000 ms
input: ../input/wiki-talk-temporal.rb
num_of_lines_for_m_ptr_in_row_id 114015, num_of_lines_for_m_row_id 330960, num_of_lines_for_m_data 254584, num_of_rows 1140149, num_of_cols 1140149, num_of_entries 3309592
matrix read
free: 15, tot: 15
V allocated 
free: 15, tot: 15
R allocated 
free: 15, tot: 15
Blocks 	 ThreadsPerBlock 	 PVL 	 LVL 	 simple_error 	 simd_error 	 simple_time 	 simd_time 
4096 	 4 	 8 	 64 	 0.450387 	 0.450387 	 102.834000 	 251.073000 
4096 	 4 	 16 	 64 	 0.450387 	 0.450387 	 84.139000 	 110.083000 
4096 	 4 	 32 	 64 	 0.450387 	 0.450387 	 44.072000 	 47.273000 
4096 	 4 	 64 	 64 	 0.450387 	 0.450387 	 51.953000 	 29.820000 
4096 	 8 	 8 	 64 	 0.450387 	 0.450387 	 98.195000 	 251.159000 
4096 	 8 	 16 	 64 	 0.450387 	 0.450387 	 84.448000 	 110.141000 
4096 	 8 	 32 	 64 	 0.450387 	 0.450387 	 44.078000 	 47.408000 
4096 	 8 	 64 	 64 	 0.450387 	 0.450387 	 50.938000 	 29.794000 
4096 	 16 	 8 	 64 	 0.450387 	 0.450387 	 101.274000 	 258.387000 
4096 	 16 	 16 	 64 	 0.450387 	 0.450387 	 88.595000 	 114.330000 
4096 	 16 	 32 	 64 	 0.450387 	 0.450387 	 45.123000 	 49.971000 
4096 	 32 	 8 	 64 	 0.450387 	 0.450387 	 99.301000 	 253.850000 
4096 	 32 	 16 	 64 	 0.450387 	 0.450387 	 86.000000 	 111.163000 
4096 	 64 	 8 	 64 	 0.450387 	 0.450387 	 97.819000 	 251.054000 
8192 	 4 	 8 	 64 	 0.450387 	 0.450387 	 97.790000 	 250.671000 
8192 	 4 	 16 	 64 	 0.450387 	 0.450387 	 83.972000 	 109.926000 
8192 	 4 	 32 	 64 	 0.450387 	 0.450387 	 43.998000 	 47.212000 
8192 	 4 	 64 	 64 	 0.450387 	 0.450387 	 52.029000 	 29.730000 
8192 	 8 	 8 	 64 	 0.450387 	 0.450387 	 98.159000 	 250.924000 
8192 	 8 	 16 	 64 	 0.450387 	 0.450387 	 84.356000 	 110.039000 
8192 	 8 	 32 	 64 	 0.450387 	 0.450387 	 43.855000 	 47.143000 
8192 	 8 	 64 	 64 	 0.450387 	 0.450387 	 50.972000 	 29.671000 
8192 	 16 	 8 	 64 	 0.450387 	 0.450387 	 101.215000 	 258.259000 
8192 	 16 	 16 	 64 	 0.450387 	 0.450387 	 88.446000 	 114.533000 
8192 	 16 	 32 	 64 	 0.450387 	 0.450387 	 44.987000 	 49.957000 
8192 	 32 	 8 	 64 	 0.450387 	 0.450387 	 99.144000 	 252.907000 
8192 	 32 	 16 	 64 	 0.450387 	 0.450387 	 85.946000 	 111.130000 
8192 	 64 	 8 	 64 	 0.450387 	 0.450387 	 97.743000 	 250.973000 
16384 	 4 	 8 	 64 	 0.450387 	 0.450387 	 97.692000 	 250.419000 
16384 	 4 	 16 	 64 	 0.450387 	 0.450387 	 83.881000 	 109.823000 
16384 	 4 	 32 	 64 	 0.450387 	 0.450387 	 44.305000 	 47.134000 
16384 	 4 	 64 	 64 	 0.450387 	 0.450387 	 51.960000 	 29.648000 
16384 	 8 	 8 	 64 	 0.450387 	 0.450387 	 97.967000 	 250.862000 
16384 	 8 	 16 	 64 	 0.450387 	 0.450387 	 84.248000 	 109.898000 
16384 	 8 	 32 	 64 	 0.450387 	 0.450387 	 43.888000 	 47.096000 
16384 	 8 	 64 	 64 	 0.450387 	 0.450387 	 51.156000 	 29.610000 
16384 	 16 	 8 	 64 	 0.450387 	 0.450387 	 101.148000 	 258.265000 
16384 	 16 	 16 	 64 	 0.450387 	 0.450387 	 88.504000 	 114.259000 
16384 	 16 	 32 	 64 	 0.450387 	 0.450387 	 44.892000 	 49.926000 
16384 	 32 	 8 	 64 	 0.450387 	 0.450387 	 99.111000 	 252.813000 
16384 	 32 	 16 	 64 	 0.450387 	 0.450387 	 85.894000 	 111.066000 
16384 	 64 	 8 	 64 	 0.450387 	 0.450387 	 97.697000 	 250.995000 
32768 	 4 	 8 	 64 	 0.450387 	 0.450387 	 97.773000 	 250.310000 
32768 	 4 	 16 	 64 	 0.450387 	 0.450387 	 83.942000 	 110.162000 
32768 	 4 	 32 	 64 	 0.450387 	 0.450387 	 43.852000 	 47.035000 
32768 	 4 	 64 	 64 	 0.450387 	 0.450387 	 50.941000 	 29.628000 
32768 	 8 	 8 	 64 	 0.450387 	 0.450387 	 98.059000 	 250.728000 
32768 	 8 	 16 	 64 	 0.450387 	 0.450387 	 84.212000 	 109.868000 
32768 	 8 	 32 	 64 	 0.450387 	 0.450387 	 43.744000 	 47.063000 
32768 	 8 	 64 	 64 	 0.450387 	 0.450387 	 51.719000 	 29.469000 
32768 	 16 	 8 	 64 	 0.450387 	 0.450387 	 101.055000 	 258.157000 
32768 	 16 	 16 	 64 	 0.450387 	 0.450387 	 88.534000 	 114.188000 
32768 	 16 	 32 	 64 	 0.450387 	 0.450387 	 44.811000 	 49.840000 
32768 	 32 	 8 	 64 	 0.450387 	 0.450387 	 99.096000 	 253.011000 
32768 	 32 	 16 	 64 	 0.450387 	 0.450387 	 86.081000 	 111.044000 
32768 	 64 	 8 	 64 	 0.450387 	 0.450387 	 97.704000 	 250.911000 
--------------------- calling cublas ------------------------
cublas success, cublas_error: 204.995861, cublas time: 23.785000 ms
cublas success, cublas_error: 204.995861, cublas time: 23.606000 ms
cublas success, cublas_error: 204.995861, cublas time: 23.598000 ms
cublas success, cublas_error: 204.995861, cublas time: 23.786000 ms
cublas success, cublas_error: 204.995861, cublas time: 23.462000 ms
cublas success, cublas_error: 204.995861, cublas time: 23.550000 ms
cublas success, cublas_error: 204.995861, cublas time: 23.402000 ms
cublas success, cublas_error: 204.995861, cublas time: 23.804000 ms
cublas success, cublas_error: 204.995861, cublas time: 23.776000 ms
cublas success, cublas_error: 204.995861, cublas time: 23.711000 ms
input: ../input/mc2depi.rb
num_of_lines_for_m_ptr_in_row_id 52583, num_of_lines_for_m_row_id 190930, num_of_lines_for_m_data 161556, num_of_rows 525825, num_of_cols 525825, num_of_entries 2100225
matrix read
free: 15, tot: 15
V allocated 
free: 15, tot: 15
R allocated 
free: 15, tot: 15
Blocks 	 ThreadsPerBlock 	 PVL 	 LVL 	 simple_error 	 simd_error 	 simple_time 	 simd_time 
4096 	 4 	 8 	 64 	 1540.256375 	 1540.256375 	 1.390000 	 1.594000 
4096 	 4 	 16 	 64 	 1540.256375 	 1540.256375 	 1.185000 	 1.061000 
4096 	 4 	 32 	 64 	 1540.256375 	 1540.256375 	 1.323000 	 1.433000 
4096 	 4 	 64 	 64 	 1540.256375 	 1540.256375 	 1.961000 	 1.958000 
4096 	 8 	 8 	 64 	 1540.256375 	 1540.256375 	 1.284000 	 1.347000 
4096 	 8 	 16 	 64 	 1540.256375 	 1540.256375 	 1.111000 	 1.100000 
4096 	 8 	 32 	 64 	 1540.256375 	 1540.256375 	 1.347000 	 1.379000 
4096 	 8 	 64 	 64 	 1540.256375 	 1540.256375 	 1.878000 	 1.909000 
4096 	 16 	 8 	 64 	 1540.256375 	 1540.256375 	 1.227000 	 1.334000 
4096 	 16 	 16 	 64 	 1540.256375 	 1540.256375 	 1.055000 	 1.065000 
4096 	 16 	 32 	 64 	 1540.256375 	 1540.256375 	 1.266000 	 1.287000 
4096 	 32 	 8 	 64 	 1540.256375 	 1540.256375 	 1.164000 	 1.244000 
4096 	 32 	 16 	 64 	 1540.256375 	 1540.256375 	 0.986000 	 1.006000 
4096 	 64 	 8 	 64 	 1540.256375 	 1540.256375 	 1.139000 	 1.229000 
8192 	 4 	 8 	 64 	 1540.256375 	 1540.256375 	 1.267000 	 1.462000 
8192 	 4 	 16 	 64 	 1540.256375 	 1540.256375 	 1.106000 	 1.035000 
8192 	 4 	 32 	 64 	 1540.256375 	 1540.256375 	 1.327000 	 1.389000 
8192 	 4 	 64 	 64 	 1540.256375 	 1540.256375 	 1.894000 	 1.874000 
8192 	 8 	 8 	 64 	 1540.256375 	 1540.256375 	 1.214000 	 1.261000 
8192 	 8 	 16 	 64 	 1540.256375 	 1540.256375 	 1.052000 	 1.047000 
8192 	 8 	 32 	 64 	 1540.256375 	 1540.256375 	 1.267000 	 1.270000 
8192 	 8 	 64 	 64 	 1540.256375 	 1540.256375 	 1.747000 	 1.777000 
8192 	 16 	 8 	 64 	 1540.256375 	 1540.256375 	 1.205000 	 1.267000 
8192 	 16 	 16 	 64 	 1540.256375 	 1540.256375 	 0.992000 	 1.008000 
8192 	 16 	 32 	 64 	 1540.256375 	 1540.256375 	 1.223000 	 1.228000 
8192 	 32 	 8 	 64 	 1540.256375 	 1540.256375 	 1.131000 	 1.201000 
8192 	 32 	 16 	 64 	 1540.256375 	 1540.256375 	 0.914000 	 0.941000 
8192 	 64 	 8 	 64 	 1540.256375 	 1540.256375 	 1.112000 	 1.209000 
16384 	 4 	 8 	 64 	 1540.256375 	 1540.256375 	 1.154000 	 1.385000 
16384 	 4 	 16 	 64 	 1540.256375 	 1540.256375 	 1.059000 	 1.038000 
16384 	 4 	 32 	 64 	 1540.256375 	 1540.256375 	 1.267000 	 1.272000 
16384 	 4 	 64 	 64 	 1540.256375 	 1540.256375 	 1.732000 	 1.777000 
16384 	 8 	 8 	 64 	 1540.256375 	 1540.256375 	 1.175000 	 1.225000 
16384 	 8 	 16 	 64 	 1540.256375 	 1540.256375 	 1.004000 	 1.014000 
16384 	 8 	 32 	 64 	 1540.256375 	 1540.256375 	 1.236000 	 1.244000 
16384 	 8 	 64 	 64 	 1540.256375 	 1540.256375 	 1.709000 	 1.658000 
16384 	 16 	 8 	 64 	 1540.256375 	 1540.256375 	 1.144000 	 1.191000 
16384 	 16 	 16 	 64 	 1540.256375 	 1540.256375 	 0.919000 	 0.935000 
16384 	 16 	 32 	 64 	 1540.256375 	 1540.256375 	 1.199000 	 1.207000 
16384 	 32 	 8 	 64 	 1540.256375 	 1540.256375 	 1.095000 	 1.176000 
16384 	 32 	 16 	 64 	 1540.256375 	 1540.256375 	 0.905000 	 0.936000 
16384 	 64 	 8 	 64 	 1540.256375 	 1540.256375 	 1.163000 	 1.255000 
32768 	 4 	 8 	 64 	 1540.256375 	 1540.256375 	 1.107000 	 1.328000 
32768 	 4 	 16 	 64 	 1540.256375 	 1540.256375 	 1.006000 	 1.012000 
32768 	 4 	 32 	 64 	 1540.256375 	 1540.256375 	 1.231000 	 1.238000 
32768 	 4 	 64 	 64 	 1540.256375 	 1540.256375 	 1.680000 	 1.656000 
32768 	 8 	 8 	 64 	 1540.256375 	 1540.256375 	 1.152000 	 1.174000 
32768 	 8 	 16 	 64 	 1540.256375 	 1540.256375 	 0.925000 	 0.931000 
32768 	 8 	 32 	 64 	 1540.256375 	 1540.256375 	 1.200000 	 1.213000 
32768 	 8 	 64 	 64 	 1540.256375 	 1540.256375 	 1.752000 	 1.706000 
32768 	 16 	 8 	 64 	 1540.256375 	 1540.256375 	 1.162000 	 1.198000 
32768 	 16 	 16 	 64 	 1540.256375 	 1540.256375 	 0.880000 	 0.896000 
32768 	 16 	 32 	 64 	 1540.256375 	 1540.256375 	 1.213000 	 1.144000 
32768 	 32 	 8 	 64 	 1540.256375 	 1540.256375 	 1.147000 	 1.229000 
32768 	 32 	 16 	 64 	 1540.256375 	 1540.256375 	 0.998000 	 1.002000 
32768 	 64 	 8 	 64 	 1540.256375 	 1540.256375 	 1.284000 	 1.369000 
--------------------- calling cublas ------------------------
cublas success, cublas_error: 1541.469985, cublas time: 2.275000 ms
cublas success, cublas_error: 1541.469985, cublas time: 2.229000 ms
cublas success, cublas_error: 1541.469985, cublas time: 2.225000 ms
cublas success, cublas_error: 1541.469985, cublas time: 2.240000 ms
cublas success, cublas_error: 1541.469985, cublas time: 2.226000 ms
cublas success, cublas_error: 1541.469985, cublas time: 2.229000 ms
cublas success, cublas_error: 1541.469985, cublas time: 2.230000 ms
cublas success, cublas_error: 1541.469985, cublas time: 2.279000 ms
cublas success, cublas_error: 1541.469985, cublas time: 2.235000 ms
cublas success, cublas_error: 1541.469985, cublas time: 2.229000 ms
input: ../input/Linux_call_graph.rb
num_of_lines_for_m_ptr_in_row_id 32409, num_of_lines_for_m_row_id 109901, num_of_lines_for_m_data 46497, num_of_rows 324085, num_of_cols 324085, num_of_entries 1208908
matrix read
free: 15, tot: 15
V allocated 
free: 15, tot: 15
R allocated 
free: 15, tot: 15
Blocks 	 ThreadsPerBlock 	 PVL 	 LVL 	 simple_error 	 simd_error 	 simple_time 	 simd_time 
4096 	 4 	 8 	 64 	 0.002086 	 0.002086 	 1.503000 	 2.297000 
4096 	 4 	 16 	 64 	 0.002086 	 0.002086 	 1.266000 	 1.301000 
4096 	 4 	 32 	 64 	 0.002086 	 0.002086 	 0.898000 	 0.915000 
4096 	 4 	 64 	 64 	 0.002086 	 0.002086 	 1.122000 	 1.116000 
4096 	 8 	 8 	 64 	 0.002086 	 0.002086 	 1.592000 	 2.363000 
4096 	 8 	 16 	 64 	 0.002086 	 0.002086 	 1.287000 	 1.363000 
4096 	 8 	 32 	 64 	 0.002086 	 0.002086 	 0.929000 	 0.943000 
4096 	 8 	 64 	 64 	 0.002086 	 0.002086 	 1.120000 	 1.088000 
4096 	 16 	 8 	 64 	 0.002086 	 0.002086 	 1.571000 	 2.409000 
4096 	 16 	 16 	 64 	 0.002086 	 0.002086 	 1.263000 	 1.344000 
4096 	 16 	 32 	 64 	 0.002086 	 0.002086 	 0.928000 	 0.944000 
4096 	 32 	 8 	 64 	 0.002086 	 0.002086 	 1.444000 	 2.133000 
4096 	 32 	 16 	 64 	 0.002086 	 0.002086 	 1.151000 	 1.217000 
4096 	 64 	 8 	 64 	 0.002086 	 0.002086 	 1.447000 	 2.414000 
8192 	 4 	 8 	 64 	 0.002086 	 0.002086 	 1.472000 	 2.400000 
8192 	 4 	 16 	 64 	 0.002086 	 0.002086 	 1.241000 	 1.324000 
8192 	 4 	 32 	 64 	 0.002086 	 0.002086 	 0.921000 	 0.952000 
8192 	 4 	 64 	 64 	 0.002086 	 0.002086 	 1.117000 	 1.089000 
8192 	 8 	 8 	 64 	 0.002086 	 0.002086 	 1.565000 	 2.402000 
8192 	 8 	 16 	 64 	 0.002086 	 0.002086 	 1.260000 	 1.358000 
8192 	 8 	 32 	 64 	 0.002086 	 0.002086 	 0.936000 	 0.966000 
8192 	 8 	 64 	 64 	 0.002086 	 0.002086 	 1.198000 	 1.074000 
8192 	 16 	 8 	 64 	 0.002086 	 0.002086 	 1.450000 	 2.173000 
8192 	 16 	 16 	 64 	 0.002086 	 0.002086 	 1.144000 	 1.214000 
8192 	 16 	 32 	 64 	 0.002086 	 0.002086 	 0.822000 	 0.829000 
8192 	 32 	 8 	 64 	 0.002086 	 0.002086 	 1.427000 	 2.294000 
8192 	 32 	 16 	 64 	 0.002086 	 0.002086 	 1.151000 	 1.315000 
8192 	 64 	 8 	 64 	 0.002086 	 0.002086 	 1.352000 	 2.219000 
16384 	 4 	 8 	 64 	 0.002086 	 0.002086 	 1.480000 	 2.404000 
16384 	 4 	 16 	 64 	 0.002086 	 0.002086 	 1.195000 	 1.312000 
16384 	 4 	 32 	 64 	 0.002086 	 0.002086 	 0.910000 	 0.921000 
16384 	 4 	 64 	 64 	 0.002086 	 0.002086 	 1.143000 	 1.052000 
16384 	 8 	 8 	 64 	 0.002086 	 0.002086 	 1.446000 	 2.162000 
16384 	 8 	 16 	 64 	 0.002086 	 0.002086 	 1.119000 	 1.176000 
16384 	 8 	 32 	 64 	 0.002086 	 0.002086 	 0.818000 	 0.839000 
16384 	 8 	 64 	 64 	 0.002086 	 0.002086 	 1.051000 	 1.004000 
16384 	 16 	 8 	 64 	 0.002086 	 0.002086 	 1.462000 	 2.240000 
16384 	 16 	 16 	 64 	 0.002086 	 0.002086 	 1.156000 	 1.238000 
16384 	 16 	 32 	 64 	 0.002086 	 0.002086 	 0.853000 	 0.857000 
16384 	 32 	 8 	 64 	 0.002086 	 0.002086 	 1.388000 	 2.139000 
16384 	 32 	 16 	 64 	 0.002086 	 0.002086 	 1.084000 	 1.194000 
16384 	 64 	 8 	 64 	 0.002086 	 0.002086 	 1.343000 	 2.208000 
32768 	 4 	 8 	 64 	 0.002086 	 0.002086 	 1.338000 	 2.169000 
32768 	 4 	 16 	 64 	 0.002086 	 0.002086 	 1.093000 	 1.183000 
32768 	 4 	 32 	 64 	 0.002086 	 0.002086 	 0.832000 	 0.843000 
32768 	 4 	 64 	 64 	 0.002086 	 0.002086 	 1.004000 	 1.011000 
32768 	 8 	 8 	 64 	 0.002086 	 0.002086 	 1.450000 	 2.239000 
32768 	 8 	 16 	 64 	 0.002086 	 0.002086 	 1.157000 	 1.247000 
32768 	 8 	 32 	 64 	 0.002086 	 0.002086 	 0.852000 	 0.863000 
32768 	 8 	 64 	 64 	 0.002086 	 0.002086 	 1.181000 	 1.009000 
32768 	 16 	 8 	 64 	 0.002086 	 0.002086 	 1.407000 	 2.136000 
32768 	 16 	 16 	 64 	 0.002086 	 0.002086 	 1.112000 	 1.164000 
32768 	 16 	 32 	 64 	 0.002086 	 0.002086 	 0.814000 	 0.808000 
32768 	 32 	 8 	 64 	 0.002086 	 0.002086 	 1.375000 	 2.152000 
32768 	 32 	 16 	 64 	 0.002086 	 0.002086 	 1.080000 	 1.195000 
32768 	 64 	 8 	 64 	 0.002086 	 0.002086 	 1.349000 	 2.248000 
--------------------- calling cublas ------------------------
cublas success, cublas_error: 0.659304, cublas time: 2.910000 ms
cublas success, cublas_error: 0.659304, cublas time: 2.860000 ms
cublas success, cublas_error: 0.659304, cublas time: 2.864000 ms
cublas success, cublas_error: 0.659304, cublas time: 2.890000 ms
cublas success, cublas_error: 0.659304, cublas time: 2.910000 ms
cublas success, cublas_error: 0.659304, cublas time: 2.873000 ms
cublas success, cublas_error: 0.659304, cublas time: 2.861000 ms
cublas success, cublas_error: 0.659304, cublas time: 2.865000 ms
cublas success, cublas_error: 0.659304, cublas time: 2.866000 ms
cublas success, cublas_error: 0.659304, cublas time: 2.865000 ms
input: ../input/sx-superuser.rb
num_of_lines_for_m_ptr_in_row_id 17645, num_of_lines_for_m_row_id 84081, num_of_lines_for_m_data 57806, num_of_rows 194085, num_of_cols 194085, num_of_entries 924886
matrix read
free: 15, tot: 15
V allocated 
free: 15, tot: 15
R allocated 
free: 15, tot: 15
Blocks 	 ThreadsPerBlock 	 PVL 	 LVL 	 simple_error 	 simd_error 	 simple_time 	 simd_time 
4096 	 4 	 8 	 64 	 0.175485 	 0.175485 	 9.657000 	 23.420000 
4096 	 4 	 16 	 64 	 0.175485 	 0.175485 	 8.358000 	 10.519000 
4096 	 4 	 32 	 64 	 0.175485 	 0.175485 	 4.530000 	 5.032000 
4096 	 4 	 64 	 64 	 0.175485 	 0.175485 	 5.516000 	 3.324000 
4096 	 8 	 8 	 64 	 0.175485 	 0.175485 	 9.619000 	 23.197000 
4096 	 8 	 16 	 64 	 0.175485 	 0.175485 	 8.317000 	 10.317000 
4096 	 8 	 32 	 64 	 0.175485 	 0.175485 	 4.598000 	 5.113000 
4096 	 8 	 64 	 64 	 0.175485 	 0.175485 	 5.388000 	 3.206000 
4096 	 16 	 8 	 64 	 0.175485 	 0.175485 	 9.467000 	 23.188000 
4096 	 16 	 16 	 64 	 0.175485 	 0.175485 	 8.265000 	 10.327000 
4096 	 16 	 32 	 64 	 0.175485 	 0.175485 	 4.565000 	 4.898000 
4096 	 32 	 8 	 64 	 0.175485 	 0.175485 	 9.466000 	 23.489000 
4096 	 32 	 16 	 64 	 0.175485 	 0.175485 	 8.670000 	 10.327000 
4096 	 64 	 8 	 64 	 0.175485 	 0.175485 	 9.252000 	 23.293000 
8192 	 4 	 8 	 64 	 0.175485 	 0.175485 	 9.485000 	 23.925000 
8192 	 4 	 16 	 64 	 0.175485 	 0.175485 	 8.210000 	 10.632000 
8192 	 4 	 32 	 64 	 0.175485 	 0.175485 	 4.507000 	 5.025000 
8192 	 4 	 64 	 64 	 0.175485 	 0.175485 	 5.508000 	 3.259000 
8192 	 8 	 8 	 64 	 0.175485 	 0.175485 	 9.336000 	 23.119000 
8192 	 8 	 16 	 64 	 0.175485 	 0.175485 	 8.436000 	 10.230000 
8192 	 8 	 32 	 64 	 0.175485 	 0.175485 	 4.517000 	 4.850000 
8192 	 8 	 64 	 64 	 0.175485 	 0.175485 	 5.694000 	 3.207000 
8192 	 16 	 8 	 64 	 0.175485 	 0.175485 	 9.507000 	 24.294000 
8192 	 16 	 16 	 64 	 0.175485 	 0.175485 	 8.382000 	 10.693000 
8192 	 16 	 32 	 64 	 0.175485 	 0.175485 	 4.635000 	 4.922000 
8192 	 32 	 8 	 64 	 0.175485 	 0.175485 	 9.391000 	 23.366000 
8192 	 32 	 16 	 64 	 0.175485 	 0.175485 	 8.266000 	 10.180000 
8192 	 64 	 8 	 64 	 0.175485 	 0.175485 	 9.588000 	 22.184000 
16384 	 4 	 8 	 64 	 0.175485 	 0.175485 	 9.409000 	 22.648000 
16384 	 4 	 16 	 64 	 0.175485 	 0.175485 	 8.420000 	 10.775000 
16384 	 4 	 32 	 64 	 0.175485 	 0.175485 	 4.600000 	 4.977000 
16384 	 4 	 64 	 64 	 0.175485 	 0.175485 	 5.685000 	 3.360000 
16384 	 8 	 8 	 64 	 0.175485 	 0.175485 	 9.753000 	 22.730000 
16384 	 8 	 16 	 64 	 0.175485 	 0.175485 	 8.095000 	 10.118000 
16384 	 8 	 32 	 64 	 0.175485 	 0.175485 	 4.484000 	 4.821000 
16384 	 8 	 64 	 64 	 0.175485 	 0.175485 	 5.670000 	 3.332000 
16384 	 16 	 8 	 64 	 0.175485 	 0.175485 	 9.337000 	 23.035000 
16384 	 16 	 16 	 64 	 0.175485 	 0.175485 	 8.422000 	 10.100000 
16384 	 16 	 32 	 64 	 0.175485 	 0.175485 	 4.326000 	 5.129000 
16384 	 32 	 8 	 64 	 0.175485 	 0.175485 	 9.222000 	 22.305000 
16384 	 32 	 16 	 64 	 0.175485 	 0.175485 	 8.512000 	 10.344000 
16384 	 64 	 8 	 64 	 0.175485 	 0.175485 	 9.684000 	 22.558000 
32768 	 4 	 8 	 64 	 0.175485 	 0.175485 	 9.630000 	 24.042000 
32768 	 4 	 16 	 64 	 0.175485 	 0.175485 	 8.245000 	 10.357000 
32768 	 4 	 32 	 64 	 0.175485 	 0.175485 	 4.598000 	 4.843000 
32768 	 4 	 64 	 64 	 0.175485 	 0.175485 	 5.521000 	 3.383000 
32768 	 8 	 8 	 64 	 0.175485 	 0.175485 	 9.770000 	 22.368000 
32768 	 8 	 16 	 64 	 0.175485 	 0.175485 	 8.303000 	 10.916000 
32768 	 8 	 32 	 64 	 0.175485 	 0.175485 	 4.635000 	 4.704000 
32768 	 8 	 64 	 64 	 0.175485 	 0.175485 	 5.610000 	 3.195000 
32768 	 16 	 8 	 64 	 0.175485 	 0.175485 	 9.252000 	 23.127000 
32768 	 16 	 16 	 64 	 0.175485 	 0.175485 	 8.352000 	 10.472000 
32768 	 16 	 32 	 64 	 0.175485 	 0.175485 	 4.474000 	 4.784000 
32768 	 32 	 8 	 64 	 0.175485 	 0.175485 	 9.619000 	 23.489000 
32768 	 32 	 16 	 64 	 0.175485 	 0.175485 	 8.406000 	 10.667000 
32768 	 64 	 8 	 64 	 0.175485 	 0.175485 	 9.290000 	 23.407000 
--------------------- calling cublas ------------------------
cublas success, cublas_error: 16.413195, cublas time: 4.625000 ms
cublas success, cublas_error: 16.413195, cublas time: 4.602000 ms
cublas success, cublas_error: 16.413195, cublas time: 4.564000 ms
cublas success, cublas_error: 16.413195, cublas time: 4.553000 ms
cublas success, cublas_error: 16.413195, cublas time: 4.524000 ms
cublas success, cublas_error: 16.413195, cublas time: 4.514000 ms
cublas success, cublas_error: 16.413195, cublas time: 4.575000 ms
cublas success, cublas_error: 16.413195, cublas time: 4.561000 ms
cublas success, cublas_error: 16.413195, cublas time: 4.559000 ms
cublas success, cublas_error: 16.413195, cublas time: 4.577000 ms
input: ../input/ch7-8-b5.rb
num_of_lines_for_m_ptr_in_row_id 12830, num_of_lines_for_m_row_id 76975, num_of_lines_for_m_data 32567, num_of_rows 141120, num_of_cols 141120, num_of_entries 846720
matrix read
free: 15, tot: 15
V allocated 
free: 15, tot: 15
R allocated 
free: 15, tot: 15
Blocks 	 ThreadsPerBlock 	 PVL 	 LVL 	 simple_error 	 simd_error 	 simple_time 	 simd_time 
4096 	 4 	 8 	 64 	 0.000000 	 0.000000 	 0.523000 	 0.595000 
4096 	 4 	 16 	 64 	 0.000000 	 0.000000 	 0.436000 	 0.403000 
4096 	 4 	 32 	 64 	 0.000000 	 0.000000 	 0.482000 	 0.486000 
4096 	 4 	 64 	 64 	 0.000000 	 0.000000 	 0.663000 	 0.721000 
4096 	 8 	 8 	 64 	 0.000000 	 0.000000 	 0.459000 	 0.524000 
4096 	 8 	 16 	 64 	 0.000000 	 0.000000 	 0.413000 	 0.405000 
4096 	 8 	 32 	 64 	 0.000000 	 0.000000 	 0.478000 	 0.478000 
4096 	 8 	 64 	 64 	 0.000000 	 0.000000 	 0.653000 	 0.704000 
4096 	 16 	 8 	 64 	 0.000000 	 0.000000 	 0.462000 	 0.552000 
4096 	 16 	 16 	 64 	 0.000000 	 0.000000 	 0.412000 	 0.395000 
4096 	 16 	 32 	 64 	 0.000000 	 0.000000 	 0.464000 	 0.457000 
4096 	 32 	 8 	 64 	 0.000000 	 0.000000 	 0.437000 	 0.543000 
4096 	 32 	 16 	 64 	 0.000000 	 0.000000 	 0.395000 	 0.395000 
4096 	 64 	 8 	 64 	 0.000000 	 0.000000 	 0.449000 	 0.552000 
8192 	 4 	 8 	 64 	 0.000000 	 0.000000 	 0.445000 	 0.556000 
8192 	 4 	 16 	 64 	 0.000000 	 0.000000 	 0.413000 	 0.397000 
8192 	 4 	 32 	 64 	 0.000000 	 0.000000 	 0.475000 	 0.479000 
8192 	 4 	 64 	 64 	 0.000000 	 0.000000 	 0.650000 	 0.705000 
8192 	 8 	 8 	 64 	 0.000000 	 0.000000 	 0.457000 	 0.539000 
8192 	 8 	 16 	 64 	 0.000000 	 0.000000 	 0.411000 	 0.396000 
8192 	 8 	 32 	 64 	 0.000000 	 0.000000 	 0.466000 	 0.460000 
8192 	 8 	 64 	 64 	 0.000000 	 0.000000 	 0.645000 	 0.685000 
8192 	 16 	 8 	 64 	 0.000000 	 0.000000 	 0.444000 	 0.545000 
8192 	 16 	 16 	 64 	 0.000000 	 0.000000 	 0.390000 	 0.389000 
8192 	 16 	 32 	 64 	 0.000000 	 0.000000 	 0.458000 	 0.441000 
8192 	 32 	 8 	 64 	 0.000000 	 0.000000 	 0.443000 	 0.542000 
8192 	 32 	 16 	 64 	 0.000000 	 0.000000 	 0.418000 	 0.411000 
8192 	 64 	 8 	 64 	 0.000000 	 0.000000 	 0.477000 	 0.569000 
16384 	 4 	 8 	 64 	 0.000000 	 0.000000 	 0.449000 	 0.559000 
16384 	 4 	 16 	 64 	 0.000000 	 0.000000 	 0.414000 	 0.397000 
16384 	 4 	 32 	 64 	 0.000000 	 0.000000 	 0.464000 	 0.466000 
16384 	 4 	 64 	 64 	 0.000000 	 0.000000 	 0.634000 	 0.687000 
16384 	 8 	 8 	 64 	 0.000000 	 0.000000 	 0.443000 	 0.540000 
16384 	 8 	 16 	 64 	 0.000000 	 0.000000 	 0.389000 	 0.385000 
16384 	 8 	 32 	 64 	 0.000000 	 0.000000 	 0.452000 	 0.444000 
16384 	 8 	 64 	 64 	 0.000000 	 0.000000 	 0.674000 	 0.678000 
16384 	 16 	 8 	 64 	 0.000000 	 0.000000 	 0.447000 	 0.549000 
16384 	 16 	 16 	 64 	 0.000000 	 0.000000 	 0.408000 	 0.406000 
16384 	 16 	 32 	 64 	 0.000000 	 0.000000 	 0.498000 	 0.475000 
16384 	 32 	 8 	 64 	 0.000000 	 0.000000 	 0.470000 	 0.563000 
16384 	 32 	 16 	 64 	 0.000000 	 0.000000 	 0.469000 	 0.462000 
16384 	 64 	 8 	 64 	 0.000000 	 0.000000 	 0.535000 	 0.618000 
32768 	 4 	 8 	 64 	 0.000000 	 0.000000 	 0.430000 	 0.538000 
32768 	 4 	 16 	 64 	 0.000000 	 0.000000 	 0.391000 	 0.381000 
32768 	 4 	 32 	 64 	 0.000000 	 0.000000 	 0.449000 	 0.445000 
32768 	 4 	 64 	 64 	 0.000000 	 0.000000 	 0.658000 	 0.676000 
32768 	 8 	 8 	 64 	 0.000000 	 0.000000 	 0.458000 	 0.544000 
32768 	 8 	 16 	 64 	 0.000000 	 0.000000 	 0.406000 	 0.403000 
32768 	 8 	 32 	 64 	 0.000000 	 0.000000 	 0.497000 	 0.493000 
32768 	 8 	 64 	 64 	 0.000000 	 0.000000 	 0.781000 	 0.765000 
32768 	 16 	 8 	 64 	 0.000000 	 0.000000 	 0.483000 	 0.574000 
32768 	 16 	 16 	 64 	 0.000000 	 0.000000 	 0.470000 	 0.460000 
32768 	 16 	 32 	 64 	 0.000000 	 0.000000 	 0.619000 	 0.562000 
32768 	 32 	 8 	 64 	 0.000000 	 0.000000 	 0.529000 	 0.619000 
32768 	 32 	 16 	 64 	 0.000000 	 0.000000 	 0.581000 	 0.551000 
32768 	 64 	 8 	 64 	 0.000000 	 0.000000 	 0.637000 	 0.723000 
--------------------- calling cublas ------------------------
cublas success, cublas_error: 0.059821, cublas time: 0.859000 ms
cublas success, cublas_error: 0.059821, cublas time: 0.819000 ms
cublas success, cublas_error: 0.059821, cublas time: 0.821000 ms
cublas success, cublas_error: 0.059821, cublas time: 0.818000 ms
cublas success, cublas_error: 0.059821, cublas time: 0.816000 ms
cublas success, cublas_error: 0.059821, cublas time: 0.820000 ms
cublas success, cublas_error: 0.059821, cublas time: 0.819000 ms
cublas success, cublas_error: 0.059821, cublas time: 0.813000 ms
cublas success, cublas_error: 0.059821, cublas time: 0.829000 ms
cublas success, cublas_error: 0.059821, cublas time: 0.817000 ms
