1.7926998073544e-16
2.0987387255009e-16
2.0987387255009e-16
2.0987387255009e-16
2.4228636822482e-16
2.4228636822482e-16
2.4228636822482e-16
2.4228636822482e-16
2.7726012022997e-16
2.7726012022997e-16
2.7726012022997e-16
3.1427274770407e-16
3.1427274770407e-16
3.1427274770407e-16
3.1427274770407e-16
3.5417024851282e-16
3.5417024851282e-16
3.9558483285942e-16
3.9558483285942e-16
3.9558483285942e-16
4.3937236318615e-16
4.3937236318615e-16
4.8480904459022e-16
4.8480904459022e-16
5.3195067818514e-16
5.3195067818514e-16
5.8085453740742e-16
5.8085453740742e-16
6.3157966248403e-16
6.3157966248403e-16
6.8418700766427e-16
7.3775872562913e-16
7.3775872562913e-16
7.9330733418549e-16
8.498687550152e-16
9.0745962538843e-16
9.0745962538843e-16
9.6716004282398e-16
1.0279409994758e-15
1.0898201632422e-15
1.152815349254e-15
1.2169445198736e-15
1.2169445198736e-15
1.2833971663589e-15
1.3510397457977e-15
1.4198913984132e-15
1.4899715588936e-15
1.5612998091596e-15
1.6338961728282e-15
1.7077809679845e-15
1.7829746599432e-15
1.8594981557173e-15
1.9373726567848e-15
2.0166195118562e-15
2.0972603641058e-15
2.2613742327119e-15
2.3448696284052e-15
2.429826012059e-15
2.6027066918224e-15
2.6906543978985e-15
2.7801331745985e-15
2.8711668735854e-15
2.9637796409868e-15
3.1522127827326e-15
3.2480581866011e-15
3.3455576002196e-15
3.4447366420406e-15
3.5456213722143e-15
3.7508549184958e-15
3.8552303836849e-15
3.9613916316992e-15
4.1773407583279e-15
4.2871564638822e-15
4.5105266967439e-15
4.6241097871552e-15
4.8551296310716e-15
4.972595831074e-15
5.21150026909e-15
5.3329686897648e-15
5.5799991831609e-15
5.8311851662476e-15
5.9588872631541e-15
6.2185732721343e-15
6.3505895753532e-15
6.6190341504726e-15
6.8919566544255e-15
7.1694242252294e-15
7.3104645547602e-15
7.5972275013461e-15
7.8887425236586e-15
8.1850799988242e-15
8.4863117762962e-15
8.7925105889206e-15
9.1037500529447e-15
9.4201049624695e-15
9.7416507005257e-15
1.0068463533546e-14
1.0400621200279e-14
1.0738202322873e-14
1.1081286112408e-14
1.1604286822221e-14
1.1958619173702e-14
1.2318699481444e-14
1.2684611373498e-14
1.324235379692e-14
1.3620184453199e-14
1.4196064741059e-14
1.4586162808088e-14
1.5180710113944e-14
1.558343248327e-14
1.5992604224422e-14
1.6616174586888e-14
1.703852393002e-14
1.7682144706922e-14
1.8336006681102e-14
1.9000256054413e-14
1.9450112842942e-14
2.0135584012353e-14
2.0831893553999e-14
2.1539195178604e-14
2.2257644805363e-14
2.2987400561974e-14
2.3728621901212e-14
2.4230521251104e-14
2.4995161831295e-14
2.5771760045088e-14
2.6560484179209e-14
2.7361503845489e-14
2.817499130593e-14
2.9001121031034e-14
2.9840069699779e-14
3.0692016199641e-14
3.1845516179955e-14
3.272400339671e-14
3.3913382756051e-14
3.4819149649548e-14
3.6045407802033e-14
3.7290494044853e-14
3.8554661617889e-14
4.015905402004e-14
4.1787960631142e-14
4.3441712724292e-14
4.5120656295835e-14
4.7166033551361e-14
4.8896398068706e-14
5.0653006776717e-14
5.243621303336e-14
5.4246377558227e-14
5.6083868432538e-14
5.7949053737499e-14
5.9842308915955e-14
6.1764009410744e-14
6.41046525834e-14
6.648036653427e-14
6.9695370438791e-14
7.2550517534483e-14
7.5862211957337e-14
7.9643363051755e-14
8.3054362841909e-14
8.7381422548664e-14
9.3090013260182e-14
9.8883108057157e-14
1.0340520663838e-13
1.0799406042886e-13
1.1218490358403e-13
1.164374297893e-13
1.2075244735101e-13
1.246442966625e-13
1.2908678811077e-13
1.3559760299753e-13
1.4372799290043e-13
1.5146143076959e-13
1.5878445072185e-13
1.6674467815114e-13
1.7535890933949e-13
1.835518892446e-13
1.9241764063378e-13
2.0197373717659e-13
2.1223808823266e-13
2.2149352278773e-13
2.3029542680926e-13
2.3922389923757e-13
2.4828057435324e-13
2.5807952057577e-13
2.6863995174462e-13
2.7998147039299e-13
2.9276307587822e-13
3.0637508730888e-13
3.2018086699764e-13
3.3418288845031e-13
3.5041237251883e-13
3.6824351929921e-13
3.8632704906278e-13
4.046662156475e-13
4.2397954303253e-13
4.4429048829757e-13
4.6562293107957e-13
4.8800113529224e-13
5.1069343056772e-13
5.3523781629085e-13
5.6168125668005e-13
5.8770566457959e-13
6.1249405575744e-13
6.3762795741067e-13
6.6393371481274e-13
6.9143860867101e-13
7.2270550162189e-13
7.5526251481613e-13
7.9087600080772e-13
8.2698176597853e-13
8.6447875299636e-13
9.024926408821e-13
9.410297989131e-13
9.8288714815372e-13
1.0253190574485e-12
1.0673768239664e-12
1.1187308746925e-12
1.1815910897395e-12
1.2502875445911e-12
1.3199206630735e-12
1.3884559925815e-12
1.4558494841e-12
1.5252089710068e-12
1.5955089996479e-12
1.6624427312264e-12
1.735752515797e-12
1.8111612614142e-12
1.8875870065959e-12
1.9855450022943e-12
2.0917468099136e-12
2.1935258478762e-12
2.2954846537598e-12
2.400491338186e-12
2.5106771560278e-12
2.6271469855035e-12
2.7476714810412e-12
2.8652410500272e-12
2.9892533845172e-12
3.1149138406357e-12
3.2418467582275e-12
3.3771399424532e-12
3.5241026366091e-12
3.6913812763397e-12
3.8686481249424e-12
4.0481114918677e-12
4.2621675174699e-12
4.4830839274866e-12
4.675575770496e-12
4.8720751176156e-12
5.0735522940923e-12
5.2822313622075e-12
5.5408210068344e-12
5.8332452757323e-12
6.1313789206798e-12
6.4369190599211e-12
6.7506521251803e-12
7.0809587839191e-12
7.4258778514235e-12
7.7894400349073e-12
8.2019832898626e-12
8.6247023805866e-12
9.0195452892189e-12
9.4159201730716e-12
9.8182930884468e-12
1.0253174178528e-11
1.0719663445728e-11
1.1218492189092e-11
1.1766310157074e-11
1.2335704630861e-11
1.2856235056354e-11
1.3360583546804e-11
1.3901632629031e-11
1.4474375454301e-11
1.5079520613703e-11
1.5764753655178e-11
1.6506226435112e-11
1.7216767863166e-11
1.7898688792961e-11
1.8557016434159e-11
1.9215049437239e-11
1.9909695457919e-11
2.0653280161837e-11
2.1429529603365e-11
2.2280124258265e-11
2.3209136754964e-11
2.4101100060031e-11
2.4977043714266e-11
2.5865863751071e-11
2.6790894285404e-11
2.7801283516159e-11
2.8881820671734e-11
3.00803603346e-11
3.1364696442571e-11
3.2659697058441e-11
3.3979206673443e-11
3.5391840939619e-11
3.6862150580696e-11
3.8340944407659e-11
3.9938259855389e-11
4.1619246059329e-11
4.3276895696008e-11
4.4958630895309e-11
4.6714216632007e-11
4.846581171491e-11
5.0218420655143e-11
5.2005761862546e-11
5.382809465328e-11
5.584111841655e-11
5.8036904036622e-11
6.0211576385664e-11
6.2397789503077e-11
6.4693364010762e-11
6.7051394159234e-11
6.957360213116e-11
7.2244299736816e-11
7.5116986956611e-11
7.8184656688811e-11
8.1290975368251e-11
8.4446324032151e-11
8.7752632443313e-11
9.1238816199246e-11
9.4804969568635e-11
9.8541767056205e-11
1.0243125875009e-10
1.0637210264546e-10
1.1045011914362e-10
1.146063094665e-10
1.1885533177122e-10
1.2309646169913e-10
1.2736968318093e-10
1.3170863703464e-10
1.3605380177888e-10
1.4074343029183e-10
1.4568498907164e-10
1.5076581665174e-10
1.5618230090216e-10
1.6166949698165e-10
1.6700581121017e-10
1.7234632006719e-10
1.7793619089409e-10
1.8382320223746e-10
1.8979762821697e-10
1.9608134267695e-10
2.0276969646144e-10
2.0981434557894e-10
2.170247619476e-10
2.242544105259e-10
2.3168315966802e-10
2.3923585927459e-10
2.4670560146415e-10
2.5424111175746e-10
2.6215189868278e-10
2.7020944773216e-10
2.7809491444195e-10
2.8606577796371e-10
2.9442729111779e-10
3.0322597909596e-10
3.1309472814598e-10
3.2355735083077e-10
3.3377133149194e-10
3.4385213873505e-10
3.5406682011684e-10
3.6462947909725e-10
3.7505174863467e-10
3.8526777324906e-10
3.9602707960207e-10
4.0751533279638e-10
4.1938150878859e-10
4.3160841097614e-10
4.4427418657448e-10
4.5715667271153e-10
4.7020638864748e-10
4.8344280977703e-10
4.9637706108592e-10
5.0926093867303e-10
5.2251166776932e-10
5.3576015129633e-10
5.4916776066734e-10
5.6345251587587e-10
5.7875257062899e-10
5.9494452416209e-10
6.1154072849969e-10
6.2799393333071e-10
6.4463419306752e-10
6.6183146489132e-10
6.7941980168586e-10
6.9846931734263e-10
7.1862879833738e-10
7.3834601684677e-10
7.5777972538473e-10
7.7747039628675e-10
7.9802640268259e-10
8.1925577343976e-10
8.4067309490199e-10
8.6256542999028e-10
8.852360902352e-10
9.0782047626853e-10
9.3002018925725e-10
9.5266016005944e-10
9.7648719890504e-10
1.0018825255449e-09
1.0302467960022e-09
1.0606222958504e-09
1.0905764292163e-09
1.1201488426237e-09
1.1494073893682e-09
1.1782027074902e-09
1.2068986760988e-09
1.2368121102962e-09
1.2670912366559e-09
1.2978215879841e-09
1.3304289857841e-09
1.3639226119611e-09
1.3985147011428e-09
1.4329650303814e-09
1.4689531013774e-09
1.5065183006024e-09
1.5422648060805e-09
1.5779455128157e-09
1.6161786565814e-09
1.6557497512132e-09
1.6963659777242e-09
1.7382618794233e-09
1.7792298422974e-09
1.8193032131353e-09
1.8599565179984e-09
1.903522763287e-09
1.9490342649431e-09
1.9954184477028e-09
2.0434760178923e-09
2.0923783393301e-09
2.1418607670992e-09
2.1919803093533e-09
2.2418457144963e-09
2.2920033467369e-09
2.3434103418971e-09
2.3942983179408e-09
2.4463369480051e-09
2.4996660094002e-09
2.5528982179385e-09
2.6076827304988e-09
2.6642829296415e-09
2.7225891236012e-09
2.7808629694058e-09
2.8383192031792e-09
2.8984549623265e-09
2.9616131858195e-09
3.0272256705728e-09
3.098157635768e-09
3.1743297547795e-09
3.2519811232472e-09
3.3277122077144e-09
3.4057910151756e-09
3.4860832535697e-09
3.5666137957669e-09
3.6455232493981e-09
3.7228013984426e-09
3.8036081214576e-09
3.8883562631636e-09
3.9757394209943e-09
4.0707252147646e-09
4.174402709703e-09
4.2787087453517e-09
4.3810012559032e-09
4.4815453957282e-09
4.5815798229581e-09
4.6829773529123e-09
4.790074725318e-09
4.9071198111987e-09
5.0257270089051e-09
5.139882885587e-09
5.2529004413836e-09
5.36288367819e-09
5.4784354014532e-09
5.6052513650669e-09
5.7299499612175e-09
5.8511566406943e-09
5.9745335162256e-09
6.0993979581406e-09
6.2281728730987e-09
6.3566428410001e-09
6.4845565691475e-09
6.615025839164e-09
6.7470172392591e-09
6.8827957583996e-09
7.0323819236215e-09
7.1933897354303e-09
7.3518391278876e-09
7.5108790821558e-09
7.6814804874119e-09
7.8541705498698e-09
8.0236870953577e-09
8.1948645296506e-09
8.3690651048372e-09
8.5557378045015e-09
8.7450073319381e-09
8.9355168517415e-09
9.1333203080164e-09
9.335238187249e-09
9.5455191020284e-09
9.7711449236822e-09
1.0000297108729e-08
1.0221294525411e-08
1.0439508233644e-08
1.0656440308319e-08
1.0881644370487e-08
1.1118858673321e-08
1.1374993609233e-08
1.165318785775e-08
1.193437687982e-08
1.2213814807965e-08
1.252752964914e-08
1.2877299062251e-08
1.3228144108231e-08
1.3573285670818e-08
1.3923450809766e-08
1.427541604155e-08
1.4619947139675e-08
1.4966850237369e-08
1.5328836702714e-08
1.5716867186294e-08
1.6127682255626e-08
1.6554908410433e-08
1.6990463523033e-08
1.7456355906494e-08
1.7928762469251e-08
1.8397142509731e-08
1.8905280137313e-08
1.9440640407746e-08
1.999681989796e-08
2.0596265538969e-08
2.1203939757605e-08
2.1807003673034e-08
2.2432402446548e-08
2.3038311844438e-08
2.3686054468408e-08
2.4418429844305e-08
 2.513281383e-08
2.5859464895172e-08
2.6623608230034e-08
2.7413602942232e-08
2.8240380390156e-08
2.9062849684497e-08
2.9896543293065e-08
3.0754727619643e-08
3.163505334612e-08
3.2535494995183e-08
3.3434880305633e-08
3.4352757824948e-08
3.5314094437194e-08
3.6320841501377e-08
3.7394384306435e-08
3.84984011472e-08
3.960771703532e-08
4.0708321895726e-08
4.1821789068577e-08
4.297332148106e-08
4.4127747683278e-08
4.5273562101311e-08
4.6394492774518e-08
4.7515988387609e-08
4.8717185450796e-08
4.9971122933773e-08
5.1276825625973e-08
5.2666788240635e-08
5.4066339160419e-08
5.5447547979275e-08
5.6893689728561e-08
5.8412596924776e-08
5.9973790661763e-08
6.1611854618194e-08
6.3297774753978e-08
6.5092899094632e-08
6.7012732320778e-08
6.8979288340903e-08
7.0959265573881e-08
7.2907515089477e-08
7.4925528692741e-08
7.698900265681e-08
7.9107668632355e-08
8.1380434908015e-08
8.3678295743336e-08
8.6011383336439e-08
8.8359086243499e-08
9.0605206385279e-08
9.2965933915348e-08
9.5487540713475e-08
9.8057887589407e-08
1.0069153306806e-07
1.0336482838481e-07
1.061124736115e-07
1.0906417154901e-07
1.1220294292596e-07
1.1534702903199e-07
1.1850296514762e-07
1.2163797493331e-07
1.2487967792093e-07
1.2833777580509e-07
1.3179653046392e-07
1.3520447618116e-07
1.3866752394789e-07
1.4222608498702e-07
1.4588221591261e-07
1.4964331579458e-07
1.5369553417087e-07
1.581591144643e-07
1.627278846983e-07
1.6723574793287e-07
1.7170892829971e-07
1.7623939899125e-07
1.8090750019039e-07
1.8553097346648e-07
1.9031036510181e-07
1.9535233975878e-07
2.0036006973987e-07
2.0530745140109e-07
2.1058345241437e-07
2.1610716960335e-07
2.2154947206257e-07
2.2715203183566e-07
2.3287638095649e-07
2.3872264036035e-07
2.4501075978368e-07
2.5142139365856e-07
2.5761548874658e-07
2.6374724317798e-07
2.6996929723221e-07
2.7641047625461e-07
2.829055590852e-07
2.8937743984571e-07
2.9616647287682e-07
3.030554831913e-07
3.0980612674151e-07
3.1666995870779e-07
3.2387903215716e-07
3.3142735733344e-07
3.3929190429164e-07
3.4718724276296e-07
3.5495557163947e-07
3.6301117379982e-07
3.7146197668997e-07
3.7993229924058e-07
3.8850943511128e-07
3.9772318069218e-07
4.0704492375312e-07
4.1624610474186e-07
4.2588370255621e-07
4.3555559786903e-07
4.4498176085938e-07
4.5466721580568e-07
4.6453174421268e-07
4.7449904727905e-07
4.8470827244281e-07
4.9551731867407e-07
5.0673718549132e-07
5.178664041776e-07
5.2900661237469e-07
5.3999700199995e-07
5.5124366172862e-07
5.6311349629735e-07
5.7517139641542e-07
5.8746897734019e-07
5.9986557083247e-07
6.1221350819156e-07
6.2478322083312e-07
6.3740505661786e-07
6.5011093535591e-07
6.6309511774064e-07
6.7608555286672e-07
6.890601972218e-07
7.0220235360807e-07
7.1592912245987e-07
7.3017473130651e-07
7.4433643628447e-07
7.5885225371042e-07
7.737529593274e-07
7.8857723509142e-07
8.0359746313522e-07
8.1889550721967e-07
8.3465347880943e-07
8.5074923053593e-07
8.6688880602668e-07
8.8312402968866e-07
8.9905950485212e-07
9.1514124748118e-07
9.3173261516093e-07
9.486650635028e-07
9.6637938844615e-07
9.8425476828236e-07
1.002098437171e-06
1.0203838398699e-06
1.0388632248293e-06
1.0577658095026e-06
1.0779283549339e-06
1.0989223863199e-06
1.1201482723874e-06
1.1416964124549e-06
1.1638370953315e-06
1.1877431719252e-06
1.2124183534826e-06
1.2361431180694e-06
1.2589918029261e-06
1.2813802542253e-06
1.3037036994372e-06
1.3266338358377e-06
1.3503529010255e-06
1.3745213894905e-06
1.3991127678479e-06
1.4240187384034e-06
1.448801528298e-06
1.473457316834e-06
1.4980320377496e-06
1.5227401617807e-06
1.5480377398012e-06
1.5728777206533e-06
1.5969592259911e-06
1.6209943679662e-06
1.6452421195407e-06
1.6700907886407e-06
1.6955837936847e-06
1.7221048550406e-06
1.7488225953821e-06
1.7754660119988e-06
1.8035871555701e-06
1.8323780174653e-06
1.8614011684515e-06
1.8912955564116e-06
1.9221298058184e-06
1.9530789007605e-06
1.9834129460523e-06
2.0131972639038e-06
2.0435718772814e-06
2.0791850927921e-06
2.1188500891529e-06
2.1575140253969e-06
2.1961651538575e-06
2.2353487060838e-06
2.2755207043865e-06
2.3166735205622e-06
2.3579675045708e-06
2.3982493458612e-06
2.4390421862937e-06
2.4822890421523e-06
2.5254720199306e-06
2.5677001278389e-06
2.6091296533381e-06
2.6529098524292e-06
2.7020878396949e-06
2.7557860019495e-06
2.8112594498682e-06
2.868260361215e-06
2.9267862026342e-06
2.9847372817018e-06
3.0435404021753e-06
3.1057797875483e-06
3.1685802116592e-06
3.2299490316889e-06
3.2914650383859e-06
3.3530297307584e-06
3.4167574489486e-06
3.4841499929082e-06
3.5563731851081e-06
3.6304081323266e-06
3.7048719419085e-06
3.7866761477619e-06
3.8726398899024e-06
3.9584266486563e-06
4.0429397453589e-06
4.1277201679936e-06
4.215766199369e-06
4.3060358232365e-06
4.3974620245378e-06
4.4869325316306e-06
4.5754423043921e-06
4.6674016499265e-06
4.7658903377156e-06
4.8698089916925e-06
4.9758479944578e-06
5.0811841144872e-06
5.1840938007703e-06
5.2866239266217e-06
5.3954594734184e-06
5.5118255522836e-06
5.6280038301793e-06
5.73828210855e-06
5.850480674867e-06
5.9711015699916e-06
6.0941307580827e-06
6.2146014033385e-06
6.3337555039477e-06
6.4554937122522e-06
6.58358728709e-06
6.7169636278734e-06
6.8549357089523e-06
6.994536450764e-06
7.1354925078058e-06
7.2814738191134e-06
7.4350276874998e-06
7.5901458309694e-06
7.744292234877e-06
7.9015140154969e-06
8.0558620210198e-06
8.2051136299811e-06
8.3551568763657e-06
8.5106725612407e-06
8.6687874492633e-06
8.8293920334744e-06
8.9949769448417e-06
9.1645436844459e-06
9.3442863533115e-06
9.5270418272914e-06
9.7055917439959e-06
9.8896155991953e-06
1.0076681955271e-05
1.0263302156277e-05
1.0450952656358e-05
1.063880924305e-05
1.0830314263266e-05
1.1027039406715e-05
1.122947534583e-05
1.143490260295e-05
1.1638741923548e-05
1.184729555621e-05
1.2063199476429e-05
1.2277679420431e-05
1.2489814723309e-05
1.2704059890683e-05
1.2925500755772e-05
1.3155589362605e-05
1.3385233713226e-05
1.3608940469493e-05
1.3831321844809e-05
1.4058365401877e-05
1.4289528614898e-05
1.4524558163608e-05
1.4757990787548e-05
1.498542054485e-05
1.5204941620817e-05
1.5421919354819e-05
1.5643313124652e-05
1.58711545512e-05
1.6108652362583e-05
1.6345664215329e-05
1.6576052629171e-05
1.680836848631e-05
1.7043186236966e-05
1.7274653365519e-05
1.7499297676468e-05
1.7723635337484e-05
1.7957210248076e-05
1.8192593912117e-05
1.8427360614473e-05
1.8680200038403e-05
1.8946861419044e-05
1.9219059956717e-05
1.9494049619501e-05
1.9763258907197e-05
2.0032138969213e-05
2.0303695945745e-05
2.0581467643653e-05
2.0862509820015e-05
2.1142606236577e-05
2.1422519191744e-05
2.1703985357472e-05
2.1984546232752e-05
2.2269894089339e-05
2.2561549711314e-05
2.2858929851904e-05
2.3157357927078e-05
2.3447888700219e-05
2.3752099863239e-05
2.4064931376871e-05
2.4367077595732e-05
2.4667685617475e-05
2.4976562768648e-05
2.5287315093379e-05
2.5596738980758e-05
2.5909621864394e-05
2.622415855342e-05
2.6541608748819e-05
2.6862116936013e-05
2.7184377290794e-05
2.751479926923e-05
2.7847094794599e-05
2.8178426884907e-05
2.8519725579633e-05
2.8874189291938e-05
2.9245146514292e-05
2.9622757824495e-05
2.9995176298209e-05
3.0374247955175e-05
3.0759527690241e-05
3.1137268449308e-05
3.1520989450385e-05
3.1909294561421e-05
3.2300689276246e-05
3.2698764834449e-05
3.309206408246e-05
3.3491630979864e-05
3.3894437408339e-05
3.4289839470912e-05
3.4692150929828e-05
3.5100604506247e-05
3.5498356423741e-05
3.5895564071468e-05
3.6297650646159e-05
3.6697437996974e-05
3.7098582209401e-05
3.7495731684836e-05
3.7888661746652e-05
3.8286950733803e-05
3.8695740740576e-05
3.9109280414938e-05
3.9526704078312e-05
3.99461330028e-05
4.0371650375311e-05
4.0817189534374e-05
4.1287688997682e-05
4.1754401081962e-05
4.2206171739689e-05
4.266427932632e-05
4.3135204795048e-05
4.36174868075e-05
4.4098243104174e-05
4.4566778388943e-05
4.5029495770241e-05
4.5501239103651e-05
4.5977091935741e-05
4.644613870175e-05
4.68989322984e-05
4.7359129551291e-05
4.7841424174206e-05
4.8312337222401e-05
4.8766456227977e-05
4.9221077353752e-05
4.9685904938769e-05
5.0157496348867e-05
5.0630544433013e-05
5.1107751085481e-05
5.1596416104716e-05
5.2103988521064e-05
5.2615048492207e-05
5.3124981509092e-05
5.3629077656017e-05
5.412441183426e-05
5.46250325716e-05
5.5130986736552e-05
5.5637525452756e-05
5.6144629691883e-05
5.666006094401e-05
5.7188803809125e-05
5.7718197921808e-05
5.8263112797319e-05
5.8831727488842e-05
5.9408238785692e-05
5.9991711941207e-05
6.05750737124e-05
6.1162400419112e-05
6.1739242891883e-05
6.2296062064553e-05
6.2854561757654e-05
6.3412626524518e-05
6.3980843626491e-05
6.4564669088732e-05
6.5156749293434e-05
6.5744161138803e-05
6.6330085900726e-05
6.6928753213244e-05
6.7540305335331e-05
6.8142620503485e-05
6.8725455612297e-05
6.9304315034675e-05
6.989047671428e-05
7.048057981932e-05
7.1075799195834e-05
7.1678491137809e-05
7.2288726655474e-05
7.2912451068763e-05
7.3539172515624e-05
7.4167709766013e-05
7.4799254306187e-05
7.5428990199804e-05
7.6065362827419e-05
7.671332023414e-05
7.7384063053323e-05
7.806547399246e-05
7.876514521396e-05
7.9470731247354e-05
8.0168375386707e-05
8.0861754390865e-05
8.1536688885067e-05
8.2209660528766e-05
8.2890993103412e-05
8.3576845236879e-05
8.4273819209291e-05
8.4976734945975e-05
8.5694964950453e-05
8.6419287474964e-05
8.7148398618301e-05
8.7883686925627e-05
8.8612886038903e-05
8.9341387928324e-05
9.0081624882939e-05
9.0833717078322e-05
9.1597784706239e-05
9.2358397989122e-05
9.3114051912079e-05
9.3876105069784e-05
9.4638838628561e-05
9.5403676089506e-05
9.6160383197356e-05
9.6899995406252e-05
9.763261221398e-05
9.8368535536491e-05
9.9107774303437e-05
9.9836753092131e-05
0.00010057960985596
0.00010132731775648
0.0001020691316417
0.00010283437212065
0.00010360304072548
0.00010437357619701
0.00010516808089203
0.00010597570238054
0.00010679017380747
0.00010761315716256
0.00010845120895137
0.0001092946979343
0.00011016500241117
0.00011104920918304
0.00011191917982791
0.00011279477936213
0.00011367098585934
0.00011454946299655
0.00011542507932117
0.00011630119320914
0.00011716566801571
0.00011803919502301
0.00011891309494517
0.00011980319584571
0.00012073627560215
0.00012169142207775
0.00012265270468806
0.00012359665064663
0.00012451389485424
0.00012544251610622
0.00012638446155663
0.0001273175982729
0.00012825110671144
0.00012919058616347
0.00013015498017902
0.00013113124360352
0.00013210224860211
0.0001330736662963
0.00013404933745015
0.00013502732090198
0.00013601938943499
0.00013702963319269
0.00013803834381851
0.00013905746954083
0.00014009314258683
0.00014112322342793
0.00014213739189723
0.00014316209651464
0.0001442118915854
0.000145280810513
0.00014634602965313
0.00014741587851879
0.00014853063560428
0.00014964390237016
0.00015072556446379
0.00015184428466207
0.00015299396280506
0.00015415525677555
0.00015529965301789
0.00015646896668595
0.00015766791822993
0.00015885421992089
0.00016002766106913
0.00016117440491137
0.0001623146307317
0.00016346200361738
0.00016461425022815
0.00016575974011339
0.00016691708192225
0.00016812173649303
0.0001693315454788
0.00017054413440236
0.00017176429024533
0.00017293888541358
0.0001740867544109
0.0001752760319472
0.00017651703406686
0.00017777566698817
0.0001790296604725
0.00018024629224848
0.00018145280958701
0.00018270237024864
0.00018400056850249
0.00018530167041065
0.00018659530803813
0.00018789174705811
0.00018920930299166
0.00019054027573728
0.00019188212447746
0.00019323492731756
0.00019459339394699
0.00019596564135457
0.00019733819270889
0.0001987109946794
0.00020008674460059
0.00020147372660841
0.00020288873380467
0.00020435167169758
0.0002058433316244
0.00020734981964556
0.00020885412989949
0.00021035617322661
0.00021183852190745
0.00021333285280824
0.00021485972667331
0.00021638122074725
0.00021788240663654
0.00021937190616808
0.0002209094531222
0.0002224925663812
0.00022407319866974
0.00022566345782802
0.00022728796476435
0.00022892544501759
0.00023056044882041
0.00023219914191598
0.00023381632463978
0.00023540217297779
0.00023707089278438
0.00023877535798843
0.0002404385741858
0.00024208267897335
0.00024372694687978
0.00024538772261034
0.00024705192944677
0.00024872286913644
0.00025037381751081
0.00025201791222766
0.00025370912762692
0.00025543435116866
0.00025714600243701
0.00025884729648888
0.0002605588240525
0.00026227715059147
0.00026397775485915
0.00026567798807152
0.00026737067604594
0.00026908422896908
0.00027083318953836
0.00027260707702398
0.00027444246615455
0.00027629249331557
0.00027812783736355
0.00027997415033482
0.00028182776887898
0.00028370368470839
0.00028561339052589
0.00028750037781128
0.00028940241702709
0.00029135412172106
0.00029335601443599
0.00029539309330052
0.0002974266717274
0.00029947625809469
0.00030158540727593
0.00030374680467287
0.00030590902704288
0.00030801973135254
0.00031009036003952
0.000312169177871
0.00031421937466418
0.00031625287600013
0.00031830253352488
0.00032036013125344
0.00032246338609988
0.00032461276632241
0.00032681296776865
0.00032903465753124
0.00033124369731419
0.00033344847492278
0.00033567489566268
0.00033797115751639
0.00034030286598869
0.0003426040867356
0.00034491880811256
0.00034728285805558
0.00034963378563825
0.00035192613877864
0.00035421826978938
0.00035655125657829
0.0003588886770085
0.00036121661431206
0.00036355814865351
0.00036595548740524
0.00036839506739283
0.00037087255643288
0.00037334065243785
0.00037580394742701
0.00037832496603136
0.00038086549426522
0.00038342078897515
0.00038597130793438
0.00038857116700269
0.00039123076733072
0.00039396068577638
0.00039671144922076
0.00039943270915948
0.00040215448788658
0.00040493286902404
0.00040784546473408
0.00041077489017736
0.00041364328336759
0.00041651778711824
0.00041946669689649
0.00042247489981768
0.00042545789755314
0.00042839390062247
0.00043127688231414
0.0004342251310627
0.00043722841194298
0.0004402161150373
0.00044323197993707
0.00044635371948209
0.00044951563759475
0.00045265088860614
0.00045582662018843
0.00045906017815418
0.00046230654449229
0.00046554856270171
0.00046880335360906
0.00047209412582448
0.00047535124899748
0.00047860937635492
0.00048186840612971
0.00048522305801558
0.00048871603243708
0.00049224088328077
0.00049578579301948
0.00049936299163748
0.0005030336871834
0.00050665777600607
0.00051013593607149
0.00051353460337413
0.00051694630076652
0.00052039615226514
0.00052386554372315
0.00052734188493732
0.00053076772134511
0.00053416160315025
0.0005375811201925
0.00054113025255892
0.00054482991378495
0.00054862263334806
0.00055247634002275
0.00055638494621685
0.00056032223530163
0.00056426155140966
0.00056814204283908
0.00057203756418767
0.00057603687969815
0.00058012043005004
0.0005843166275207
0.00058857106986843
0.00059282144911486
0.0005970816065124
0.00060137973214986
0.00060576578941561
0.00061019779726303
0.00061470482977952
0.00061930200113067
0.00062391759416632
0.00062853706367138
0.00063311625641947
0.00063768408386497
0.00064229220682486
0.00064690360912337
0.00065147314945689
0.00065603038424645
0.00066070400825983
0.00066550278723337
0.0006702668464015
0.00067490306407301
0.00067951069727876
0.00068408928529886
0.00068862265897333
0.00069322845710282
0.00069801836421483
0.00070297830732773
0.00070797368734188
0.00071290798841554
0.00071788576088194
0.00072293992645502
0.00072791542016005
0.00073291835049166
0.00073804830127794
0.00074316483889025
0.0007482173763665
0.00075338197125124
0.00075870204063787
0.00076417911655403
0.000769677713958
0.00077509454843623
0.00078049780588546
0.00078599163824253
0.00079153309854209
0.00079704329783653
0.00080258366356562
0.00080822554332598
0.00081388933553531
0.00081950312012763
0.00082507520718422
0.00083060495359356
0.00083609171942439
0.00084154405323043
0.00084716477612422
0.00085292766264307
0.00085873127824653
0.00086450069909035
0.0008702448127016
0.00087613414601318
0.00088216053953322
0.00088817164173753
0.00089415743500137
0.00090034071492395
0.00090673319493904
0.00091319956481409
0.00091961216164547
0.00092612890181531
0.00093274073631193
0.00093945850309532
0.00094631337851193
0.00095324582825202
0.00096027683995313
0.0009672228473317
0.00097389730582651
0.00098043168748118
0.00098711579556369
0.0009939824327358
0.0010008754897322
0.0010078056172185
0.0010146879006397
0.001021596459877
0.0010285313610822
0.0010353629557447
0.0010421007842795
0.0010490823227292
0.0010565296543381
0.0010642045979183
0.0010719317175704
0.0010797224983115
0.0010879027897946
0.0010962057554882
0.0011041561125841
0.0011118866637837
0.0011195323611618
0.0011271266316017
0.0011347497960196
0.0011424019153548
0.0011501181865492
0.001158193346219
0.0011664416254239
0.0011745433944063
0.001182568596636
0.0011905041490785
0.0011984939038651
0.0012065867894723
0.0012148569497804
0.0012232323309184
0.0012317014367824
0.0012403394768772
0.0012489608269035
0.0012574897869252
0.0012660133846219
0.0012745439729612
0.0012831068442758
0.0012917533204829
0.0013003552531061
0.0013088860108069
0.0013175527936571
0.0013264091009952
0.001335298866474
0.0013440503148059
0.0013527015771583
0.0013615719578902
0.0013706769306795
0.0013798026897512
0.0013887998965762
0.0013977897046743
0.0014068540451401
0.0014160899127922
0.0014255819822702
0.0014352490781794
0.0014450787411622
0.0014548894052207
0.0014648786496084
0.0014748204832067
0.0014844710647252
0.0014939851409398
0.0015038232947611
0.0015139160107243
0.0015237547338642
0.0015335419477188
0.0015434538196093
0.0015536099639164
0.0015639381135325
0.0015743648442352
0.0015850866408544
0.001596045712578
0.0016072289794192
0.0016183172648168
0.0016291708940814
0.0016401425286525
0.0016510622054387
0.0016622257243546
0.0016737922215299
0.0016851187483187
0.0016960756386605
0.0017069456392058
0.0017177755863312
0.001728806298379
0.0017399909793146
0.0017511356566685
0.0017621578230189
0.0017730723269389
0.0017841751324926
0.0017955176832849
0.0018069185084744
0.0018182436556064
0.00182947515422
0.0018410524216136
0.0018530468270565
0.0018652910709225
0.0018776668855367
0.001890244462706
0.0019029907261666
0.0019159594770688
0.0019291526257247
0.0019422542531506
0.0019552452989087
0.0019684631885116
0.0019817664303621
0.0019950293706469
0.0020083961212597
0.0020217035260204
0.002035005482973
0.0020481728284437
0.0020613147173733
0.0020745234040771
0.0020876124721892
0.0021009368983798
0.0021149513956949
0.0021291507233435
0.0021433839322495
0.0021576509670242
0.0021720479955105
0.002186633976781
0.0022010798901777
0.0022155988567122
0.0022299555273459
0.0022441281103606
0.0022583722610255
0.0022725487355714
0.0022869971121677
0.0023018607186655
0.0023166980134518
0.0023313455633726
0.0023460872982683
0.0023608004684126
0.0023754843694602
0.0023903458528361
0.0024051985619214
0.0024201887531246
0.0024352541816741
0.0024501834221616
0.002464995970465
0.0024798399726922
0.0024945863612828
0.0025094929870813
0.0025246478957915
0.002539747683368
0.0025550106655524
0.0025705703001717
0.0025864069878434
0.0026024117627615
0.0026182055568397
0.0026339207240146
0.0026497820034279
0.0026652454529632
0.0026806946161034
0.0026964958627808
0.0027124448404589
0.0027285657538787
  0.002744813336
0.0027614691130043
0.0027781135327892
0.0027946279109234
0.0028114378752055
0.0028281879955773
0.0028445175470001
0.0028604942069328
0.0028765015015582
0.0028930503811816
0.0029094854319541
0.0029256821915707
0.0029420824549581
0.0029586629696601
0.0029752005847468
0.0029916443102218
0.0030082698599845
0.0030250026413017
0.0030417669557245
0.003058639355179
0.0030755433898596
0.0030924272909393
0.0031093163546231
0.003126496959993
0.0031441549107511
0.0031614519684339
0.0031782253800428
0.0031952937185218
0.0032127663080556
0.003230163405575
0.0032477266186181
0.0032655113331015
0.0032834375184812
0.003301725116711
0.0033202396389388
0.0033387063643927
0.0033571243398894
0.0033754088575297
0.0033932776154229
0.0034111770970699
0.0034297019731131
0.0034484878439444
0.0034670505331329
0.0034852149309873
0.0035033810193799
0.0035220126779922
0.0035413472596381
0.0035611273740017
0.0035807090596836
0.0036001786337165
0.0036200993569448
0.0036403256906447
0.0036600495833263
0.0036794467144119
0.0036987557888393
0.0037182800174852
0.0037381741740836
0.0037580107384866
0.0037774486757919
0.003796856217981
0.0038168877754692
0.0038374862198432
0.0038584360355762
0.0038795184513893
0.0039006387406981
0.0039217967812999
0.0039430566758632
0.0039639670469825
0.0039846860641621
0.0040058955784188
0.0040273379250986
0.0040489818508672
0.0040711261483013
0.0040930445896293
0.0041144341603828
0.0041356915207806
0.0041570506276603
0.0041782749931107
0.0041992607786235
0.0042206886058244
0.0042427338867614
0.0042649879739882
0.0042873136597841
0.0043101290804347
0.0043334382689321
0.0043571398805921
0.0043808485206892
0.0044042440622177
0.004427215930783
0.0044501179223686
0.0044730927556073
0.0044962491983509
0.0045199155933252
0.0045433291522819
0.00456667038593
0.0045899748986182
0.0046130194644014
0.0046360615179567
0.0046596241648235
0.0046843131044322
0.0047103648489874
0.0047368053659284
0.0047631040767837
0.0047891824857311
0.0048150378436457
0.0048408220092056
0.0048661065159996
0.0048912761222669
0.0049171917417019
0.0049435841203926
0.0049695071359043
0.0049950750787797
0.0050213627045011
0.0050486569984834
0.0050760393164382
0.0051040366015196
0.0051325316971576
0.0051602199053258
0.0051883668145379
0.0052170172899189
0.0052454288406911
0.0052741403047738
0.0053024838852269
0.0053300768244064
0.0053577566378199
0.0053855659664984
0.0054133774222446
0.0054414902758465
0.0054700789259509
0.0054991039136624
0.005528177430232
0.0055574739011026
0.0055868192736241
0.0056150234584818
0.005643049078308
0.0056713386167827
0.0057004749075423
0.0057308242349772
0.0057615853201446
0.0057923081372331
0.0058226273108659
0.005853178765536
0.0058835504066431
0.0059137860008104
0.0059442545653576
0.0059747245875065
0.0060052421586812
0.0060359480581681
0.0060666544311547
0.0060968383976618
0.0061271618875621
0.006157673455185
0.0061876041826992
0.0062172863638144
0.0062470570269423
0.0062775993208072
0.0063093607673847
0.0063409239791122
0.0063721379496404
0.0064031477755538
0.0064339509039882
0.0064656982060881
0.0064980449150492
0.0065302872296994
0.0065621692428987
0.0065933292730388
0.0066246836000016
0.0066570066931664
0.0066899441397928
0.0067222521472226
0.0067541332764381
0.0067862654467598
0.0068178590889393
0.0068491733959038
0.0068806309285697
0.0069121253540159
0.0069437099325635
0.0069748991356428
0.0070056344359849
0.0070364555298746
0.0070681283414648
0.0071006599387984
0.0071335054054626
0.0071664450446752
0.0071990333131178
0.0072316578933612
0.0072640935986182
0.007296902662492
0.0073298040995858
0.0073621142655911
0.0073949145660401
0.0074280936962649
0.0074613655997406
0.0074951365268212
0.0075291770722143
0.0075634888916965
0.0075983678225941
0.0076331682720984
0.0076677700111916
0.0077031840457511
0.0077388779030123
0.0077746127265348
0.007810992356792
0.0078466863683528
0.0078816877982985
0.0079175820469239
0.0079549301771867
0.0079926320102349
0.0080303174233273
0.0080677360002123
0.0081050722847382
0.0081422618039466
0.0081794289366027
0.0082173345087875
0.00825560167483
0.008293592206343
0.0083314314028839
0.0083689878808073
0.0084071673080666
0.0084468222415874
0.0084869823477308
0.0085266641656092
0.0085665235458659
0.008607092468184
0.0086469091142116
0.0086860997547987
0.0087255327915894
0.0087656150688738
0.008806758864704
0.0088484953734705
0.0088894589384808
0.0089301234647415
0.0089711764935107
0.0090120652894475
0.0090530663807794
0.0090948802404882
0.0091365986858899
0.0091782905826242
0.009220238745304
0.0092620880317993
0.0093038366070042
0.0093455547199549
0.0093874578835283
0.0094292565126254
0.0094716048864773
0.0095145801239879
0.009557304369715
0.0095992575528754
0.0096411738260293
0.0096831264061254
0.0097252644153788
0.0097668368381037
0.0098089704028501
0.0098522000663418
0.0098954680497383
0.0099392328361794
0.0099829600162044
0.010026802691575
0.01007076093635
0.010114445557942
0.010158009618506
0.010202236586273
0.010246973540134
0.010291193860353
0.010334892114054
0.010378782259681
0.010424069471843
0.010470039289442
0.010516534698748
0.01056404743948
0.010612095202455
0.010661912787959
0.010712113298658
0.010760215232439
0.010807779215377
0.010855551130044
0.01090411890962
0.010953909854142
0.011003749014506
0.011054655526766
0.011105954731772
0.011157391902598
0.011208794972172
0.011258433024149
0.011307071299523
0.011357840328738
0.011410845331195
0.011463464913162
0.011516931861962
0.011570719879172
0.011623582602633
0.011676764392732
0.01173017697947
0.011783008445621
0.011835796829044
0.011888267434114
0.011940599361494
0.011993709145189
0.012047141068117
0.012102379783504
0.012157578193703
0.01221133247627
  0.012265882315
0.01232095062174
0.012375404354318
0.012428666354024
0.012483304310808
0.01253846562063
0.012593864652023
0.012651244037653
0.012708093084506
0.012764503656525
0.012823313287972
0.01288286802328
0.01294129462485
0.012998979409526
0.013055316619572
0.013110894253542
0.013167716024104
0.013225791539652
0.013286043280616
0.013346655060516
0.013405889617728
0.013464761328869
0.013524504132329
0.013584398969085
0.013643092930568
0.013700156535496
0.013756519332192
0.013813333692249
0.013870814078923
0.013929602831479
0.013988428831792
0.014046755068363
0.014104791467037
0.014163075146205
0.014222258539097
0.014281802866246
0.014340943461599
0.014402425254013
0.01446527288613
0.014526612839332
0.014587767761934
0.014648734847686
0.014709286587356
0.01476975675743
0.014829010481662
0.014888173983445
0.014947473887587
0.015006565919777
0.015066023325283
0.015127120931898
0.015189406578646
0.015251488708283
0.015313950346144
0.015375616662384
0.015436834274959
0.015499615753164
0.01556516482652
0.015632306786354
0.015699731807562
0.015765992639711
0.015830350864474
0.015895223408679
0.015961591210235
0.016028360926002
0.016095657881891
0.016163856508371
0.016233708803316
0.016304353685186
0.016374919136456
0.016446158270137
0.016516937802594
0.016586490929667
0.01665544331021
0.016724812499149
0.016794343636755
0.016862875212129
0.016930656665224
0.016998200915594
0.017066419498849
 0.0171372853331
0.017210160321735
0.017282148512763
0.017354038407996
0.017425561007499
0.017497113844727
0.017570175868531
0.017644082703655
0.017718432943103
0.017792547722469
0.017866834058307
0.01794142931028
0.018015231099441
0.018089062575383
0.01816389621118
 0.0182389008394
0.018313796061368
0.018388579492801
0.018462258797785
0.018536669570397
0.01861167389841
0.01868727522412
0.018764195965656
0.018841579386311
0.018920152708117
0.018999342032978
0.019078712453649
0.019157383398839
0.019236674004338
0.019317771796732
0.019400095860235
0.019482908698637
0.019564864318585
0.019645954147615
0.019726622751128
0.01980656172521
0.019886981998461
0.019966662640337
0.020046517489015
 0.0201276258209
0.020209067395554
0.020291309855452
0.020373733922793
0.02045508558669
0.020535669295068
0.020617847766844
0.020700839156585
0.020782577254522
0.020864810164331
0.020948504252031
0.021032379542875
0.021114168601656
0.021195316372854
0.021275652857864
0.021356481513837
0.021437969533715
0.021520120839919
0.021603105265269
0.021686428251721
0.02176925434988
0.021852586036005
0.021936088534193
0.022017559786206
0.022100043027755
0.022183032646289
0.022265331059538
0.022348997015821
0.022433521628872
0.022517348340504
0.022600818435177
0.022685502160756
0.022770529504579
0.022855196193593
0.022940029030492
0.023025916960859
0.023112152848557
0.023199096432758
0.023286571905063
0.023372955607553
0.023458055682015
0.023543135406592
0.023629473517659
0.02371744602858
0.023804851769224
0.023890573767254
0.023977013436492
0.024066601341911
0.024157300025742
0.024247047160886
0.024336966932451
0.024426110744939
0.024514851631287
0.024603375973984
0.024693024157855
0.024787080265342
0.024884223548017
0.024980397049911
0.025075006042474
0.025169994710075
0.025265757758274
0.025361312632989
0.025457052314215
0.025553573677887
0.025650481714556
0.025747777780971
0.025845664647183
0.025944549791171
0.026042206190102
0.026140253013221
0.026238896331089
0.026337728180893
0.026437160925194
0.026535747819746
0.026634104263066
0.026732644222845
0.026830948151429
0.026928591619668
0.027025356417385
0.027122506524285
0.027219404401913
0.027315404953339
0.02741178727492
0.02750898378155
0.027607432026828
0.02770605406813
0.027807030571993
0.02790928366882
0.028011282957159
0.028115010999881
 0.0282184855062
0.028322370082674
0.028427782833708
0.028532940314972
0.028638514041909
0.028745183448125
0.028850005867267
0.028955470458124
0.029062723944889
0.02917086031273
0.029279423646978
0.029387258516109
0.029495751224995
0.029606537689542
0.029717760900856
0.029829187390469
0.029939164823253
0.030050286121713
0.03016303419044
0.030275270698422
0.030387948628537
0.030499866158073
0.030611015418926
0.030722843893421
0.030834624452576
0.030948066239847
0.031061953173351
0.03117530118943
0.031287362005622
0.031397130228699
0.031509323017466
0.031625459319424
0.031741045169175
0.031855822015431
0.031971554321017
0.03208875612254
0.032208202599482
0.032328115768658
0.032446182254646
0.032563418486339
0.032681630736906
0.032799263163563
0.032916831719589
0.033036432250004
0.033155708873954
0.033273071074229
0.033391951653098
0.033512360507529
0.033632702945681
0.033754318742835
0.033875598816351
0.033995997366276
0.034116863586941
0.034236835795755
0.034356452428103
0.034476807933433
0.034596802715931
0.034715878131672
0.034835136957865
0.034954299617393
0.035076445081355
0.035201875674583
0.035325533021242
0.035447684771001
0.035571731321437
0.035696828487854
0.035823842557931
0.035950771471093
 0.0360776124791
0.036205523061773
0.036329850727023
0.036454073186564
0.036579948119926
0.036706013786643
0.036833156032022
0.03696108448121
0.037088015556923
0.037216331919542
0.037346643500253
0.037478058871135
0.037609071095912
0.037737853372789
0.037866215374534
0.037995987736877
0.038125336537859
0.038253948153144
0.038383362381298
0.038512029487035
0.03864150169387
0.038772408959552
0.038901616570469
0.039028793955826
0.039154873965932
0.039281754237603
0.039409119161812
0.039536970500929
0.039666596629022
0.039798654893499
0.039932189522898
0.040065908344554
0.040198830922618
0.040332587690503
0.040467841110473
0.040603279759217
0.040741223500987
0.040883020717393
0.041024021461997
 0.0411652230111
0.041305614666688
0.041442484452006
0.041579534374799
0.041719488409795
0.041860657371932
0.042002018933301
0.042141161430195
0.042278411505246
0.042413752597745
0.042546123024539
0.04268074306066
0.042816223676552
0.042953978485179
0.043094022516033
0.043234596530833
0.043375345369487
0.043515195074071
0.043655573251997
0.043796842009785
0.04393755883568
0.044079532795852
0.044224593455651
0.044368737448935
0.044509752154124
0.044651666919475
0.044795596212458
0.044941924267166
0.045089921197688
0.045237352014884
0.045384961806417
0.045531241451083
0.045675800095219
0.045818622956681
0.045963126075029
0.046108171022176
0.046249918631541
0.046393354863541
0.046541199212621
0.046689597553376
0.046839331437069
0.046990017563062
0.047139303412411
0.047287175991847
0.047435205995202
0.047584981246807
0.047736114095304
0.047890213195475
0.048043280636143
0.048193693673848
0.048344263213797
0.04849661350122
0.048650755269366
0.048805880687445
0.048959119241708
0.049110454789586
0.049261526127294
0.049411913281529
0.049562443086374
0.04971688135719
0.049875254588461
0.050033372892572
0.05018911614675
0.050342464545282
0.050495529460913
0.050650445892784
0.050806795945042
0.05096286361717
0.051120375557537
 0.0512767338077
0.051432363575078
0.051589007500433
0.051744474537633
0.051898753791475
0.052052276214388
0.052204589989627
0.052357912553275
 0.0525113540101
0.052666260091527
0.052824442092829
0.052987278984635
0.053152986909922
0.053317027515643
0.053478014107349
0.053638676036699
0.053800390270492
0.053960850160063
0.054120972909326
0.054284946223911
0.054450457364147
0.054616107484488
0.05478472167599
0.05495821021538
0.055132810276118
0.05530328932018
0.055471048400125
0.055639902671864
0.055808413344206
0.055975125755768
0.056146329198386
0.056319620273982
0.056494523203723
0.056670556895153
0.05684477421032
0.057018147136872
0.057192154159879
0.057364309042379
0.057538091815586
0.057713010614045
0.057884040846476
0.058051656875338
0.058220391117265
0.058391266337445
0.058562254468747
0.05873489058799
0.058909184135721
0.059083596548655
0.059257090282407
0.059428616467468
0.059601809839587
0.059776680419405
0.059953763245363
0.060132016986253
0.06030721311035
0.060480920353292
0.060654725152479
0.060832371111777
0.061014420955221
0.061200364940387
0.061384278368718
0.061562886870701
0.061740507974211
0.06191931907104
0.06210042364217
0.062279980496571
0.062460186761077
0.06264326346719
0.062827558707639
0.06301419652884
0.063205995063642
0.06339848595921
0.063587717638431
0.063775364312823
0.063965963715586
0.064157250679336
0.064349800241161
0.064542468245631
0.064732944223401
0.064922368409097
0.06511014887365
0.065296270817249
0.065484233147785
0.065674046635315
0.065857464847179
0.066036214976508
0.066217389210689
0.066403983309731
0.066594238438771
0.06678157314372
0.066966566971398
0.067155248076208
0.06734581919561
0.067537681772127
0.067728397406104
0.067920409573771
0.068111261892498
0.068302178706416
0.068496258652762
0.068689165777513
0.068881513089017
0.069075800886407
0.069272040388801
0.069467086769186
0.069662829220596
0.069856727094832
0.07004940252571
0.070244685298157
0.070441306215141
0.070636048342538
0.070830189835007
0.071022424378204
0.071213387451097
0.071406992175147
0.071602598268662
0.071804169174223
0.072009761314059
0.072214093544286
0.07242114865236
0.072628938678751
0.072840147935227
0.073051433316789
0.073258065942716
0.073460687484575
0.073666747295153
0.073875584371258
0.074081736318454
0.074287930409476
0.074491405020777
0.074696983694731
0.074901899866666
0.075102660902268
0.075303431789196
0.075506315768545
0.075707098292729
0.075907882137588
0.076110083791537
0.076312286804441
0.076515202746491
0.076718116697957
0.076922464770399
0.077129698670243
0.077340560774602
0.07755143778625
0.077763056452101
0.077973954762401
0.078182655256818
0.078392826612606
0.078608176694418
0.078825768682352
0.079041888510325
0.07925801878886
0.079471905394482
0.079682023596398
0.079893634488374
0.080109020209281
0.080322116029219
0.080535194712769
0.080755150543299
0.080975106772829
0.081192745669033
0.081411920503368
0.081633415524393
0.081854904420547
0.082072471599808
0.082286872111589
0.082502021044378
0.082721875018001
0.082945670434727
0.083171042371273
0.083396400999475
0.083622545177772
0.083848672259434
0.084071549033785
0.084297632968966
0.084527756586654
0.084757048651455
 0.0849830438452
0.085211467874377
0.085439036906838
0.085665741937845
0.085893234035444
0.086121516023552
0.086349754285084
0.086577106501514
0.086806930836782
0.087040930888539
0.087269808264209
0.08749692681385
0.087723978400683
0.087944107214661
0.088168435707215
0.088395264992135
0.088615955174136
 0.0888365401865
0.089059630618746
0.089283491842504
0.089509881074552
0.089737051678238
0.089964122767486
0.09018754452583
0.090411736904896
0.090635809411688
0.090858862326152
0.091083582533681
0.091308174838876
0.09153625556901
0.09176330499447
0.091988401886009
0.092214273018716
0.092436332567374
0.092659155316237
0.09288366767861
0.093106169769841
0.093328505545783
0.093553471499055
0.093779209208211
0.094002901506248
0.09422830396556
0.094453532825993
0.094677634480401
0.094904409364389
0.095133872960926
0.095362203329629
0.095590352116507
0.095818315190215
0.096047057983614
0.096277555492311
0.096501033469907
0.096719399464911
0.096938511093811
0.097160342489537
0.097382930844281
0.097608263789248
0.097833369059787
0.098055243896457
0.098281886118086
0.098514331596498
0.098744539788943
0.098974518694764
0.099208330051895
0.099439876773152
0.099671187413007
0.099900203397756
0.10013102798784
0.10036160287604
0.10059503578679
0.10083030210418
0.10106636701058
0.10130952130842
 0.1015524485458
0.10179092352727
0.10202914797204
0.10226711736599
0.10250376086956
0.10273799678628
0.10297409877171
0.10321315316602
0.10345193573823
0.10369044179459
0.10392866628354
0.10416551266464
0.10440206391527
0.10463172213549
0.10485554018038
0.10508343231747
0.10531320332219
0.10554709029793
0.10578176570363
0.10601498947652
0.10624337383979
 0.1064713983919
 0.1067035884617
0.10693996929956
0.10717714514574
0.10741283054863
0.10764586461835
0.10788083356735
0.10811543616953
0.10834966706563
0.10858584776449
0.10882165403936
0.10906176554819
0.10929915671894
0.10953026889529
0.10975978941779
0.10998770474106
 0.1102151925645
0.11044463722105
0.11067844701016
0.11091424219253
 0.1111484119312
0.11138336487014
0.11161788814787
0.11185441434248
0.11209417715178
0.11233596783387
0.11257487133549
0.11281457231892
0.11305631276381
0.11330010322378
 0.1135434583379
0.11378762451898
0.11404139849876
0.11430610164611
0.11457042129258
0.11483815849217
0.11510169418896
0.11536482905415
0.11562755733535
0.11588215777525
0.11613502394013
0.11639261340709
0.11665365555389
0.11691426117698
0.11717050223436
0.11742890512547
0.11768948085742
0.11795224076563
 0.1182145466707
0.11847373409895
0.11873644710331
0.11900404391377
0.11927521130048
0.11954188855279
0.11980269139526
0.12006164482103
0.12032281423854
0.12058211719276
0.12083269189159
0.12108821537316
0.12135285222173
0.12161836228849
0.12188058583907
0.12214088997125
0.12240065570073
0.12265847510803
0.12292276704388
0.12318087731337
0.12343417705289
0.12369114986751
0.12395039266842
0.12421334631987
 0.1244757306439
0.12473322340267
 0.1249886756782
 0.1252420711424
0.12549920429761
 0.1257557237834
0.12601016036237
 0.1262698328186
0.12653330069569
0.12679467904935
0.12705395089334
0.12731258556814
0.12756759336793
0.12782193987302
0.12808012096575
0.12833914686671
0.12860204163399
0.12886731172948
 0.1291273657063
 0.1293897951512
0.12965461254949
0.12992643763549
0.13020685381069
0.13048045619893
0.13075340032839
0.13102723456657
0.13129727865922
0.13156193864095
0.13183060306803
0.13210644765833
0.13237686489111
0.13264816205148
0.13291875021381
0.13319341241093
0.13346576365284
  0.133732571094
0.13399218296259
0.13425263799776
0.13451069283422
 0.1347679572575
0.13502932366029
0.13529481556446
0.13555788020564
0.13581849888236
0.13608161706021
0.13634724778695
0.13661540439152
0.13688610025147
0.13716102516435
0.13743347602965
 0.1377034335069
0.13797426401391
0.13824597014195
0.13852366519873
0.13880396648841
0.13908345834247
0.13936557276489
0.13965377502387
0.13994636985512
0.14023643464186
0.14051872193288
 0.1408036672959
0.14108251579994
0.14135346547692
0.14161999240486
0.14188206498766
0.14214142815702
0.14240340775809
0.14267159364573
0.14294602268843
0.14322313306438
0.14350113384058
0.14378002751114
0.14406526700638
0.14434413153079
0.14461109158136
0.14488074217311
0.14514941717002
0.14541895350936
0.14569490972102
0.14597360800818
0.14625506290561
0.14653741887028
0.14682630624619
0.14711799992777
0.14740873861968
 0.1476985129874
0.14798351363474
0.14826561290988
0.14854287672564
0.14882869895234
0.14912120696943
0.14941078735688
0.14969354477595
0.14996943246562
0.15025204690869
 0.1505433833807
0.15083564825365
 0.1511249084281
0.15141508951967
0.15171213525671
0.15200416662335
0.15230509884602
0.15260698793851
0.15290381992637
0.15319958344219
0.15349426831515
0.15378786432142
0.15407223627132
0.15434936014261
0.15463349587713
0.15492058353024
 0.1552065243056
 0.1554974987874
0.15578939541864
0.15607598665387
0.15636556902748
0.15665815816967
 0.1569495766914
0.15723350449978
0.15752044034442
0.15781251664936
0.15810763939321
0.15840795453067
0.15871135501321
0.15901785703495
0.15932102643463
0.15962730957614
0.15994105022564
0.16024926872934
0.16056063659776
0.16087953880008
0.16119725479297
0.16150278333117
0.16179824910168
0.16209022128086
 0.1623853312037
0.16268582120918
 0.1629872563368
0.16328739949494
0.16358399227123
0.16387700899129
0.16417320721986
0.16447033548954
 0.1647615706759
0.16505143746586
 0.1653467927163
0.16564537101102
0.16595640524032
0.16627765912236
0.16659064600778
0.16689298497355
0.16719860358123
0.16750751911591
0.16781505393231
0.16812826068295
0.16843536001364
0.16874104992012
0.16904769536396
0.16935529881426
 0.1696710388397
0.16999736274308
0.17033192624311
0.17066029035294
0.17097756899908
0.17128854850943
0.17160049744558
0.17191097412459
 0.1722248705814
0.17253728480165
 0.1728482042912
0.17315266571337
0.17346800643989
0.17378930953439
  0.174106615102
0.17442490720382
0.17474670248327
0.17506949771866
0.17539076587784
0.17570541902717
0.17601850351448
0.17633511288297
0.17665526569128
0.17697384223301
0.17729082933822
  0.177608798889
0.17792775378289
0.17825550003748
0.17858426104781
0.17891142249055
0.17923172016827
 0.1795503751378
0.17987529895447
0.18020652714251
0.18053612113242
0.18085073611614
  0.181166322796
0.18149093211671
0.18182461654899
0.18215663135899
0.18248696281286
0.18280744914839
0.18312892368482
 0.1834541217853
 0.1837666160058
0.18407732319641
 0.1843889870301
0.18470161033521
0.18502074595844
0.18534643054156
0.18567590901874
0.18600359976521
0.18632948834335
0.18665074222834
0.18698146289129
0.18730469315155
0.18762322759658
0.18795700349851
0.18830897272883
0.18866202147216
0.18902191085618
0.18938867925997
0.18974788126115
 0.1900936552812
0.19044048807509
0.19079130610491
0.19114319781291
0.19148734147611
0.19184138849103
0.19220243738241
0.19255271707136
0.19289513433943
0.19324158292131
0.19360406916984
0.19397367334346
0.19434741982946
0.19471928226968
0.19507408343884
0.19543300814825
0.19579607839442
0.19616331626225
0.19652860287266
0.19688576509142
0.19724092687711
0.19760026666434
0.19796069950554
0.19831911218453
0.19867861526731
0.19904548339019
 0.1994040305955
0.19975104828984
0.20009279173371
0.20042605025774
0.20076668686668
 0.2011147432862
 0.2014606528205
0.20182367474498
  0.202194241024
0.20255946572315
0.20292255493287
0.20328349233981
0.20363900000406
0.20399231309448
0.20434013367701
0.20468242364787
0.20504225473518
0.20541310745501
0.20576515275594
0.20609494386659
0.20642907327078
0.20677091397643
0.20711714789334
0.20747116995236
0.20783640569395
0.20819595935108
0.20855999991824
0.20892854945084
0.20929478610831
0.20966556020599
0.21003400713227
0.21039665554265
0.21076039538745
0.21112522975856
0.21150161694754
0.21187564074593
0.21224027118532
0.21260951303452
0.21298339202976
0.21335131918119
 0.2137097052111
0.21407272539823
0.21445111315279
0.21482705665668
0.21520053753528
 0.2155859435091
0.21596527880777
0.21634575037315
0.21671645812787
0.21708827569163
0.21746851842828
0.21784623174027
0.21822139825415
0.21860137720908
0.21897139158713
 0.2193276668774
0.21967756190676
0.22001356823068
0.22035057764953
 0.2206885928135
0.22103891852733
0.22139784674087
0.22177679224153
0.22216826925858
0.22254185355328
 0.2229089048481
0.22329238805398
0.22368470629857
 0.2240666197853
0.22443032422069
0.22481063377145
0.22522321256067
0.22563311420687
0.22602857234618
0.22642520674054
0.22681120411781
0.22719439812964
0.22759061547326
0.22798800773212
0.22837860933426
0.22877037101059
0.22917532246504
0.22956538875929
0.22994854400482
0.23034497050691
0.23074257151199
0.23113728073853
0.23152091594724
0.23190568740793
0.23229570192053
0.23270333916054
0.23310805211307
0.23349325293315
0.23387128459121
0.23425459877421
0.23463486658455
0.23502044826562
0.23541557470486
0.23580765195931
0.23621357121705
0.23662068765159
0.23701199090486
0.23739591654437
0.23778525222686
0.23818002580872
0.23857596158493
0.23897737857631
 0.2393713192051
0.23977076052792
0.24017137759048
 0.2405557037318
 0.2409499200387
0.24134968886546
 0.2417462267342
0.24214392935914
0.24255609505818
 0.2429783595954
0.24341077925778
0.24384446855006
0.24426597790241
0.24467972857388
0.24509018109043
0.24551088276953
0.24595096448411
0.24637868516281
0.24679853125921
0.24721045212534
0.24764193862823
0.24809770587351
0.24853633809899
0.24897162225773
0.24940817829903
 0.2498413525868
0.25027112068044
0.25069745805103
0.25111564270244
0.25154447346991
0.25198400798024
0.25245800382934
 0.2529333821915
0.25337677254395
0.25382623563281
0.25429618977349
0.25476751320574
0.25522573854156
0.25568046077482
 0.2561365060981
0.25659387727937
0.25704769867067
0.25751262801689
0.25798872637535
0.25846128611879
0.25892534471736
0.25939570105303
0.25987238801751
 0.2603504587318
 0.2608548892437
0.26136579186013
0.26185305839159
0.26232158565808
0.26279147123259
0.26325765204022
0.26374042890842
0.26422460308653
0.26472040141666
 0.2652381395221
0.26576765697733
0.26629870609211
0.26682094995333
0.26732914614219
0.26783880973835
0.26834994507044
 0.2688625564671
0.26939763159532
0.26993951303108
0.27046712947934
0.27100155969982
 0.2715375319892
0.27206440541399
0.27258745892138
0.27311737144553
0.27364881153618
0.27417639856738
0.27469470544664
 0.2752199194877
0.27574664594502
0.27627488767493
0.27680464753372
0.27732497553221
0.27784679875022
0.27836461272456
0.27887286550959
0.27938257713298
 0.2798993079032
0.28042309377442
0.28095955901288
0.28150316769184
0.28203709533423
0.28257255316385
0.28309824027761
 0.2836254335797
0.28415982077885
0.28470714117406
0.28527318181181
 0.2858523097244
0.28642159352574
0.28698097189348
0.28753616651762
0.28809874823729
0.28867457083947
0.28925787208633
  0.289860387526
0.29047048903118
0.29107056532915
0.29166055387553
0.29225814200337
0.29286336787533
0.29346436877859
0.29404321290056
0.29464165995328
0.29524781347824
0.29584967485232
0.29647135726733
0.29709480943156
0.29767754477564
0.29824976321489
0.29881750310693
0.29940522362521
0.29998847532834
0.30055491233066
0.30112295852516
0.30169880992601
0.30227629622583
0.30285542153241
  0.303448679597
0.30404362030806
0.30464652815176
0.30526374245835
0.30591428679874
0.30657934138652
0.30722722357217
 0.3078896804783
0.30855401312631
 0.3092074143217
0.30986266419763
0.31051976725942
0.31119164881146
0.31185895041727
0.31250215065403
0.31316019918395
0.31380703905193
0.31442949655765
0.31506028151807
0.31570602441569
0.31635358822581
 0.3169897258527
0.31760772314166
0.31820080669158
0.31881560885891
0.31944554640803
0.32007725822639
0.32073096623956
0.32138651514467
0.32202357745047
0.32267602466769
0.32332349248223
0.32398644922793
0.32464441448316
0.32526986319351
0.32590396212162
 0.3265260187869
0.32715675306989
0.32777535736894
0.32838175767027
0.32898985903685
0.32959966531145
0.33022523946389
0.33087371411306
0.33152400519885
0.33214776410724
0.33279459493515
0.33342898131997
0.33402225593349
0.33463152707689
 0.3352640665774
0.33589837463454
0.33655614103757
 0.3372084985902
0.33789175279173
0.33859149343923
0.33927857020835
0.33994557597993
0.34058504329895
0.34119681210898
0.34181767813459
0.34243286373947
0.34304976507397
0.34366838580416
0.34429620485448
0.34492577391014
0.34556461117718
 0.3462127634461
0.34687027768405
0.34752962107952
0.34818319901279
0.34882335343637
0.34945000460917
0.35007073459196
0.35071624291878
0.35137125050893
0.35202807774539
0.35270222604461
0.35337047543011
0.35403278788645
0.35468131045979
0.35533946705836
0.35601516296242
0.35667697416576
0.35733271893425
0.35801404815936
0.35869726402154
0.35934253975048
0.35999759039142
0.36066246372128
0.36132917620575
0.36199773273294
0.36267621536516
0.36333227562342
0.36400639238545
0.36467422719371
0.36533573994208
0.36601545848796
0.36670526482958
0.36737227061588
0.36804937512259
0.36874490763006
0.36946726601431
0.37019161623326
0.37091796341058
0.37164631138905
0.37234308580255
0.37306703276643
 0.3737845315658
0.37447014761197
0.37515765032467
0.37582151135758
0.37648719836778
 0.3771632727035
0.37784120456843
0.37850378977295
0.37916819455015
0.37985172808115
0.38053713891469
0.38122443170331
0.38191360993643
 0.3825959305662
0.38326257971125
0.38393985187159
0.38461016003839
 0.3852911495687
0.38599174166167
0.38668535923399
0.38738087513365
0.38807829510271
0.38875072647974
0.38940701696544
0.39006510236238
0.39072498696974
0.39140480352829
0.39207738843936
0.39274269754794
0.39340068541808
0.39406963271501
0.39474040609229
0.39540379609903
 0.3960782345346
0.39676377711176
 0.3974604786599
0.39816839418508
0.39886889874834
0.39957131144462
0.40028502769419
0.40101952074438
0.40176545655616
0.40248501828879
0.40317805608902
0.40387297908345
0.40456979157127
0.40528764159373
0.40600744281472
 0.4067291996512
0.40743361847845
0.40813995044462
0.40885790189554
0.40958752978074
0.41028987326303
0.41099412169812
0.41171989481597
0.41243780127265
0.41317737618461
0.41394861846336
0.41477152222162
  0.415566830887
0.41632441959058
0.41707406299611
0.41781571260521
0.41854931969864
0.41927483427625
0.41997199850248
0.42070144065389
0.42149380570017
0.42227812541864
0.42308499098023
0.42387355296721
0.42463343678969
0.42538507575489
0.42614906706926
 0.4269047666181
0.42763136409064
0.42835991975526
0.42909043876507
0.42981246216597
0.43054692332561
0.43127284170304
0.43205345800916
0.43285733054043
0.43359973165359
0.43432286059378
0.43502660911568
0.43573225057622
0.43643978886232
0.43718147508813
0.43795748734608
0.43873558370931
0.43946158991092
0.44014608532647
0.44082152316143
0.44150969637087
0.44223257348461
0.44297935232017
0.44372813251636
0.44445683809309
0.44518749588425
0.44590901052329
0.44665471727078
0.44743589883187
 0.4482079819259
0.44894847269754
0.44967969430078
 0.4504015914351
  0.451136728171
0.45185114960527
0.45253336899799
0.45320601013715
0.45388044768932
0.45455668599786
0.45523472940613
0.45591458225748
0.45659624889527
0.45730290263804
0.45802305600969
0.45873348274687
0.45944580271715
0.46018343738469
0.46094651597544
0.46171162630088
0.46245516955532
0.46315335745958
0.46386526775546
0.46459096789018
0.46530666971705
0.46604819453189
0.46680368203649
0.46753712933851
0.46824841333684
0.46897367438011
0.46967662166283
0.47038143482284
0.47107593393495
0.47179670817126
0.47254389219062
0.47328077606082
0.47404424101906
0.47482207633909
0.47557721409292
0.47630952776369
0.47703133535121
0.47776753111566
0.47848065347354
 0.4791956624096
0.47989998575658
0.48058095152358
0.48126371729605
0.48193560983163
0.48262198833596
0.48331018036172
0.48401296783829
0.48467917546256
0.48537283269931
0.48608120036073
0.48677852359805
0.48749063324672
0.48820462077214
0.48889445860679
0.48958611461542
0.49030576249377
0.49102730525422
0.49173759425541
0.49246294135607
0.49317697506832
0.49386637298703
0.49457087638461
0.49525057735093
0.49591870291391
0.49658858422428
0.49726022569903
0.49793363175513
0.49860880680954
0.49928575527926
0.49996448084508
0.50063137706096
0.50130002276687
0.50195674066847
0.50262889834032
0.50331657196049
0.50406120576595
0.50480779063743
 0.5055424694803
0.50627907184198
0.50701760318481
0.50777203922861
0.50850043420369
0.50921669053755
0.50993482033118
0.51066894512348
0.51141914321268
0.51214291891574
 0.5128543573315
0.51353912196166
0.51425428094235
0.51499998786652
0.51571888508003
0.51643965803543
0.51719121727424
0.51795922800604
0.51868565542507
0.51937027700414
0.52005668254035
0.52075951860365
0.52144950451001
0.52215600560214
0.52284958917848
0.52360416020503
0.52440519603743
0.52516369719963
0.52587943718916
0.52662693799394
0.52736139266062
0.52809775625538
0.52882096623233
0.52956115994771
0.53030327557707
0.53104731817049
0.53180851527729
0.53257168677174
0.53333683780696
0.53413465819965
0.53494992974974
 0.5357364697341
0.53649412299914
0.53723823692669
0.53798427736189
0.53871666650402
0.53945095170611
0.54018713642812
0.54094092953711
0.54168092783081
0.54245441019294
0.54327737088601
0.54411832550904
0.54496145257685
0.54577485925083
0.54654239515786
0.54731191269638
0.54809948981581
0.54885687027377
0.54960004818552
0.55039373589483
0.55122194928353
 0.5520197347674
0.55280325234856
0.55358878831043
0.55439275508521
0.55518234264953
0.55599045553529
0.55683371742389
0.55766257153892
0.55844369841786
0.55921017168915
 0.5599786158145
0.56071553902521
0.56150472969491
0.56229594790318
0.56305544314968
0.56378304626428
0.56451251702296
0.56520984391165
0.56590896002839
0.56660986959878
0.56732971604958
0.56806859087107
0.56887826798422
0.56972456303871
0.57050376373393
0.57126760010084
0.57201598787828
0.57276629141539
0.57353600871893
0.57430769540422
  0.575081356006
0.57582173873844
0.57654634109302
0.57727279545559
0.57798334237865
0.57871351343394
0.57944554977759
0.58017945563518
0.58089728879952
0.58161695353599
0.58233845455602
0.58304371244649
0.58373263910345
0.58444149784411
0.58517038522351
0.58590113008796
0.58661542139817
0.58733153179519
0.58803105730659
0.58876927451418
0.58945386321624
0.59015874298423
0.59082822205545
0.59149940360536
0.59215360053344
0.59280946037884
0.59346698674875
0.59414501743613
0.59480588767665
0.59546843577859
0.59613266586444
0.59679858205673
0.59746618796265
0.59813548718939
0.59882565466286
 0.5995175717883
0.60024978008477
0.60096452616668
0.60168108303149
0.60241886993742
0.60313906035276
0.60384156019595
0.60456540104938
0.60533029891834
0.60607746892117
0.60686595247741
0.60763666763441
0.60838951863216
0.60916413380104
0.60994070586635
0.61071923942172
0.61147972624957
 0.6122220693384
0.61294617189757
 0.6136519367831
0.61435948207747
0.61506881190319
0.61577992986745
0.61649284009276
0.61718712651282
0.61788316199592
0.61853990416144
0.61921887491352
0.61989955494642
0.62060262672893
 0.6212867369843
0.62199335044426
0.62268090549811
0.62337018926747
0.62404026574923
0.62471202609949
0.62536442883777
 0.6260184701264
0.62667415407315
0.62731028012757
0.62796925988825
0.62860858206548
0.62924950804619
0.62991345914121
0.63062201774844
0.63133235268617
0.63204446784134
0.63273673378998
0.63343073354839
0.63412647135685
0.63484574722287
0.63554497243889
0.63622404201342
0.63688285011574
0.63756532093737
0.63822742763631
0.63893544015825
0.63964522229689
 0.6403123056011
0.64098105498812
 0.6416291271184
0.64230122059688
 0.6429749916423
0.64362792871673
0.64428249469776
0.64491606588575
0.64555121681942
0.64618795079678
0.64682627152809
0.64746618272361
0.64813059899967
0.64881963820115
0.64953341811404
0.65022589195495
0.65092008885766
 0.6516392107185
0.65240663165169
 0.6531526475874
0.65387714745343
0.65460344789916
0.65530806577001
0.65606152530907
0.65679325168417
0.65750313238023
 0.6581673325779
0.65885696125408
0.65952446152069
0.66014582092236
 0.6607687214948
0.66139316630045
0.66201915878455
0.66262256609973
0.66322746819272
0.66383386874435
0.66444177106733
0.66507555438788
0.66575977926374
0.66639670311212
0.66701064491168
0.66762610504626
0.66824308719667
0.66883685437647
0.66943208869856
0.67002879334314
  0.670651895948
0.67127653750042
0.67187767396063
0.67248029417093
0.67308440131157
0.67366476568258
0.67427185693125
0.67488044500426
0.67549053343519
0.67607664240557
0.67668974144638
0.67730435073915
0.67789480202252
0.67848670740337
0.67908006959077
0.67964903012846
0.68021939061152
0.68081714319805
0.68141636579789
0.68201706145875
0.68261923356699
0.68324913124555
0.68388057627865
0.68448719736981
0.68512174771273
0.68570484698607
0.68628937730028
0.68682207238591
0.68738277440316
0.68791808581007
0.68848154083923
 0.6890732739728
0.68966645725801
0.69026109393399
0.69083009208957
0.69140048375648
0.69194504401371
0.69246364264886
0.69303823309181
0.69364165748595
0.69424655794467
0.69482537499059
  0.695405607191
0.69601495527811
0.69662579238624
 0.6972381214306
0.69782404485859
0.69841139920968
0.69900018726654
0.69956230617561
0.70015397122888
0.70074707957275
0.70134163429913
0.70193763880907
0.70253509619446
0.70313400954719
 0.7037629711216
0.70433614689593
0.70493944701113
0.70554421607958
0.70615045719314
0.70670029570556
 0.7072514719429
 0.7078330688265
0.70841608002537
 0.7089712870612
0.70949855085821
0.71002709575453
0.71055692466535
0.71108804024088
0.71165002457946
0.71218372408511
0.71271871688093
0.71328480223318
0.71382239486024
0.71436128872801
0.71484146686921
0.71535289510561
0.71583540540939
0.71634931407148
0.71686446920381
0.71738087080636
0.71792897141595
0.71847839976811
0.71899856080497
0.71951998082681
0.72001191636543
0.72053586186611
0.72103017903742
0.72155666002874
0.72205336825564
0.72261351395493
0.72314381945732
0.72370667629561
0.72430223523588
0.72489923204861
0.72546617282161
0.72600290840836
0.72650928922067
0.72701689029582
0.72749391471717
0.72797208755191
0.72845141321701
0.72893189392097
0.72941352966379
0.72989632486244
0.73038028393388
0.73083306740977
 0.7312869392282
0.73170940414883
0.73216546089735
0.73262261423343
0.73308086621832
0.73357302982007
0.73406637496251
0.73452793732262
0.73499060863782
0.73545439096936
0.73591928637849
0.73638529692648
0.73685242467457
0.73732067374527
0.73779004619985
0.73826054203829
0.73876585276489
 0.7392386077386
0.73971249640246
0.74018751875646
0.74066367686185
0.74114097484116
0.74158524239005
0.74203057413535
0.74251130822642
0.74295877027856
0.74340730226918
0.74389149308456
0.74434217452224
0.74482868218802
0.74531635034026
0.74577026647567
0.74622526594771
0.74671643617187
0.74713844452456
0.74759670931868
0.74805606701954
0.74848110188322
0.74894265496769
 0.7493697181061
0.74979779891545
0.75022690092933
0.75069286774926
0.75115994278813
0.75162812987395
0.75209743283479
 0.7526040397962
0.75307557833511
 0.7535482384911
0.75402202409222
0.75449693513846
0.75497297354385
0.75541343778315
0.75589174047694
0.75633430012899
0.75677791102099
0.75722257491973
0.75766829535879
0.75815230375312
0.75863745864682
0.75908635577401
0.75949882140034
0.75994985104285
0.76040194959322
0.76081735471614
0.76123374452992
0.76168906393815
0.76210742799235
0.76256490641776
 0.7629852544297
0.76344490070624
0.76394402796288
0.76436736567769
0.76479170427895
 0.7652170453862
 0.7656046334338
0.76603198765084
 0.7664603508521
 0.7668897262767
0.76732011554421
0.76775152027417
0.76818394208615
0.76861738421926
0.76905184991261
 0.7694873391662
0.76992385521915
0.77032162439318
0.77076020052308
0.77119980993057
0.77164045585476
0.77208213829565
0.77252486049237
0.77292828339386
    0.7733730932
0.77381894924018
0.77426585313396
0.77471380812047
0.77516281581925
0.77561287946942
0.77602298967044
0.77647517008206
0.77692841292331
0.77738271981373
0.77783809399245
0.77825304225296
0.77871055586694
0.77916914324743
0.77958701848978
0.78004775826199
0.78050957827895
0.78097248177978
0.78139428960182
0.78185936492906
0.78232553021838
0.78279278708936
0.78326113716155
0.78373058367407
0.78420112824646
0.78471565101526
0.78514542264249
0.78561927597055
0.78605106026586
0.78648385457603
0.78696103933355
0.78739585661808
0.78787527312563
0.78831212369079
0.78879378166571
0.78927656361343
0.78971647955896
0.79015742171491
0.79059939302594
0.79104239496438
0.79144202559873
0.79188709468127
0.79233320175284
0.79273563363247
0.79318382109907
 0.7935881293095
0.79403840747741
0.79444460129429
0.79489697752512
0.79535040646824
0.79575944128318
0.79616942618935
0.79662602357556
0.79703791661475
0.79749664003807
0.79795642942458
0.79841728624662
0.79887921344883
0.79934221250354
 0.7998062863554
0.80027143794906
0.80073766875685
0.80115824910165
0.80162664422699
0.80209612592807
0.80256669567722
0.80308552087373
0.80360554778178
0.80412677964051
0.80460172366682
0.80507776751981
0.80555491414412
0.80608099009888
 0.8066082823412
0.80708874758575
0.80757032443557
0.80805301436299
0.80853681884032
0.80902174228456
0.80945918177966
0.80999506415416
0.81053218387047
 0.8109726604773
0.81146320967484
0.81190572294865
0.81239853805414
0.81289248979443
0.81338758111416
0.81388381348566
0.81433145221678
0.81478012186977
0.81522982509482
0.81573064670291
0.81618242369752
0.81663524088965
0.81708910092948
0.81749346022959
0.81794941126519
0.81835563393964
0.81881368524665
0.81927278867701
0.81968181819158
0.82014303381919
0.82060530952069
  0.821017165899
0.82148156837377
0.82189531757292
0.82231001612713
0.82272566639214
 0.8231943462651
0.82361190701885
0.82403042537269
0.82444990368234
0.82487034312566
0.82529174605837
0.82571411483619
0.82619036761208
0.82661467279156
0.82703994970545
 0.8274661995316
0.82789342462574
 0.8283216273436
0.82869716220372
0.82912732723615
0.82950458221341
0.82993671662757
0.83036983808832
0.83080394895138
0.83123905157246
0.83167514712944
0.83211223915588
0.83249556865105
0.83293465832786
0.83337474918558
0.83381584475779
0.83425794622234
0.83464566722088
0.83503427249772
0.83547940459577
0.83586978255176
0.83631694528026
0.83670910416039
0.83715830694222
0.83760853210643
0.83805978200874
0.83851205900487
0.83896536427269
0.83941970016792
0.83981814793647
0.84027455215366
0.84073199406541
0.84119047602745
0.84159255881885
0.84199555474614
0.84245716745977
0.84291982846868
0.84332557617114
0.84379033965997
 0.8442561573334
0.84472303154714
0.84513247301821
0.84560146737976
0.84607152534879
0.84654264928102
0.84701484035431
0.84742894335313
0.84784398422287
0.84825996399418
0.84867688575894
 0.8490947515784
0.84957339261245
0.84999315066382
0.85041385792304
0.85083551645135
   0.85125812831
0.85168169556025
0.85204557387721
0.85241027463483
 0.8528367193968
0.85320306856934
0.85357024548292
0.85393825102093
0.85430708695016
0.85461514368953
0.85498564570157
0.85535698340521
0.85572915768383
0.85604000227033
0.85641385676608
 0.8567885531372
0.85722668315266
0.85760306857485
0.85798030205617
0.85835838536339
0.85880047504934
0.85918026154197
0.85956090227748
0.85994239902267
0.86032475354431
0.86070796760922
0.86109204298417
0.86147698143594
0.86186278473135
0.86224945463717
0.86257240320636
0.86289607615938
0.86328535473039
0.86361048160421
0.86400150929715
0.86432809671724
0.86472088059928
0.86504893445492
0.86544348159322
0.86577300777373
0.86610327232515
0.86650047759876
0.86683222330899
0.86716471180712
0.86749794456547
0.86789871875454
0.86830038958945
0.86870295883699
0.86917367316844
0.86951064931275
0.86984837855123
0.87025455911719
0.87059379896097
0.87086579743385
0.87120655524456
0.87147976985777
0.87182205078855
0.87209648684247
0.87244029678263
0.87271595839975
0.87306130397474
0.87333819645545
0.87361570672367
0.87396336752951
0.87424211572848
0.87452148524854
 0.8748714752723
0.87515209096813
0.87543333151862
 0.8757856647474
0.87606815854082
0.87635128072248
0.87670597040721
0.87699035289896
0.87727536790147
0.87763242876539
  0.877918712323
0.87827736182544
0.87856491864959
0.87892516341602
0.87928620839102
0.87964805504689
0.88001070485598
0.88030146840368
0.88066572893618
0.88103079703885
0.88132349934393
0.88169018847628
0.88205769033196
0.88242600638327
0.88279513810257
0.88309109777918
0.88346186672372
0.88375913853624
 0.8841315513315
0.88443014116923
0.88480420370449
0.88510411568995
0.88547983532685
0.88593169624397
0.88653550844849
0.88691372514835
0.88721696753265
 0.8875208795303
0.88774931706364
0.88805457299943
0.88836050267107
0.88866710784536
0.88897438970015
0.88928234941331
 0.8895909881627
 0.8899003077151
0.89021030924838
 0.8905209939404
0.89075452115355
0.89106657687448
0.89137931987665
0.89169275192686
0.89200687420297
0.89232168788282
0.89263719473323
0.89295339593204
0.89319106847584
0.89350866190504
0.89382695380515
0.89422569324126
0.89454538561678
0.89494587932796
0.89526697865712
0.89558878352435
0.89591129510752
0.89623451458448
0.89647746099594
0.89672094097794
0.89696495541385
0.89720950474539
0.89745459029764
 0.8977002133957
 0.8981104826078
0.89843941764988
0.89876907354221
0.89901685698254
0.89926518326905
0.89951405328513
0.89976346835587
0.90001342936466
0.90026393719492
0.90059867849732
0.90085028350407
0.90110243886584
0.90143938158838
 0.9016926411938
0.90203105859691
0.90228542597956
0.90254034901761
0.90279582903616
0.90305186691859
0.90339399575822
0.90365115246032
0.90390887055989
0.90416715094033
0.90451227566658
0.90477168370063
0.90503165754912
0.90529219809545
0.90555330622301
0.90581498325691
0.90616464627732
0.90642746465744
0.90677865241748
0.90704261656081
0.90730715491083
0.90757226923435
0.90783796041475
0.90810422933542
0.90837107732145
0.90854936290579
0.90881737255614
0.90908596436375
0.90935513965369
0.90953497971862
0.90980532594853
0.91007625919436
0.91025727329113
0.91052938366069
0.91080208457975
0.91098427977552
0.91116687014328
0.91144134933631
0.91162473240379
0.91190040329656
0.91208458200838
0.91236144857618
0.91254642617147
0.91282449371466
0.91301027343254
0.91328954592639
0.91347613041705
0.91375661316193
0.91394400625339
 0.9142257036663
0.91441390800876
0.91469682494834
0.91488584407538
0.91507527162534
0.91536002690974
0.91555027395572
0.91574093178033
0.91602753601031
0.91621901804237
0.91650686079201
0.91669916997619
0.91689189406151
0.91718160342461
0.91737515937349
0.91766611918209
 0.9178605105281
0.91805532089775
 0.9183481658711
0.91854381634933
0.91883792413572
0.91903441825609
0.91932979415589
0.91952713515751
0.91972490077763
0.92002218746063
0.92022080467345
  0.920519370954
0.92071884329309
0.92091874437319
0.92121923998823
0.92142000090604
0.92162119321505
0.92182281750416
 0.9221259032331
0.92232839413263
0.92253131966245
0.92273468070598
 0.9230403764252
0.92324461055737
0.92344928285341
0.92365439390227
0.92396271992985
 0.9241687111345
0.92437514344769
0.92458201804726
0.92489299470131
0.92510075622937
0.92530896239955
0.92562194038477
0.92583103907828
0.92614535805698
0.92635535221848
0.92656579543905
0.92688213474194
0.92709347843639
0.92741117154198
0.92772954309488
0.92804859486185
  0.928368328168
0.92868874433842
 0.9290098446982
0.92922436831991
0.92943934954016
0.92976250953521
0.92997840919172
0.93019476909699
 0.9305200006531
0.93073728400051
0.93106390381175
 0.9312821141349
0.93161012661821
0.93182926745068
0.93215867878985
 0.9323787536652
 0.9327095682772
0.93293058072903
0.93326280479761
0.93359573558214
0.93381816146583
0.93415250965749
0.93437588224608
0.93471165314525
0.93493597597229
0.93527317487936
0.93549845177292
0.93583708487162
0.93617643661211
0.93640315108365
0.93674394452463
0.93708546102436
0.93731362161339
0.93765658864756
0.93800028271574
0.93822989766728
0.93857505022048
0.93892093422466
0.93915201207819
0.93949936295963
0.93973142049812
0.94008024355719
0.94042980513442
0.94066333941473
0.94101438200355
 0.9412489053917
0.94160143429245
0.94195470877853
  0.942308730175
0.94254524326297
0.94290076245553
0.94325703253376
0.94361405526445
0.94385257306997
0.94409159441057
0.94445088304923
0.94469091440471
0.94505172115753
0.94529276635589
0.94553432009527
0.94589741439924
0.94613998757635
0.94638307223911
0.94674846734514
0.94699257733494
 0.9473595139651
0.94772722312411
0.94797287846609
0.94821905088855
0.94858908690977
0.94883629673235
0.94908402658004
0.94958052868146
0.95007807495566
0.95045201911601
0.95070183907608
 0.9509521840672
0.95132849086726
0.95170558786406
0.95195751383761
 0.9523361965283
0.95258918139789
0.95296945508281
0.95335052691505
 0.9536051077848
0.95398778032861
0.95424343040069
0.95462770939816
0.95488443250058
0.95527032413549
0.95565702407674
0.95591536408632
0.95630368594065
0.95669282095998
0.95708277046943
0.95747353623578
0.95799564795584
0.95838805109467
0.95878127490739
0.95917532116077
 0.9595701911799
0.95983398821437
0.96023051106539
0.96062786254085
0.96102604396583
0.96142505710713
0.96169162152341
0.96195874247847
 0.9622264211502
0.96249465842197
0.96276345517721
0.96303281259373
 0.9634376914773
0.96370817375002
0.96397921992318
 0.9642508311746
0.96452300868218
0.96479575303482
0.96520572159818
0.96547960346903
 0.9657540557185
0.96602907923004
0.96630467518148
0.96658084445622
0.96685758823212
0.96713490768705
0.96727385584294
0.96755233018949
0.96783138345416
0.96797119998727
0.96825141403288
0.96839181213429
 0.9686731913778
0.96881417325604
0.96909672270333
0.96923829056686
0.96952201375153
0.96966416980884
 0.9699490717368
0.97009181804915
0.97037790254845
0.97052124147154
0.97080851354807
 0.9710963807383
0.97124061262644
0.97152967416661
0.97181933435405
0.97210959407219
0.97240045479333
0.97269191769535
0.97298398366162
0.97342298897421
0.97386290241678
0.97430372575613
0.97459821546359
0.97504086301342
0.97533657151142
0.97563289102421
0.97592982243523
0.97622736721678
0.97637644688176
0.97667522164351
0.97697461330936
0.97727462305718
 0.9775752517704
0.97802712505506
 0.9783289952326
0.97878273424732
 0.9790858506006
0.97938959180858
 0.9796939587546
0.98015144954755
0.98030426067265
0.98061051248898
0.98076395376913
0.98091771086294
0.98107178435939
0.98122617499461
0.98122617499461
0.98138120152692
0.98153654681758
0.98153654681758
0.98169253153893
0.98184883678541
0.98184883678541
0.98200578514336
0.98200578514336
0.98216337882132
0.98232129596905
0.98232129596905
0.98247986211758
0.98247986211758
0.98263907962261
0.98263907962261
 0.9827989508399
 0.9827989508399
 0.9827989508399
0.98295980733699
0.98295980733699
0.98312132358284
0.98312132358284
 0.9832835020804
 0.9832835020804
0.98344634518542
0.98344634518542
0.98360985540084
0.98360985540084
0.98377403508237
0.98377403508237
0.98393888702742
0.98393888702742
 0.9841044134445
 0.9841044134445
0.98427061683656
0.98427061683656
0.98443749970654
0.98443749970654
 0.9846050647046
 0.9846050647046
 0.9846050647046
0.98477365723821
0.98477365723821
0.98494293808369
0.98494293808369
  0.985112909744
  0.985112909744
0.98528357472207
0.98528357472207
0.98545493566811
0.98545493566811
0.98562699508507
0.98562699508507
0.98562699508507
0.98580010691985
0.98580010691985
0.98580010691985
0.98580010691985
0.98597463100861
0.98597463100861
0.98597463100861
0.98615022106059
0.98615022106059
0.98615022106059
 0.9863268831123
 0.9863268831123
0.98668164302691
0.98685938282042
0.98703748318629
0.98703748318629
0.98703748318629
 0.9872166692445
 0.9872166692445
0.98739658233674
0.98757685982938
0.98775750260582
0.98793851125497
0.98793851125497
0.98793851125497
 0.9881206214976
 0.9881206214976
 0.9881206214976
 0.9881206214976
 0.9881206214976
 0.9883045811275
 0.9883045811275
 0.9883045811275
 0.9883045811275
 0.9883045811275
 0.9883045811275
 0.9883045811275
0.98849115825653
0.98849115825653
0.98849115825653
0.98849115825653
0.98849115825653
0.98849115825653
0.98849115825653
0.98868038645368
0.98868038645368
0.98868038645368
0.98868038645368
0.98868038645368
0.98868038645368
0.98868038645368
0.98887229972971
0.98887229972971
0.98887229972971
0.98887229972971
0.98887229972971
0.98887229972971
0.98887229972971
0.98906693194806
0.98906693194806
0.98906693194806
0.98906693194806
0.98906693194806
0.98906693194806
0.98906693194806
0.98926431800284
0.98926431800284
0.98926431800284
0.98926431800284
0.98926431800284
0.98926431800284
0.98946409231575
0.98946409231575
0.98946409231575
0.98946409231575
0.98946409231575
0.98946409231575
0.98946409231575
0.98966668568909
0.98966668568909
0.98966668568909
0.98966668568909
0.98966668568909
0.98966668568909
0.98966668568909
0.98987213390035
0.98987213390035
0.98987213390035
0.98987213390035
0.98987213390035
0.98987213390035
0.98987213390035
0.99008047302146
0.99008047302146
0.99008047302146
0.99008047302146
0.99008047302146
0.99008047302146
0.99008047302146
0.99029173971332
0.99029173971332
0.99029173971332
0.99029173971332
0.99029173971332
0.99029173971332
0.99029173971332
0.99050597107853
0.99050597107853
0.99050597107853
0.99050597107853
0.99050597107853
0.99050597107853
0.99050597107853
0.99050597107853
0.99072363634703
0.99072363634703
0.99072363634703
0.99072363634703
0.99072363634703
0.99072363634703
0.99072363634703
0.99072363634703
0.99094478484168
0.99094478484168
0.99094478484168
0.99094478484168
0.99094478484168
0.99116813578707
0.99116813578707
0.99116813578707
0.99116813578707
 0.9913932629452
 0.9913932629452
 0.9913932629452
 0.9913932629452
 0.9913932629452
 0.9913932629452
0.99162107812682
0.99162107812682
0.99162107812682
0.99162107812682
0.99162107812682
0.99162107812682
0.99185161033673
0.99185161033673
0.99185161033673
0.99185161033673
0.99185161033673
0.99185161033673
0.99185161033673
0.99185161033673
0.99185161033673
0.99208627256513
0.99208627256513
0.99208627256513
0.99208627256513
0.99208627256513
0.99208627256513
0.99208627256513
0.99208627256513
0.99208627256513
0.99208627256513
0.99208627256513
0.99208627256513
0.99232654523464
0.99232654523464
0.99232654523464
0.99232654523464
0.99232654523464
0.99232654523464
0.99232654523464
0.99232654523464
0.99232654523464
0.99232654523464
0.99232654523464
 0.9925720663006
 0.9925720663006
 0.9925720663006
 0.9925720663006
 0.9925720663006
 0.9925720663006
 0.9925720663006
 0.9925720663006
 0.9925720663006
0.99282195825734
0.99282195825734
0.99282195825734
0.99282195825734
0.99282195825734
0.99282195825734
0.99282195825734
0.99282195825734
0.99282195825734
0.99282195825734
0.99282195825734
0.99282195825734
0.99307778677519
0.99307778677519
0.99307778677519
0.99307778677519
0.99307778677519
0.99307778677519
0.99307778677519
0.99307778677519
0.99307778677519
0.99307778677519
0.99307778677519
0.99307778677519
0.99333967862129
0.99333967862129
0.99333967862129
0.99333967862129
0.99333967862129
0.99333967862129
0.99333967862129
0.99333967862129
0.99333967862129
0.99333967862129
0.99333967862129
0.99333967862129
0.99360776291852
0.99360776291852
0.99360776291852
0.99360776291852
0.99360776291852
0.99360776291852
0.99360776291852
0.99360776291852
0.99360776291852
0.99360776291852
0.99388110768522
0.99388110768522
0.99388110768522
0.99388110768522
0.99388110768522
0.99388110768522
0.99388110768522
0.99388110768522
0.99388110768522
0.99415926621809
0.99415926621809
0.99415926621809
0.99415926621809
0.99415926621809
0.99415926621809
0.99415926621809
0.99415926621809
0.99415926621809
0.99415926621809
0.99415926621809
0.99444341166555
0.99444341166555
0.99444341166555
0.99444341166555
0.99444341166555
0.99444341166555
0.99444341166555
0.99444341166555
0.99444341166555
0.99444341166555
0.99444341166555
0.99444341166555
0.99444341166555
0.99444341166555
0.99473534468089
0.99473534468089
0.99473534468089
0.99473534468089
0.99473534468089
0.99473534468089
0.99473534468089
0.99473534468089
0.99473534468089
0.99473534468089
0.99473534468089
0.99473534468089
0.99473534468089
0.99473534468089
0.99473534468089
0.99473534468089
0.99503641303028
0.99503641303028
0.99503641303028
0.99503641303028
0.99503641303028
0.99503641303028
0.99503641303028
0.99503641303028
0.99503641303028
0.99503641303028
0.99503641303028
0.99503641303028
0.99503641303028
0.99503641303028
0.99503641303028
0.99503641303028
   0.99534687334
   0.99534687334
   0.99534687334
   0.99534687334
   0.99534687334
   0.99534687334
   0.99534687334
   0.99534687334
   0.99534687334
   0.99534687334
   0.99534687334
   0.99534687334
   0.99534687334
   0.99534687334
   0.99534687334
   0.99534687334
0.99566698621151
0.99566698621151
0.99566698621151
0.99566698621151
0.99566698621151
0.99566698621151
0.99566698621151
0.99566698621151
0.99566698621151
0.99566698621151
0.99566698621151
0.99566698621151
0.99566698621151
0.99566698621151
0.99566698621151
0.99566698621151
0.99599702255259
0.99599702255259
0.99599702255259
0.99599702255259
0.99599702255259
0.99599702255259
0.99599702255259
0.99599702255259
0.99599702255259
0.99599702255259
0.99599702255259
0.99599702255259
0.99599702255259
0.99599702255259
0.99633596793137
0.99633596793137
0.99633596793137
0.99633596793137
0.99633596793137
0.99633596793137
0.99633596793137
0.99633596793137
0.99633596793137
0.99668075402292
0.99668075402292
0.99668075402292
0.99668075402292
0.99668075402292
0.99668075402292
0.99668075402292
0.99668075402292
0.99668075402292
0.99668075402292
0.99668075402292
0.99668075402292
0.99668075402292
0.99668075402292
0.99668075402292
0.99668075402292
0.99668075402292
0.99703682106757
0.99703682106757
0.99703682106757
0.99703682106757
0.99703682106757
0.99703682106757
0.99703682106757
0.99703682106757
0.99703682106757
0.99703682106757
0.99703682106757
0.99703682106757
0.99703682106757
0.99703682106757
0.99703682106757
0.99703682106757
0.99703682106757
0.99703682106757
0.99703682106757
0.99703682106757
0.99703682106757
0.99703682106757
0.99703682106757
0.99740868026868
0.99740868026868
0.99740868026868
0.99740868026868
0.99740868026868
0.99740868026868
0.99740868026868
0.99740868026868
0.99740868026868
0.99740868026868
0.99740868026868
0.99740868026868
0.99740868026868
0.99740868026868
0.99740868026868
0.99740868026868
0.99740868026868
0.99740868026868
0.99740868026868
0.99740868026868
0.99740868026868
0.99740868026868
0.99740868026868
0.99779695736429
0.99779695736429
0.99779695736429
0.99779695736429
0.99779695736429
0.99779695736429
0.99779695736429
0.99779695736429
0.99779695736429
0.99779695736429
0.99779695736429
0.99779695736429
0.99779695736429
0.99779695736429
0.99779695736429
0.99779695736429
0.99779695736429
0.99779695736429
0.99819853544274
0.99819853544274
0.99819853544274
0.99819853544274
0.99819853544274
0.99819853544274
0.99819853544274
0.99819853544274
0.99819853544274
0.99819853544274
0.99819853544274
0.99819853544274
0.99819853544274
0.99819853544274
0.99819853544274
0.99861150931563
0.99861150931563
0.99861150931563
0.99861150931563
0.99861150931563
0.99861150931563
0.99861150931563
0.99861150931563
0.99861150931563
0.99861150931563
0.99861150931563
0.99861150931563
0.99861150931563
0.99861150931563
0.99861150931563
0.99861150931563
0.99861150931563
0.99861150931563
0.99861150931563
0.99861150931563
0.99861150931563
0.99861150931563
0.99861150931563
0.99861150931563
0.99861150931563
0.99861150931563
0.99861150931563
0.99861150931563
0.99861150931563
0.99904734397665
0.99904734397665
0.99904734397665
0.99904734397665
0.99904734397665
0.99904734397665
0.99904734397665
0.99904734397665
0.99904734397665
0.99904734397665
0.99904734397665
0.99904734397665
0.99904734397665
0.99904734397665
0.99904734397665
0.99904734397665
0.99904734397665
0.99904734397665
0.99904734397665
0.99904734397665
0.99904734397665
0.99904734397665
0.99904734397665
0.99904734397665
0.99904734397665
0.99904734397665
0.99904734397665
0.99904734397665
0.99904734397665
0.99904734397665
0.99904734397665
0.99904734397665
0.99904734397665
0.99904734397665
0.99951142666242
0.99951142666242
0.99951142666242
0.99951142666242
0.99951142666242
0.99951142666242
0.99951142666242
0.99951142666242
0.99951142666242
0.99951142666242
0.99951142666242
0.99951142666242
0.99951142666242
0.99951142666242
0.99951142666242
0.99951142666242
0.99951142666242
0.99951142666242
0.99951142666242
0.99951142666242
0.99951142666242
0.99951142666242
0.99951142666242
0.99951142666242
0.99951142666242
0.99951142666242
0.99951142666242
0.99951142666242
               1
               1
               1
               1
               1
               1
               1
               1
               1
               1
               1
               1
               1
               1
               1
               1
               1
               1
               1
               1
               1
               1
               1
               1
               1
               1
               1
               1
               1
               1
               1
               1
               1
               1
               1
               1
               1
               1
               1
               1
               1
               1
               1
               1
               1
               1
               1
               1
               1
               1
               1
               1
               1
               1
               1
               1
               1
               1
               1
               1
               1
