      .000E+00, .000E+00, .000E+00, .105E-01, .300E-01, .880E-01,           
      .000E+00, .000E+00, .000E+00, .180E-01, .490E-01, .880E-01,           
      .000E+00, .000E+00, .000E+00, .300E-01, .540E-01, .740E-01,           
      .000E+00, .000E+00, .000E+00, .300E-01, .560E-01, .890E-01,           
      .000E+00, .000E+00, .000E+00, .330E-01, .690E-01, .990E-01,           
      .000E+00, .000E+00, .880E-02, .380E-01, .720E-01, .970E-01,           
      .000E+00, .000E+00, .110E-01, .530E-01, .950E-01, .124E+00,           
      .000E+00, .000E+00, .285E-01, .630E-01, .990E-01, .140E+00,           
      .000E+00, .000E+00, .330E-01, .680E-01, .103E+00, .134E+00,           
      .000E+00, .000E+00, .450E-01, .920E-01, .138E+00, .176E+00,           
      .000E+00, .000E+00, .490E-01, .970E-01, .148E+00, .191E+00,           
      .000E+00, .000E+00, .490E-01, .120E-01, .188E+00, .247E+00,           
      .000E+00, .000E+00, .480E-01, .126E+00, .201E+00, .241E+00,           
      .000E+00, .000E+00, .820E-01, .198E+00, .270E+00, .265E+00,           
      .000E+00, .750E-02, .690E-01, .140E+00, .225E+00, .340E+00,           
      .000E+00, .205E-01, .820E-01, .145E+00, .236E+00, .530E+00,           
      .000E+00, .355E-01, .117E+00, .193E+00, .295E+00, .550E+00,           
      .157E-01, .520E-01, .170E+00, .235E+00, .305E+00, .410E+00,           
      .150E-01, .880E-01, .270E+00, .330E+00, .440E+00, .520E+00,           
      .510E-01, .130E+00, .400E+00, .530E+00, .560E+00, .540E+00,           
      .120E+00, .165E+00, .275E+00, .320E+00, .420E+00, .560E+00,           
      .880E-01, .190E+00, .430E+00, .540E+00, .620E+00, .680E+00,          
      .110E+00, .350E+00, .710E+00, .760E+00, .760E+00, .690E+00,          
      .180E+00, .470E+00, .920E+00, .970E+00, .910E+00, .670E+00,           
      .970E-01, .265E+00, .610E+00, .720E+00, .780E+00, .730E+00,           
      .175E+00, .380E+00, .720E+00, .790E+00, .830E+00, .840E+00,           
      .370E+00, .640E+00, .920E+00, .960E+00, .980E+00, .940E+00,           
      .590E+00, .840E+00, .107E+01, .110E+01, .111E+01, .106E+01,           
      .940E+00, .103E+01, .115E+01, .115E+01, .115E+01, .118E+01,           
      .196E+01, .177E+01, .146E+01, .136E+01, .132E+01, .139E+01,           
      .345E+01, .282E+01, .198E+01, .172E+01, .156E+01, .148E+01,           
      .282E+01, .248E+01, .200E+01, .190E+01, .186E+01, .205E+01,           
      .254E+01, .234E+01, .184E+01, .176E+01, .174E+01, .203E+01,           
      .142E+02, .860E+01, .370E+01, .260E+01, .196E+01, .142E+01,           
      .450E+01, .570E+01, .580E+01, .520E+01, .350E+01, .420E+01,           
      .360E+01, .310E+01, .330E+01, .290E+01, .205E+01, .200E+01,           
      .310E+01, .260E+01, .200E+01, .196E+01, .180E+01, .210E+01,           
      .240E+01, .250E+01, .230E+01, .220E+01, .170E+01, .194E+01,           
      .182E+01, .200E+01, .218E+01, .205E+01, .184E+01, .130E+01,           
      .104E+01, .135E+01, .172E+01, .172E+01, .165E+01, .130E+01,           
      .550E+00, .120E+01, .143E+01, .147E+01, .148E+01, .125E+01,           
      .136E+01, .128E+01, .128E+01, .135E+01, .138E+01, .134E+01,           
      .210E+00, .780E+00, .127E+01, .133E+01, .137E+01, .132E+01,           
      .190E+00, .780E+00, .140E+01, .146E+01, .147E+01, .142E+01,           
      .900E+00, .106E+01, .140E+01, .150E+01, .155E+01, .134E+01,           
      .720E-01, .300E+00, .800E+00, .100E+01, .115E+01, .126E+01,           
      .640E-01, .210E+00, .560E+00, .720E+00, .860E+00, .102E+01,           
      .680E-01, .210E+00, .530E+00, .670E+00, .790E+00, .101E+01,           
      .690E-01, .210E+00, .540E+00, .690E+00, .820E+00, .910E+00,           
      .330E-01, .140E+00, .390E+00, .530E+00, .690E+00, .770E+00,           
      .230E-01, .780E-01, .270E+00, .410E+00, .560E+00, .890E+00,           
      .300E-01, .860E-01, .280E+00, .400E+00, .520E+00, .710E+00,           
      .175E-01, .620E-01, .225E+00, .335E+00, .450E+00, .660E+00,           
      .105E-01, .450E-01, .180E+00, .280E+00, .380E+00, .600E+00,           
      .450E-02, .300E-01, .148E+00, .240E+00, .345E+00, .570E+00,           
      .000E+00, .140E-01, .124E+00, .205E+00, .285E+00, .430E+00,           
      .000E+00, .115E-01, .110E+00, .185E+00, .260E+00, .375E+00,           
      .000E+00, .135E-01, .840E-01, .140E+00, .205E+00, .335E+00,           
      .000E+00, .430E-02, .650E-01, .120E+00, .185E+00, .325E+00,          
      .000E+00, .000E+00, .540E-01, .115E+00, .180E+00, .315E+00,           
      .000E+00, .000E+00, .440E-01, .950E-01, .150E+00, .270E+00,           
      .000E+00, .000E+00, .360E-01, .790E-01, .125E+00, .205E+00,           
      .000E+00, .000E+00, .250E-01, .650E-01, .110E+00, .178E+00,           
      .000E+00, .000E+00, .180E-01, .620E-01, .103E+00, .153E+00,           
      .000E+00, .000E+00, .320E-01, .580E-01, .860E-01, .147E+00,           
      .000E+00, .000E+00, .800E-02, .510E-01, .870E-01, .134E+00,           
      .000E+00, .000E+00, .600E-02, .480E-01, .830E-01, .133E+00,           
      .000E+00, .000E+00, .000E+00, .430E-01, .780E-01, .118E+00,           
      .000E+00, .000E+00, .000E+00, .420E-01, .700E-01, .108E+00,           
      .000E+00, .000E+00, .000E+00, .360E-01, .640E-01, .980E-01,           
      .000E+00, .000E+00, .000E+00, .350E-01, .610E-01, .870E-01,           
      .000E+00, .000E+00, .000E+00, .320E-01, .580E-01, .860E-01,           
      .000E+00, .000E+00, .000E+00, .330E-01, .560E-01, .750E-01,           
      .000E+00, .000E+00, .000E+00, .300E-01, .530E-01, .750E-01,           
      .000E+00, .000E+00, .000E+00, .290E-01, .530E-01, .850E-01,           
      .000E+00, .000E+00, .000E+00, .240E-01, .470E-01, .900E-01,           
      .000E+00, .000E+00, .000E+00, .220E-01, .450E-01, .860E-01,           
      .000E+00, .000E+00, .000E+00, .000E+00, .000E+00, .000E+00,
      .000E+00, .000E+00, .000E+00, .000E+00, .000E+00, .000E+00,
      .000E+00, .000E+00, .000E+00, .000E+00, .000E+00, .000E+00












