eta
0.01 0.01
1768
-22 0 -11 0.0
-22 0 -10 0.0
-22 0 -9 0.0
-22 0 -8 0.0
-22 0 -7 0.0
-22 0 -6 0.0
-22 0 -5 0.0
-22 0 -4 1.0269076568399721e-14
-22 0 -3 8.3811879457539521e-14
-22 0 -2 1.5264162778261788e-13
-22 0 -1 4.1932002051318943e-13
-22 0 0 3.7367937317864495e-13
-22 0 1 2.3715112765515682e-13
-22 0 2 1.1353692158873801e-13
-22 0 3 1.9029231112626011e-14
-22 0 4 2.5760816739295173e-15
-22 0 5 0.0
-22 0 6 0.0
-22 0 7 0.0
-22 0 8 0.0
-22 0 9 0.0
-22 0 10 0.0
-21 0 -13 0.0
-21 0 -12 0.0
-21 0 -11 0.0
-21 0 -10 0.0
-21 0 -9 0.0
-21 0 -8 0.0
-21 0 -7 1.0103021873244281e-14
-21 0 -6 1.2559229161286477e-13
-21 0 -5 7.2003637961123531e-13
-21 0 -4 2.8001434303304264e-12
-21 0 -3 3.7784951751184986e-12
-21 0 -2 4.9163125204307713e-12
-21 0 -1 7.9052158210152789e-12
-21 0 0 1.3459313232256046e-11
-21 0 1 1.6282533754779283e-11
-21 0 2 6.508076891168969e-12
-21 0 3 3.6791162757910052e-12
-21 0 4 1.0796704509101253e-12
-21 0 5 1.8931466998453387e-13
-21 0 6 1.5132833541459448e-14
-21 0 7 1.9760374070357354e-15
-21 0 8 0.0
-21 0 9 0.0
-21 0 10 0.0
-21 0 11 0.0
-21 0 12 0.0
-20 0 -15 0.0
-20 0 -14 0.0
-20 0 -13 0.0
-20 0 -12 0.0
-20 0 -11 0.0
-20 0 -10 0.0
-20 0 -9 4.1729388878533778e-14
-20 0 -8 7.1435379233429689e-13
-20 0 -7 1.9286750452482854e-12
-20 0 -6 5.6555871172591874e-12
-20 0 -5 4.9617136186739271e-09
-20 0 -4 1.3902197495655237e-06
-20 0 -3 3.017858854323753e-05
-20 0 -2 0.00014811216638815073
-20 0 -1 0.00029343393012483691
-20 0 0 0.00031397888522843203
-20 0 1 0.00022874780376752379
-20 0 2 6.7413989339431979e-05
-20 0 3 1.089484462537106e-05
-20 0 4 4.6289568058519722e-07
-20 0 5 3.2027587425855437e-09
-20 0 6 5.7856444354667538e-12
-20 0 7 5.1948839303897942e-13
-20 0 8 9.7994655616015443e-14
-20 0 9 3.0845989245665508e-15
-20 0 10 5.545275363612506e-16
-20 0 11 0.0
-20 0 12 0.0
-20 0 13 0.0
-20 0 14 0.0
-19 0 -16 0.0
-19 0 -15 0.0
-19 0 -14 0.0
-19 0 -13 0.0
-19 0 -12 0.0
-19 0 -11 1.5565526247798213e-14
-19 0 -10 5.3603624442445033e-13
-19 0 -9 1.9575199800925903e-12
-19 0 -8 1.9665012923324849e-08
-19 0 -7 4.6160989606196405e-05
-19 0 -6 0.0008933915670328637
-19 0 -5 0.0027113949004719147
-19 0 -4 0.0041905105708725252
-19 0 -3 0.0069720808547500601
-19 0 -2 0.011414107122174886
-19 0 -1 0.014798248463806845
-19 0 0 0.014886898516498165
-19 0 1 0.011357006759952677
-19 0 2 0.0059801647579963754
-19 0 3 0.0034977935835080265
-19 0 4 0.0023548350445138761
-19 0 5 0.0016754844673815214
-19 0 6 0.00055216581461442504
-19 0 7 2.5107903922333155e-05
-19 0 8 3.1585394776531346e-08
-19 0 9 7.1909451234289322e-12
-19 0 10 6.1341743779125152e-14
-19 0 11 4.0147877497165823e-15
-19 0 12 0.0
-19 0 13 0.0
-19 0 14 0.0
-19 0 15 0.0
-18 0 -17 0.0
-18 0 -16 0.0
-18 0 -15 0.0
-18 0 -14 0.0
-18 0 -13 1.2212677384653652e-15
-18 0 -12 1.5943131384742777e-13
-18 0 -11 1.089991018567463e-12
-18 0 -10 6.5989574209676694e-08
-18 0 -9 0.00024308857046266897
-18 0 -8 0.0022479255907603001
-18 0 -7 0.0060171465959892216
-18 0 -6 0.0036352673244841576
-18 0 -5 0.033256317398444223
-18 0 -4 0.032088257728274505
-18 0 -3 0.029384858822591436
-18 0 -2 0.027061540657531451
-18 0 -1 0.018921376444872764
-18 0 0 0.016609123568885269
-18 0 1 0.013153523764634458
-18 0 2 0.011303785967277673
-18 0 3 0.014108968823498181
-18 0 4 0.015536882873628189
-18 0 5 0.017527114749962075
-18 0 6 0.0053158808956668161
-18 0 7 0.0041747170562705599
-18 0 8 0.0018018074958365022
-18 0 9 0.00020242790711579912
-18 0 10 1.6170186500171589e-07
-18 0 11 4.1608044806517155e-12
-18 0 12 3.621077597870873e-14
-18 0 13 1.3133707536356926e-15
-18 0 14 0.0
-18 0 15 0.0
-18 0 16 0.0
-17 0 -18 0.0
-17 0 -17 0.0
-17 0 -16 0.0
-17 0 -15 3.1899999999999986e-16
-17 0 -14 5.5304102452459327e-15
-17 0 -13 3.8418566258374888e-13
-17 0 -12 2.3918666923396704e-10
-17 0 -11 4.3409886348654158e-05
-17 0 -10 0.0018946404573302138
-17 0 -9 0.0070085310369486066
-17 0 -8 0.031958457937410284
-17 0 -7 0.030574146100279712
-17 0 -6 0.031656684419663704
-17 0 -5 0.031744523405801986
-17 0 -4 0.030040055979353147
-17 0 -3 0.027463420557245061
-17 0 -2 0.016220303026406643
-17 0 -1 0.0065741101272041042
-17 0 0 0.0049275642032512194
-17 0 1 0.0067550708241937985
-17 0 2 0.0056423406734013928
-17 0 3 0.010737804791631165
-17 0 4 0.01540327526478465
-17 0 5 0.01742602773605818
-17 0 6 0.019613350334726918
-17 0 7 0.021685871324238944
-17 0 8 0.025648095602994019
-17 0 9 0.0059603791221140064
-17 0 10 0.0018243538452194456
-17 0 11 5.1151128751817075e-05
-17 0 12 2.1974827007878355e-09
-17 0 13 1.1334797215747012e-13
-17 0 14 9.389489330632539e-15
-17 0 15 0.0
-17 0 16 0.0
-17 0 17 0.0
-16 0 -19 0.0
-16 0 -18 0.0
-16 0 -17 0.0
-16 0 -16 3.4840095858661515e-16
-16 0 -15 4.7760229573570972e-16
-16 0 -14 4.8290257398778575e-13
-16 0 -13 2.3850643049340478e-08
-16 0 -12 0.00034196273599426815
-16 0 -11 0.0039982951586092124
-16 0 -10 -0.017779553312987834
-16 0 -9 0.028232000295946098
-16 0 -8 0.02877137493576656
-16 0 -7 0.029164007026338815
-16 0 -6 0.029280952729227754
-16 0 -5 0.028418615651428763
-16 0 -4 0.027356525600002637
-16 0 -3 0.014392487557849208
-16 0 -2 0.0031464613559375933
-16 0 -1 0.00024345029215416472
-16 0 0 0.00011430820162731718
-16 0 1 0.00088427461489399238
-16 0 2 0.00089119242237510729
-16 0 3 0.003917505794154042
-16 0 4 0.010355333227083062
-16 0 5 0.016437154924357513
-16 0 6 0.018921479798382285
-16 0 7 0.021615336637099639
-16 0 8 0.024041812572716099
-16 0 9 0.025954571969327871
-16 0 10 0.088012520630834604
-16 0 11 0.0040512334567716609
-16 0 12 0.00039624777518260183
-16 0 13 6.8005651111555362e-08
-16 0 14 7.6521336390589089e-14
-16 0 15 1.5790947517833209e-14
-16 0 16 0.0
-16 0 17 0.0
-16 0 18 0.0
-15 0 -20 0.0
-15 0 -19 0.0
-15 0 -18 0.0
-15 0 -17 0.0
-15 0 -16 1.3200448030164558e-16
-15 0 -15 3.5464697926035879e-13
-15 0 -14 1.6357246886010871e-07
-15 0 -13 0.00081726123771149275
-15 0 -12 0.0065140958764177779
-15 0 -11 0.02512093312937488
-15 0 -10 0.025911019329980477
-15 0 -9 0.026383321256698539
-15 0 -8 0.026403842712594158
-15 0 -7 0.02612368386502386
-15 0 -6 0.025683794675971584
-15 0 -5 0.012734378489861101
-15 0 -4 0.0094165144425248353
-15 0 -3 0.0016341856357791709
-15 0 -2 1.9369259134815718e-05
-15 0 -1 0.055755811082275966
-15 0 0 0.55021497566520483
-15 0 1 0.062787046020018403
-15 0 2 3.7939618230982e-06
-15 0 3 0.00024328343805204582
-15 0 4 0.0022607134493422202
-15 0 5 0.0071586027433296609
-15 0 6 0.019834152596087382
-15 0 7 0.020070104738000874
-15 0 8 0.022908608301885246
-15 0 9 0.025204594617378239
-15 0 10 0.026728351585918211
-15 0 11 0.027110275155290572
-15 0 12 0.0066830377861291715
-15 0 13 0.00087066056765187309
-15 0 14 2.476261068354059e-07
-15 0 15 2.7009333916854736e-13
-15 0 16 2.4704520088089335e-14
-15 0 17 0.0
-15 0 18 0.0
-15 0 19 0.0
-14 0 -20 0.0
-14 0 -19 0.0
-14 0 -18 0.0
-14 0 -17 0.0
-14 0 -16 2.2399552788651422e-13
-14 0 -15 1.5504906194785214e-07
-14 0 -14 0.00088753843391347633
-14 0 -13 0.009407824307980716
-14 0 -12 0.02078668022005796
-14 0 -11 0.017743480321657561
-14 0 -10 0.025538940641808922
-14 0 -9 0.025646397295378473
-14 0 -8 -0.0016256056386065748
-14 0 -7 0.015442284546831267
-14 0 -6 0.011428275158319356
-14 0 -5 0.0036255465862519067
-14 0 -4 0.00040202187064524326
-14 0 -3 4.9176156346656658e-08
-14 0 -2 1.96954157331032e-05
-14 0 -1 0.64477154724118124
-14 0 0 0.86925283810750054
-14 0 1 0.66486778759415677
-14 0 2 6.795372908779657e-05
-14 0 3 3.0538623343085885e-10
-14 0 4 1.0513698596249149e-06
-14 0 5 0.00033316780088773313
-14 0 6 0.0030996637170907916
-14 0 7 0.010585675059327384
-14 0 8 0.020986110537644636
-14 0 9 0.02237737948398251
-14 0 10 0.023867009725756116
-14 0 11 0.024596215753116855
-14 0 12 0.024308202284541173
-14 0 13 0.0093815422436611985
-14 0 14 0.0010544212686574293
-14 0 15 1.6653330742031633e-07
-14 0 16 5.1298880617637295e-14
-14 0 17 3.2607650130970827e-14
-14 0 18 0.0
-14 0 19 0.0
-13 0 -21 0.0
-13 0 -20 0.0
-13 0 -19 0.0
-13 0 -18 0.0
-13 0 -17 1.2603114060316541e-13
-13 0 -16 4.0112996603624817e-08
-13 0 -15 0.00061149899147427229
-13 0 -14 0.0064471733692325461
-13 0 -13 0.017191717797667355
-13 0 -12 0.018123618580645776
-13 0 -11 0.015226937202334293
-13 0 -10 0.0095838230707379849
-13 0 -9 0.0053745056489823114
-13 0 -8 0.0028915280369313334
-13 0 -7 0.0016110921459826948
-13 0 -6 0.00046801548349590402
-13 0 -5 6.3876311737124156e-06
-13 0 -4 4.0585406512814934e-11
-13 0 -3 3.2043665270842686e-15
-13 0 -2 4.868417426637506e-06
-13 0 -1 0.15073545301379096
-13 0 0 0.93040056727588505
-13 0 1 0.17445757035049209
-13 0 2 1.515488343011982e-05
-13 0 3 3.1898800512783512e-18
-13 0 4 3.711851853981935e-15
-13 0 5 3.3594694920691176e-11
-13 0 6 4.2717565067089959e-05
-13 0 7 0.0016464555142468311
-13 0 8 0.0057082061448045854
-13 0 9 0.010599310997862958
-13 0 10 0.013414902975282835
-13 0 11 0.016302536661548007
-13 0 12 0.018825491288014553
-13 0 13 0.020027330725660222
-13 0 14 0.0097900420719595448
-13 0 15 0.00080959673423338806
-13 0 16 2.61796086450623e-08
-13 0 17 8.1477662929702606e-14
-13 0 18 1.1336291037734209e-14
-13 0 19 0.0
-13 0 20 0.0
-12 0 -21 0.0
-12 0 -20 0.0
-12 0 -19 0.0
-12 0 -18 1.3487318341751664e-14
-12 0 -17 1.0637665864766404e-09
-12 0 -16 0.0002596287093866998
-12 0 -15 0.0043364651394399703
-12 0 -14 0.015341163948435673
-12 0 -13 0.014129330616900986
-12 0 -12 0.014261766513850898
-12 0 -11 0.0050898034244167599
-12 0 -10 0.00047842118983123312
-12 0 -9 9.8251963872343148e-06
-12 0 -8 7.067468532655575e-08
-12 0 -7 1.5570091635819953e-11
-12 0 -6 1.0288983607075987e-13
-12 0 -5 4.5395063387814655e-14
-12 0 -4 4.866160457512227e-17
-12 0 -3 5.486681553369783e-20
-12 0 -2 1.3325093359114168e-09
-12 0 -1 0.11735194381265181
-12 0 0 0.96281143707209305
-12 0 1 0.1526741324676385
-12 0 2 3.577148233326635e-09
-12 0 3 2.6292727658536744e-20
-12 0 4 1.3770852425220159e-20
-12 0 5 1.762185513376767e-17
-12 0 6 4.2593949253038137e-13
-12 0 7 8.0038280493703968e-08
-12 0 8 4.2087682483836025e-05
-12 0 9 0.00037824933482479272
-12 0 10 0.0009630751944142838
-12 0 11 0.0042917446431648817
-12 0 12 0.014990688722471815
-12 0 13 0.019183750686522932
-12 0 14 0.021627742145605186
-12 0 15 0.007168493458485312
-12 0 16 0.0003590542102786642
-12 0 17 2.3866060009783e-10
-12 0 18 5.2789243225973364e-14
-12 0 19 3.38596224596116e-16
-12 0 20 0.0
-11 0 -22 0.0
-11 0 -21 0.0
-11 0 -20 0.0
-11 0 -19 5.8740707013758479e-17
-11 0 -18 1.0297694442314596e-12
-11 0 -17 2.5771218730195314e-05
-11 0 -16 0.0025101335975282668
-11 0 -15 0.016082756688890892
-11 0 -14 0.014924388675914287
-11 0 -13 0.011115619705224214
-11 0 -12 0.0054598261205833663
-11 0 -11 0.0038499522388340712
-11 0 -10 0.22447396375465059
-11 0 -9 0.1516469156753929
-11 0 -8 0.00013975927281015184
-11 0 -7 1.8721457597491922e-15
-11 0 -6 1.0654047002901199e-16
-11 0 -5 1.1143535650538234e-18
-11 0 -4 9.1944494582141987e-22
-11 0 -3 1.8767985932141957e-21
-11 0 -2 2.7291371662591129e-09
-11 0 -1 0.059707999854578815
-11 0 0 0.22532806092292074
-11 0 1 0.012751898440736965
-11 0 2 7.0087661047312186e-11
-11 0 3 1.2696607070890486e-21
-11 0 4 1.7168165922330209e-24
-11 0 5 3.4762514162390321e-21
-11 0 6 1.0068044508434648e-17
-11 0 7 1.7615832733796452e-12
-11 0 8 0.00062832338343991314
-11 0 9 0.22811167616243813
-11 0 10 0.27953154809687264
-11 0 11 0.0042002764745264981
-11 0 12 0.0071071518174441713
-11 0 13 0.018600453974636545
-11 0 14 0.022290053948137122
-11 0 15 0.027833244257536645
-11 0 16 0.0042819853346196118
-11 0 17 4.7653926842597014e-05
-11 0 18 5.2544790571487579e-13
-11 0 19 2.1482667233753051e-14
-11 0 20 0.0
-11 0 21 0.0
-10 0 -22 0.0
-10 0 -21 0.0
-10 0 -20 0.0
-10 0 -19 4.611938583268028e-14
-10 0 -18 5.9249369803068475e-08
-10 0 -17 0.0010147303352303935
-10 0 -16 0.026937444554903447
-10 0 -15 0.014594871888141668
-10 0 -14 0.013566728574514646
-10 0 -13 0.0083994504268018206
-10 0 -12 0.0012633436496493412
-10 0 -11 0.30458921584088572
-10 0 -10 0.9278577222000427
-10 0 -9 0.6059957805184345
-10 0 -8 0.01085625053768529
-10 0 -7 1.5967158203867136e-11
-10 0 -6 6.1815264474784431e-21
-10 0 -5 5.1598426879912765e-22
-10 0 -4 1.935418890113432e-26
-10 0 -3 1.8573496220571579e-23
-10 0 -2 1.5851961300115591e-12
-10 0 -1 8.2702704231544209e-05
-10 0 0 0.00073491185664533083
-10 0 1 0.00011396522921137975
-10 0 2 2.5719024847761329e-13
-10 0 3 3.3785309924687695e-23
-10 0 4 3.9820551687127826e-29
-10 0 5 2.1778716014541568e-26
-10 0 6 7.3353566482726195e-19
-10 0 7 2.4809404323269258e-11
-10 0 8 0.0207601811351741
-10 0 9 0.60095418280441437
-10 0 10 0.92781590585341323
-10 0 11 0.25473985274983568
-10 0 12 0.0012499287880442856
-10 0 13 0.013706838121753006
-10 0 14 0.026479786979506197
-10 0 15 0.028015346880393689
-10 0 16 -0.0070348149850156397
-10 0 17 0.0019938997313545381
-10 0 18 7.375983776781223e-08
-10 0 19 5.1831214773324013e-14
-10 0 20 5.4620727654938288e-15
-10 0 21 0.0
-9 0 -22 0.0
-9 0 -21 0.0
-9 0 -20 4.6743223385624899e-16
-9 0 -19 7.7288185993379493e-13
-9 0 -18 7.4129315087062772e-05
-9 0 -17 0.0024501523644261088
-9 0 -16 0.011263206004714083
-9 0 -15 0.012150159531861092
-9 0 -14 0.011604670112101504
-9 0 -13 0.0058402920926153802
-9 0 -12 0.00036567046328605244
-9 0 -11 0.27052526770795809
-9 0 -10 0.59247035458078678
-9 0 -9 0.95526356271053769
-9 0 -8 0.68148458697427949
-9 0 -7 0.0014853338975297874
-9 0 -6 1.2245689218519637e-16
-9 0 -5 3.3695799358027122e-26
-9 0 -4 2.2044465228494199e-24
-9 0 -3 9.4847865124213723e-17
-9 0 -2 5.573734695258239e-09
-9 0 -1 9.7783057120617038e-07
-9 0 0 2.7214970035296052e-06
-9 0 1 7.1791020028469962e-07
-9 0 2 2.9814456565251071e-10
-9 0 3 1.9863961523868803e-19
-9 0 4 7.3379597653101328e-26
-9 0 5 3.5022724997018189e-26
-9 0 6 1.3189222268830685e-12
-9 0 7 0.0028468146561456227
-9 0 8 0.60551045770233314
-9 0 9 0.95412038984872782
-9 0 10 0.60413996635772893
-9 0 11 0.19571222458318668
-9 0 12 0.00013303540123064451
-9 0 13 0.0078832296850725268
-9 0 14 0.024964705370117937
-9 0 15 0.027987521099819515
-9 0 16 0.029635216409594177
-9 0 17 0.0073151187066493482
-9 0 18 0.00024979336647004355
-9 0 19 2.4318148121443304e-12
-9 0 20 1.8307269915522674e-14
-9 0 21 0.0
-9 0 22 0.0
-8 0 -22 0.0
-8 0 -21 0.0
-8 0 -20 3.1878559608731636e-14
-8 0 -19 7.4182529196503167e-09
-8 0 -18 0.00072897396887802723
-8 0 -17 0.0081387875869809827
-8 0 -16 0.008835776071620562
-8 0 -15 0.0095741795122571156
-8 0 -14 0.028280705998244338
-8 0 -13 0.0022962294933030524
-8 0 -12 1.3991076134785492e-05
-8 0 -11 0.0010071244705914682
-8 0 -10 0.018715205302429455
-8 0 -9 0.67509219084838445
-8 0 -8 0.49672286105916774
-8 0 -7 0.0014478014950499024
-8 0 -6 1.1256981208554413e-09
-8 0 -5 1.6709011635952339e-19
-8 0 -4 3.1831417719647273e-16
-8 0 -3 2.1761289400181813e-08
-8 0 -2 2.1035476182051577e-06
-8 0 -1 7.1826896821894638e-06
-8 0 0 6.8409801601606163e-06
-8 0 1 6.3009210899025117e-06
-8 0 2 1.134519531789197e-06
-8 0 3 1.352199492716811e-10
-8 0 4 1.6004259049625411e-15
-8 0 5 9.2884024422732486e-21
-8 0 6 4.0217219222971218e-10
-8 0 7 0.0059960349406394916
-8 0 8 0.46253270647606637
-8 0 9 0.64385542019180542
-8 0 10 0.015725183839605757
-8 0 11 0.00035867392129809315
-8 0 12 4.2987224020673668e-06
-8 0 13 0.0050827481438818177
-8 0 14 0.024632948953801699
-8 0 15 0.026866991826505461
-8 0 16 0.02870797202074828
-8 0 17 0.031138604160556384
-8 0 18 0.0021973831620997384
-8 0 19 1.745363587162393e-08
-8 0 20 6.0359271337045006e-14
-8 0 21 8.8946126348329815e-15
-8 0 22 0.0
-7 0 -22 0.0
-7 0 -21 2.3524000007941714e-16
-7 0 -20 2.2989880752010738e-13
-7 0 -19 6.1070660565349386e-06
-7 0 -18 0.0012672649695954392
-7 0 -17 0.0058416503567243188
-7 0 -16 0.0067649384269481399
-7 0 -15 0.0074422734143593742
-7 0 -14 0.0034519897744069595
-7 0 -13 0.00036279249944091312
-7 0 -12 1.6259686365086696e-09
-7 0 -11 8.3509865629830515e-16
-7 0 -10 7.1653791148969054e-11
-7 0 -9 0.00043035779286448845
-7 0 -8 0.0020092421239979608
-7 0 -7 3.0960910725743316e-05
-7 0 -6 3.8322335368472931e-09
-7 0 -5 4.7679312181340232e-10
-7 0 -4 1.435350713869698e-07
-7 0 -3 1.059295609729336e-06
-7 0 -2 5.1863923690791838e-06
-7 0 -1 1.9596583420581946e-05
-7 0 0 2.0823194851869611e-05
-7 0 1 1.8487544617081492e-05
-7 0 2 4.4737116483037968e-06
-7 0 3 2.3202256305396824e-07
-7 0 4 7.1468411805136273e-08
-7 0 5 9.4633465284340121e-11
-7 0 6 3.1625907953869603e-09
-7 0 7 1.7591872798228516e-06
-7 0 8 0.0028277751237880773
-7 0 9 0.0037280906125776343
-7 0 10 1.6608356047958808e-13
-7 0 11 4.052473970686956e-13
-7 0 12 3.4476360653303707e-08
-7 0 13 0.002243812720808687
-7 0 14 0.012734270521761949
-7 0 15 0.024872700717002968
-7 0 16 0.027050614785893684
-7 0 17 0.027612455395549823
-7 0 18 0.0055613107079605269
-7 0 19 3.9101587933378046e-05
-7 0 20 3.0250762755509572e-13
-7 0 21 1.7024576207977059e-14
-7 0 22 0.0
-6 0 -22 0.0
-6 0 -21 5.4983463321098942e-15
-6 0 -20 9.3270528681359264e-13
-6 0 -19 0.00015166772918104044
-6 0 -18 0.001063814236159107
-6 0 -17 0.0047331151107636556
-6 0 -16 0.0053171560676611336
-6 0 -15 0.0034073486754959553
-6 0 -14 0.00042667030597440101
-6 0 -13 3.5058911244002549e-09
-6 0 -12 7.5574342080848708e-15
-6 0 -11 4.8770780015071049e-18
-6 0 -10 1.2332337644782638e-17
-6 0 -9 2.0484339903354246e-15
-6 0 -8 2.3802761997389455e-09
-6 0 -7 9.8233195413442181e-09
-6 0 -6 8.8691278459717738e-14
-6 0 -5 1.7251712576270939e-12
-6 0 -4 2.4067381059803517e-07
-6 0 -3 3.6988566285445635e-06
-6 0 -2 2.168317675415113e-05
-6 0 -1 2.502013515567647e-05
-6 0 0 2.6368870528728119e-05
-6 0 1 2.3418178688604808e-05
-6 0 2 -1.7357880857520557e-05
-6 0 3 2.2657816885849483e-06
-6 0 4 1.8043716108543168e-07
-6 0 5 2.0872549548779078e-13
-6 0 6 3.7994610201393615e-14
-6 0 7 2.3864059611129699e-09
-6 0 8 5.0504643264128194e-10
-6 0 9 6.2320754987142902e-15
-6 0 10 8.7801718948000414e-19
-6 0 11 5.0016613411289471e-17
-6 0 12 1.6507539857311265e-12
-6 0 13 0.0003381103540024314
-6 0 14 0.0078106832084435538
-6 0 15 0.022724193733934587
-6 0 16 0.024923978733033623
-6 0 17 0.026214962231198517
-6 0 18 0.0072188166049930143
-6 0 19 0.00075526651626900941
-6 0 20 3.2295172833748852e-12
-6 0 21 1.106183803497738e-14
-6 0 22 0.0
-5 0 -22 3.5977314300562908e-16
-5 0 -21 2.9671638091326941e-14
-5 0 -20 6.1249855696857848e-10
-5 0 -19 0.00050070765911608352
-5 0 -18 0.00370722687047427
-5 0 -17 0.0040788455754183651
-5 0 -16 0.01162745706775576
-5 0 -15 0.0010345931449570131
-5 0 -14 1.051873166767157e-06
-5 0 -13 5.7108106842172382e-16
-5 0 -12 9.2084497823621414e-21
-5 0 -11 2.4577848826351896e-24
-5 0 -10 3.5773925695272763e-24
-5 0 -9 1.406966924075047e-24
-5 0 -8 1.0762737469334452e-19
-5 0 -7 8.2108786489291561e-11
-5 0 -6 1.8455071236087835e-13
-5 0 -5 3.2691267445499211e-16
-5 0 -4 8.8716283777311833e-10
-5 0 -3 1.4447532274014112e-06
-5 0 -2 3.5675056110838836e-06
-5 0 -1 2.7854685732639899e-05
-5 0 0 2.9663788782051415e-05
-5 0 1 2.7582216201170903e-05
-5 0 2 4.1030437043015722e-06
-5 0 3 1.3229185076612077e-06
-5 0 4 4.4709258447595409e-10
-5 0 5 3.2527388193603619e-16
-5 0 6 1.1536065007901679e-12
-5 0 7 3.4922638418948182e-10
-5 0 8 2.2678477562900001e-20
-5 0 9 5.0291432316224738e-27
-5 0 10 6.5902328232946675e-24
-5 0 11 1.8218219197096071e-21
-5 0 12 9.2565299249802238e-15
-5 0 13 1.0007692893963795e-07
-5 0 14 0.0014585092169667475
-5 0 15 0.012269776034238119
-5 0 16 0.022350104383771625
-5 0 17 0.024307898037446263
-5 0 18 0.025118522825782124
-5 0 19 0.002266535331627734
-5 0 20 3.1065467557325945e-09
-5 0 21 9.2706189966333785e-14
-5 0 22 2.6863334392594512e-14
-4 0 -22 7.1924864905438716e-16
-4 0 -21 2.1690907157573445e-13
-4 0 -20 9.3407292711353474e-08
-4 0 -19 0.00068750265659462393
-4 0 -18 0.0034925410562703266
-4 0 -17 0.0038252760049866008
-4 0 -16 0.0028515523990201696
-4 0 -15 0.0003186631674072041
-4 0 -14 8.3353355853951177e-10
-4 0 -13 1.8804337197263109e-22
-4 0 -12 1.3392584898464027e-25
-4 0 -11 8.2699311229522947e-29
-4 0 -10 8.8991174656838262e-30
-4 0 -9 2.1030920378860946e-24
-4 0 -8 1.200830355599865e-15
-4 0 -7 3.0357495504509513e-08
-4 0 -6 6.5611321829646144e-08
-4 0 -5 1.5863394011611742e-10
-4 0 -4 2.8636774691308781e-10
-4 0 -3 8.0194969020607734e-07
-4 0 -2 3.0533377925430539e-06
-4 0 -1 3.1071221792478827e-05
-4 0 0 1.4145801975965669e-05
-4 0 1 3.6106899320675732e-05
-4 0 2 2.8563398652755497e-06
-4 0 3 7.166158938219163e-07
-4 0 4 7.2295979295911255e-10
-4 0 5 9.5499745422867873e-10
-4 0 6 2.7661253259918768e-07
-4 0 7 1.5172221519238347e-07
-4 0 8 2.3596773606329633e-16
-4 0 9 1.5352390843277431e-25
-4 0 10 2.374260217881819e-26
-4 0 11 8.0630438675079307e-23
-4 0 12 3.7283516392038244e-19
-4 0 13 1.7295307646214686e-14
-4 0 14 2.3381556868971497e-05
-4 0 15 0.0035630367201060511
-4 0 16 0.0064745642558128843
-4 0 17 0.021824785517342491
-4 0 18 0.023039009963203808
-4 0 19 0.0033805359819098105
-4 0 20 9.1592157980771762e-07
-4 0 21 9.9955855789360594e-14
-4 0 22 3.5055468367644649e-14
-3 0 -22 2.8260158945947792e-15
-3 0 -21 6.3611868734309778e-13
-3 0 -20 2.8468656900804411e-06
-3 0 -19 0.0010184475550449633
-3 0 -18 0.0033092621483095481
-3 0 -17 0.0031929574858284679
-3 0 -16 0.00099003481708641533
-3 0 -15 2.027602521359257e-05
-3 0 -14 3.4372020653990675e-13
-3 0 -13 3.8150563119033005e-19
-3 0 -12 5.6524444405962339e-21
-3 0 -11 1.0314200418919723e-23
-3 0 -10 2.0857884914012728e-23
-3 0 -9 3.6987854070728596e-16
-3 0 -8 4.7640557522923338e-08
-3 0 -7 6.4746760485057699e-07
-3 0 -6 1.1179059728525746e-06
-3 0 -5 3.8867286016020061e-07
-3 0 -4 2.5065738087183674e-07
-3 0 -3 2.8186252731513418e-07
-3 0 -2 4.6014095598800791e-05
-3 0 -1 4.8258440063130621e-05
-3 0 0 4.9512311445174903e-05
-3 0 1 5.060774191420438e-05
-3 0 2 5.2103295641461283e-05
-3 0 3 4.3405802029634912e-07
-3 0 4 1.0681430771819557e-06
-3 0 5 1.9625928714219881e-06
-3 0 6 4.1945479417606834e-06
-3 0 7 9.0960147571987307e-07
-3 0 8 8.3189511554227066e-09
-3 0 9 6.6249438492102163e-19
-3 0 10 6.6323241372360641e-26
-3 0 11 3.4579344489809202e-21
-3 0 12 5.9546150808542195e-21
-3 0 13 2.3558753245193684e-18
-3 0 14 4.2829827043410709e-11
-3 0 15 0.00030436047721464399
-3 0 16 0.0063485270834334872
-3 0 17 0.040075372522944901
-3 0 18 0.020667519819435001
-3 0 19 0.005286653177626029
-3 0 20 2.0711031570028308e-05
-3 0 21 2.5705833704692e-14
-3 0 22 7.752265052560782e-14
-2 0 -22 1.107146468168292e-14
-2 0 -21 1.0538198475599022e-12
-2 0 -20 2.0056549909372537e-05
-2 0 -19 0.0018221392435525431
-2 0 -18 0.0033536137270922389
-2 0 -17 0.0012010910276405592
-2 0 -16 6.4416679106108805e-05
-2 0 -15 1.6832928390506266e-07
-2 0 -14 5.6619114452064296e-05
-2 0 -13 6.9736720722968242e-06
-2 0 -12 8.2167355781767705e-10
-2 0 -11 1.1794660585227452e-11
-2 0 -10 2.2319242108834981e-13
-2 0 -9 3.8462109860105077e-08
-2 0 -8 1.4228441804667396e-06
-2 0 -7 3.6754162148765082e-06
-2 0 -6 2.3880718474743614e-06
-2 0 -5 1.5303667801745406e-06
-2 0 -4 2.0622830507012157e-06
-2 0 -3 5.070497473840072e-05
-2 0 -2 5.2486901550983402e-05
-2 0 -1 5.2843734703870755e-05
-2 0 0 5.5162416989595791e-05
-2 0 1 5.5798934593271551e-05
-2 0 2 5.3069692874365964e-05
-2 0 3 5.4369316759013592e-05
-2 0 4 4.0059614362210059e-06
-2 0 5 5.4771109716902723e-06
-2 0 6 2.8111383741698458e-05
-2 0 7 7.2449776241594965e-06
-2 0 8 2.3862918318360465e-06
-2 0 9 4.4770139980309508e-09
-2 0 10 1.6800777434599762e-13
-2 0 11 3.5105198799150571e-09
-2 0 12 5.5280687342386774e-10
-2 0 13 1.2057462267811146e-06
-2 0 14 3.7886546176975086e-06
-2 0 15 1.4060062831908031e-07
-2 0 16 0.00093632158670569547
-2 0 17 0.0094586728366079179
-2 0 18 0.041058213023354287
-2 0 19 0.0083253891420619567
-2 0 20 0.00010313384037253185
-2 0 21 1.5872047827622489e-13
-2 0 22 1.0953038169306946e-13
-1 0 -22 2.7189400696713371e-14
-1 0 -21 1.5002794816164576e-12
-1 0 -20 5.3605833856068496e-05
-1 0 -19 0.0025759431889182719
-1 0 -18 0.0031405309830879039
-1 0 -17 0.0015860384062520846
-1 0 -16 0.00016929689693230456
-1 0 -15 0.08540405844570792
-1 0 -14 0.66972754392757816
-1 0 -13 0.13129982825198594
-1 0 -12 0.16480449892382656
-1 0 -11 0.0052615195655124122
-1 0 -10 5.78936357138496e-05
-1 0 -9 7.2514863304279927e-07
-1 0 -8 3.9430116126943277e-06
-1 0 -7 8.7211290547112213e-06
-1 0 -6 1.104991081597468e-05
-1 0 -5 1.3345176905833791e-05
-1 0 -4 1.7956778235301393e-05
-1 0 -3 4.8087249821972329e-05
-1 0 -2 5.3370969981149403e-05
-1 0 -1 5.4240369534171881e-05
-1 0 0 5.6399321800225308e-05
-1 0 1 5.7653997876079942e-05
-1 0 2 5.8173003422098813e-05
-1 0 3 5.5874570230274662e-05
-1 0 4 3.9108759293605237e-05
-1 0 5 3.4314765859002922e-05
-1 0 6 3.052146881516637e-05
-1 0 7 2.4567602142521852e-05
-1 0 8 9.561519567551616e-06
-1 0 9 1.4245840601247937e-06
-1 0 10 5.8535556259501563e-06
-1 0 11 0.05078743209354239
-1 0 12 0.15994377224174081
-1 0 13 0.12128108572074833
-1 0 14 0.61479828183214513
-1 0 15 0.052498507613513108
-1 0 16 0.00017642827086132587
-1 0 17 0.0043623512748371925
-1 0 18 0.013298197756327821
-1 0 19 0.010765763860009145
-1 0 20 0.0002214346927905982
-1 0 21 7.826914011120718e-14
-1 0 22 2.1493266712044253e-13
0 0 -22 3.2716332259909526e-14
0 0 -21 1.2233709568267567e-12
0 0 -20 6.8665545967456772e-05
0 0 -19 0.002929385499393547
0 0 -18 0.0026982498252028498
0 0 -17 0.00056516119390941099
0 0 -16 0.00022016272566214033
0 0 -15 0.65613685756872375
0 0 -14 0.86226924895517754
0 0 -13 0.92461904504491055
0 0 -12 0.96338032773188431
0 0 -11 0.14860346114425402
0 0 -10 0.00048687846985940707
0 0 -9 2.0113012297886603e-06
0 0 -8 4.7911292904496152e-06
0 0 -7 9.8042060555391336e-06
0 0 -6 1.2463136775925579e-05
0 0 -5 1.4907070682281867e-05
0 0 -4 2.3936061360776021e-05
0 0 -3 5.067267825400593e-05
0 0 -2 5.4211871794709868e-05
0 0 -1 5.5576692251768174e-05
0 0 0 5.8333967790504649e-05
0 0 1 5.9981313253298613e-05
0 0 2 6.0121116257634158e-05
0 0 3 5.7758935309783275e-05
0 0 4 3.0882425949373266e-05
0 0 5 3.7995626489446744e-05
0 0 6 3.343141318475081e-05
0 0 7 2.7040886036534034e-05
0 0 8 6.535236392476149e-06
0 0 9 4.1960099622547296e-06
0 0 10 1.3877234335368048e-05
0 0 11 0.071681126616406271
0 0 12 0.95929650827706769
0 0 13 0.92210029896094547
0 0 14 0.86544573685708259
0 0 15 0.55375432943629621
0 0 16 0.00012525618507720261
0 0 17 0.0034863943147901639
0 0 18 0.01233253167436286
0 0 19 0.011130590848856857
0 0 20 0.00024562959570808673
0 0 21 8.3427372159682623e-14
0 0 22 1.8469627637867636e-13
1 0 -22 2.6738737277473132e-14
1 0 -21 1.4080712393081174e-12
1 0 -20 5.9370669763105195e-05
1 0 -19 0.0027597262126538274
1 0 -18 0.0025794409717482072
1 0 -17 0.00039176533185235747
1 0 -16 6.3054316287996802e-06
1 0 -15 0.067511664952430897
1 0 -14 0.60053434286988372
1 0 -13 0.092590034875812383
1 0 -12 0.20280060191763927
1 0 -11 0.040386061454627677
1 0 -10 3.403077262035688e-06
1 0 -9 6.9462021564152565e-07
1 0 -8 4.1361873573954349e-06
1 0 -7 1.0238522421457012e-05
1 0 -6 1.3226635128329724e-05
1 0 -5 2.1200484771822216e-05
1 0 -4 2.1442180559413259e-05
1 0 -3 5.1820936201836861e-05
1 0 -2 5.5942428341602009e-05
1 0 -1 5.7253490201156836e-05
1 0 0 6.0369009393936805e-05
1 0 1 6.1901921930332249e-05
1 0 2 6.2137170675148376e-05
1 0 3 5.9858730434929008e-05
1 0 4 4.2558758447283854e-05
1 0 5 3.5724859284716459e-05
1 0 6 3.1234410766686622e-05
1 0 7 2.5134642211138239e-05
1 0 8 1.00928849464019e-05
1 0 9 1.85005095151965e-06
1 0 10 2.02302085669739e-06
1 0 11 0.031647529314211428
1 0 12 0.20420537003730413
1 0 13 0.13039018168246727
1 0 14 0.67123852555004659
1 0 15 0.066172313415999995
1 0 16 0.001089456473138185
1 0 17 0.0073693786032037233
1 0 18 0.01124954011937291
1 0 19 0.0098488138641057692
1 0 20 0.00020513719328483579
1 0 21 1.3535317606068141e-13
1 0 22 1.8362967003439789e-13
2 0 -22 1.1016927548828424e-14
2 0 -21 9.0042062005892292e-13
2 0 -20 2.3917843020064812e-05
2 0 -19 0.0021261531648369852
2 0 -18 0.0035925592750563401
2 0 -17 0.0015391110553676082
2 0 -16 6.7787267876331258e-05
2 0 -15 3.2236562159408806e-10
2 0 -14 1.3807346304559049e-06
2 0 -13 3.7007073791513281e-07
2 0 -12 1.0856485609502759e-09
2 0 -11 5.3614533260859708e-09
2 0 -10 1.1921181112606165e-13
2 0 -9 2.2115114077225195e-08
2 0 -8 1.2893980581917463e-06
2 0 -7 3.8517735226194127e-06
2 0 -6 3.6423558138777237e-06
2 0 -5 2.3674487804905548e-06
2 0 -4 3.3040165464587329e-06
2 0 -3 4.6975893655003008e-05
2 0 -2 5.7618149753138814e-05
2 0 -1 5.8840699223866232e-05
2 0 0 5.9342260993112534e-05
2 0 1 6.2964565939611108e-05
2 0 2 6.6277263946295649e-05
2 0 3 6.2456041701847446e-05
2 0 4 4.2333034797898212e-06
2 0 5 6.3549555928146737e-06
2 0 6 2.94112446691466e-05
2 0 7 6.4831216637202069e-06
2 0 8 2.9589505206768573e-06
2 0 9 2.3283809756392223e-08
2 0 10 1.3073686696115646e-13
2 0 11 5.1799717903262113e-09
2 0 12 1.9594458544957405e-09
2 0 13 9.4660880381496655e-06
2 0 14 6.466950151992753e-05
2 0 15 3.4312674408897196e-05
2 0 16 0.0025028832010633244
2 0 17 0.0079983306374491695
2 0 18 0.0096690407959197384
2 0 19 0.0049795140426576951
2 0 20 5.9781886845699893e-05
2 0 21 1.3349781971319277e-13
2 0 22 9.1654824302790787e-14
3 0 -22 4.0129417660828139e-15
3 0 -21 6.8715543725547873e-13
3 0 -20 4.4459000429754618e-06
3 0 -19 0.0014416507137722052
3 0 -18 0.0048667313511403711
3 0 -17 0.0036647069261884976
3 0 -16 0.0014433545751975979
3 0 -15 4.8452329664442008e-05
3 0 -14 2.6222456449880254e-12
3 0 -13 1.5353545650701391e-18
3 0 -12 1.6917312609489889e-21
3 0 -11 2.6692424044393613e-21
3 0 -10 2.6996236500637454e-23
3 0 -9 7.2762691264981954e-17
3 0 -8 1.7070703217186159e-08
3 0 -7 4.2772559901434413e-07
3 0 -6 9.5971941465166989e-07
3 0 -5 4.2907648733660882e-07
3 0 -4 4.9087179251935994e-07
3 0 -3 9.5847025224096424e-07
3 0 -2 5.6910578655429023e-05
3 0 -1 5.9285956602479737e-05
3 0 0 6.1765465123863404e-05
3 0 1 6.3992036446540061e-05
3 0 2 6.4937196952365026e-05
3 0 3 7.9447576840219396e-07
3 0 4 1.1456207112254185e-06
3 0 5 2.1019047459897016e-06
3 0 6 4.108402896379983e-06
3 0 7 1.0146200647072489e-06
3 0 8 1.7824969828261889e-08
3 0 9 1.3723743333896179e-16
3 0 10 1.3767714498276214e-23
3 0 11 3.8046448506006277e-21
3 0 12 1.7045563655956213e-21
3 0 13 1.6615792707232249e-17
3 0 14 1.6228880638557865e-14
3 0 15 2.7447374374839553e-05
3 0 16 0.0017923266998794952
3 0 17 0.0076190268619879889
3 0 18 0.01096764083559037
3 0 19 0.0028391823380258486
3 0 20 9.0337937971864379e-06
3 0 21 7.5205456078472424e-14
3 0 22 1.3753176620368246e-14
4 0 -22 1.7005576353352352e-16
4 0 -21 3.6597666599763494e-13
4 0 -20 1.8510326631014672e-07
4 0 -19 0.0010681261144762377
4 0 -18 0.0054071564986192004
4 0 -17 0.0054264646094395229
4 0 -16 0.0040338629028065986
4 0 -15 0.0014003302492684266
4 0 -14 1.6898998434087428e-05
4 0 -13 3.6010488602540788e-13
4 0 -12 1.9828746001235283e-19
4 0 -11 5.3168305323039178e-25
4 0 -10 9.9985149975177466e-31
4 0 -9 7.7411939517226303e-26
4 0 -8 1.8646141355681638e-15
4 0 -7 2.8542055384084512e-08
4 0 -6 5.5140578226363912e-08
4 0 -5 1.138997161456415e-10
4 0 -4 8.3253086398355689e-10
4 0 -3 2.2447581048613319e-06
4 0 -2 8.0322048451857328e-06
4 0 -1 4.8719722304852606e-05
4 0 0 4.622461869153718e-05
4 0 1 5.0577862494868894e-05
4 0 2 5.5040506556893745e-06
4 0 3 1.7273373159461139e-06
4 0 4 1.5187719138319536e-09
4 0 5 8.3240652072167707e-10
4 0 6 2.9803665734074969e-07
4 0 7 1.5256320787552724e-07
4 0 8 2.7239924211008216e-16
4 0 9 1.226066939290077e-25
4 0 10 2.5606805463501043e-31
4 0 11 1.2008871488867624e-26
4 0 12 8.4491535658476076e-23
4 0 13 3.9524514455851484e-18
4 0 14 3.0111537782912966e-10
4 0 15 0.00029474012195283708
4 0 16 0.0048195703932562041
4 0 17 0.01230911377507102
4 0 18 0.012533432306409542
4 0 19 0.002005718799758634
4 0 20 3.8784133208412458e-07
4 0 21 1.8318968843714945e-14
4 0 22 4.4370460651341274e-15
5 0 -22 0.0
5 0 -21 8.2487854926448085e-14
5 0 -20 5.8730221284959818e-10
5 0 -19 0.00081104440338810745
5 0 -18 0.0059982010488992751
5 0 -17 0.0060476582627610022
5 0 -16 0.0060582816416667063
5 0 -15 0.0044184768738053685
5 0 -14 0.0007440572595173229
5 0 -13 9.3652561878855797e-09
5 0 -12 6.9173458971552439e-16
5 0 -11 6.3409852216076859e-22
5 0 -10 7.5086463848424658e-28
5 0 -9 6.9111314532523147e-29
5 0 -8 9.5036553596771952e-21
5 0 -7 5.3910459433805215e-11
5 0 -6 1.4844153802508551e-13
5 0 -5 3.2674262976598853e-16
5 0 -4 2.2432768980007905e-09
5 0 -3 4.0534528494401291e-06
5 0 -2 8.7805231171380765e-06
5 0 -1 4.4478445668600457e-05
5 0 0 4.9039947079661416e-05
5 0 1 4.6479646367819653e-05
5 0 2 8.6281922293130637e-06
5 0 3 2.9336583022247768e-06
5 0 4 1.0836280835270672e-09
5 0 5 3.1258342279051861e-16
5 0 6 1.1654270369106947e-12
5 0 7 3.8530104792843372e-10
5 0 8 8.2204044025775278e-21
5 0 9 8.7008177321855032e-26
5 0 10 2.8855466659236637e-26
5 0 11 5.1414030835004766e-23
5 0 12 5.0516355313650986e-18
5 0 13 2.309565801138787e-11
5 0 14 0.00012572724987338998
5 0 15 0.0033882244714669614
5 0 16 0.015864313778230839
5 0 17 0.01402951771294618
5 0 18 0.014294928319810945
5 0 19 0.0014521004394991602
5 0 20 2.7517678842194168e-09
5 0 21 2.135485431712035e-14
5 0 22 3.4056614107406831e-15
6 0 -22 0.0
6 0 -21 2.0163214002200564e-14
6 0 -20 7.0032430744253923e-13
6 0 -19 0.00025286341717538032
6 0 -18 0.0023080096821410101
6 0 -17 0.0067738259513052818
6 0 -16 0.0069411310412197738
6 0 -15 0.0073422957384791749
6 0 -14 0.0020994991487094106
6 0 -13 4.3064982959270077e-06
6 0 -12 4.1503903561563015e-14
6 0 -11 1.2244407961660227e-18
6 0 -10 2.9376535423249392e-19
6 0 -9 6.1468273210018024e-13
6 0 -8 6.552677590674069e-10
6 0 -7 3.8964850181495815e-09
6 0 -6 8.1082687307939464e-15
6 0 -5 4.6244021826425737e-12
6 0 -4 5.9053215988601793e-07
6 0 -3 8.5423390959556746e-06
6 0 -2 3.0701293382714522e-05
6 0 -1 4.0339559949023883e-05
6 0 0 4.4239122180276626e-05
6 0 1 4.1803410516838452e-05
6 0 2 4.0382483521364658e-05
6 0 3 5.1856026484958093e-06
6 0 4 3.7362249394516232e-07
6 0 5 1.3840543290065848e-12
6 0 6 1.0113146201520537e-13
6 0 7 5.9280863729551525e-09
6 0 8 9.8077016406428143e-10
6 0 9 3.4582635305271903e-15
6 0 10 8.7321707033607465e-19
6 0 11 3.5120369624209151e-18
6 0 12 2.8343441890521134e-14
6 0 13 2.5126040200205977e-05
6 0 14 0.002656771486904152
6 0 15 0.0045248361878766673
6 0 16 0.015450360442564939
6 0 17 0.015972210082936974
6 0 18 0.0049048268803874168
6 0 19 0.00046980004473993954
6 0 20 9.9215217450217033e-12
6 0 21 5.164613002838983e-16
6 0 22 0.0
7 0 -22 0.0
7 0 -21 2.661823763374308e-15
7 0 -20 5.203504900576387e-13
7 0 -19 1.0061777741813857e-05
7 0 -18 0.0019888745484744437
7 0 -17 0.0079744058504603622
7 0 -16 0.0084331861442379155
7 0 -15 0.0086068503152728904
7 0 -14 0.0050031268928459154
7 0 -13 0.00059043296930091785
7 0 -12 1.7092332580490938e-09
7 0 -11 8.7584366505522708e-13
7 0 -10 2.4069780600580377e-13
7 0 -9 0.0034392873612092536
7 0 -8 0.0038833513400231175
7 0 -7 1.7307871618735672e-05
7 0 -6 1.6952835425298868e-09
7 0 -5 1.2963180290736508e-09
7 0 -4 3.4161505570974142e-07
7 0 -3 2.3453312655937854e-06
7 0 -2 -1.353289769666991e-05
7 0 -1 3.2448231095170444e-05
7 0 0 3.6209363308433805e-05
7 0 1 3.3616706567507449e-05
7 0 2 9.0203194766540024e-06
7 0 3 7.7785850519042342e-07
7 0 4 1.9779516337973306e-07
7 0 5 3.9229275455591534e-10
7 0 6 3.8459334398356919e-09
7 0 7 1.732366020445939e-05
7 0 8 0.0021164106753267502
7 0 9 0.0005323970500210615
7 0 10 2.0361672235928355e-11
7 0 11 2.6388143169999608e-15
7 0 12 1.9569717459075378e-09
7 0 13 0.001098652077443952
7 0 14 0.0095429403257524803
7 0 15 0.016862612146521027
7 0 16 0.017774184282430792
7 0 17 0.017750096416541832
7 0 18 0.0035448004959216222
7 0 19 2.0105034558691583e-05
7 0 20 1.412077259841309e-13
7 0 21 4.9671770787768326e-16
7 0 22 0.0
8 0 -22 0.0
8 0 -21 0.0
8 0 -20 1.5159852642113937e-13
8 0 -19 4.2267468280999027e-09
8 0 -18 0.0010165152447146289
8 0 -17 0.010470352677609863
8 0 -16 0.01073592763679322
8 0 -15 0.010955581594253885
8 0 -14 0.014201948692033957
8 0 -13 0.0020385230472129952
8 0 -12 8.9022913809741641e-07
8 0 -11 0.00085932133558224257
8 0 -10 0.021209936084635575
8 0 -9 0.61237234294140475
8 0 -8 0.49642803558255233
8 0 -7 0.0042626252451443405
8 0 -6 7.7745776313909528e-10
8 0 -5 1.2064391045377158e-19
8 0 -4 7.5201032234845993e-16
8 0 -3 9.2518649901354156e-08
8 0 -2 4.8999409108126238e-06
8 0 -1 1.3584721006859444e-05
8 0 0 1.520656698758936e-06
8 0 1 1.2789299018101979e-05
8 0 2 2.9103799943269816e-06
8 0 3 2.2549423277536834e-09
8 0 4 3.5613486817444639e-16
8 0 5 2.8449368293663155e-20
8 0 6 1.6630095310997383e-09
8 0 7 0.0014402070886828898
8 0 8 0.48107504442828136
8 0 9 0.67114499772801117
8 0 10 0.016617152872787585
8 0 11 0.00049670449475256589
8 0 12 2.1173177247159325e-06
8 0 13 0.0029408129600116324
8 0 14 0.019320397551664512
8 0 15 0.019241203262689108
8 0 16 0.019910930050432221
8 0 17 0.021253312782004579
8 0 18 0.001562577666128087
8 0 19 2.4636858889643236e-08
8 0 20 3.8580070333031406e-14
8 0 21 1.6297048503042756e-15
8 0 22 0.0
9 0 -22 0.0
9 0 -21 0.0
9 0 -20 2.1429344805117655e-15
9 0 -19 5.06788222723574e-13
9 0 -18 0.00010856753055586024
9 0 -17 0.003350871008869113
9 0 -16 0.013378052491533078
9 0 -15 0.013450272128727309
9 0 -14 0.012227115626666089
9 0 -13 0.0043472429958936474
9 0 -12 0.00016562498320420434
9 0 -11 0.25329655526116002
9 0 -10 0.59853119363105167
9 0 -9 0.95536221345426098
9 0 -8 0.64108889925429058
9 0 -7 0.00033396062685648128
9 0 -6 5.3863593644351191e-15
9 0 -5 1.4013030233622965e-24
9 0 -4 1.1511390110196438e-23
9 0 -3 2.2391811577854087e-16
9 0 -2 8.5338748678343285e-08
9 0 -1 3.0405670638180655e-06
9 0 0 6.532728418267973e-06
9 0 1 2.0700914887581999e-06
9 0 2 5.3564373862896151e-09
9 0 3 4.3344317631128967e-19
9 0 4 3.1774695814046783e-25
9 0 5 1.1156441457872181e-25
9 0 6 1.2414309308440164e-16
9 0 7 0.0036452125942799791
9 0 8 0.68933471685214909
9 0 9 0.95388922807746557
9 0 10 0.60182607027485424
9 0 11 0.21510834281120297
9 0 12 0.0004017805969678492
9 0 13 0.0077154598300787705
9 0 14 0.019238093217205883
9 0 15 0.021285378004070522
9 0 16 0.021710851235104786
9 0 17 0.005135447535676331
9 0 18 0.00016656633246739779
9 0 19 4.8349954253632705e-12
9 0 20 2.4421168172100373e-15
9 0 21 0.0
10 0 -22 0.0
10 0 -21 0.0
10 0 -20 3.6824509470944731e-16
10 0 -19 1.9590842660598696e-13
10 0 -18 3.1678338731703445e-08
10 0 -17 0.0012038491355885225
10 0 -16 0.059484345440905306
10 0 -15 0.015223141913780816
10 0 -14 0.013488390740870663
10 0 -13 0.0074012192166036019
10 0 -12 0.00079516317081038785
10 0 -11 0.29994251514515502
10 0 -10 0.92788732637665206
10 0 -9 0.60291059666183067
10 0 -8 0.01204356329824386
10 0 -7 4.2522959471756666e-12
10 0 -6 2.0199073702523811e-21
10 0 -5 2.6124504601318149e-25
10 0 -4 1.6268886195222115e-27
10 0 -3 2.1611921371844039e-23
10 0 -2 7.4638233268586107e-13
10 0 -1 2.6969050918854452e-05
10 0 0 0.00039639829352520025
10 0 1 6.2055514947489788e-05
10 0 2 8.9455500876099119e-13
10 0 3 1.0680902015855814e-23
10 0 4 7.1932788381596549e-26
10 0 5 5.5073823565201711e-23
10 0 6 6.84654741694341e-20
10 0 7 1.7946163196826588e-12
10 0 8 0.01199927670710566
10 0 9 0.60081028579951534
10 0 10 0.92752183540043442
10 0 11 0.26621326096821374
10 0 12 0.0014476978286291661
10 0 13 0.012884632770523603
10 0 14 0.020569711123963132
10 0 15 0.022766239294933637
10 0 16 0.30004615532762874
10 0 17 0.0016032615461579981
10 0 18 1.2653377229975292e-07
10 0 19 3.4065571466092744e-14
10 0 20 2.7177727730972567e-15
10 0 21 0.0
11 0 -21 0.0
11 0 -20 0.0
11 0 -19 4.0146836624232322e-17
11 0 -18 4.9235674216375422e-13
11 0 -17 2.6213448890755348e-05
11 0 -16 0.0026674190988106037
11 0 -15 0.015549314520962367
11 0 -14 0.015616146987582629
11 0 -13 0.010680184832818532
11 0 -12 0.005476054594825878
11 0 -11 0.0040530600190949572
11 0 -10 0.24308790839381664
11 0 -9 0.16663264863802993
11 0 -8 0.00018615328965425871
11 0 -7 1.0655546686090218e-14
11 0 -6 1.4726089503792867e-17
11 0 -5 2.9583381310529108e-20
11 0 -4 1.9639441831813646e-24
11 0 -3 2.6391823938528559e-22
11 0 -2 2.3254675250000189e-13
11 0 -1 0.003426573007994095
11 0 0 0.17291855171992671
11 0 1 0.057436916875257517
11 0 2 1.8670999629754139e-09
11 0 3 5.7673700060224646e-22
11 0 4 2.3869739654507764e-21
11 0 5 1.0576585362325704e-20
11 0 6 3.1897854206759612e-17
11 0 7 9.1882778071772749e-15
11 0 8 0.00022696351279068307
11 0 9 0.18562685387529437
11 0 10 0.25704066626672262
11 0 11 0.0041516560704505908
11 0 12 0.0062281247963184823
11 0 13 0.016336077039119466
11 0 14 0.021352102996307798
11 0 15 0.023280847179892011
11 0 16 0.0036066106196463482
11 0 17 4.1887496960980045e-05
11 0 18 2.8343931489801144e-12
11 0 19 5.0836998337387047e-15
11 0 20 0.0
12 0 -21 0.0
12 0 -20 0.0
12 0 -19 2.5543008499149502e-16
12 0 -18 3.7186913479441055e-14
12 0 -17 1.2626670741270627e-10
12 0 -16 0.00022751894681112696
12 0 -15 0.0043204979547229183
12 0 -14 0.013919026969623546
12 0 -13 0.014108683782669015
12 0 -12 0.011863798954382158
12 0 -11 0.0028661269592020577
12 0 -10 0.00040030497108102471
12 0 -9 3.9559419321215288e-05
12 0 -8 4.9896604701511761e-07
12 0 -7 1.3685951844716957e-12
12 0 -6 3.1778121896029018e-14
12 0 -5 3.5768321325910442e-15
12 0 -4 2.2913574977336954e-19
12 0 -3 2.1523703810077132e-20
12 0 -2 7.1731571689771805e-09
12 0 -1 0.21412709397935081
12 0 0 0.96326727747996654
12 0 1 0.1109966154378827
12 0 2 7.4124024424345283e-10
12 0 3 1.9449327834926716e-20
12 0 4 2.3253434432830502e-17
12 0 5 3.6876247788564461e-14
12 0 6 1.0314369680400978e-13
12 0 7 2.7222195722559653e-10
12 0 8 3.1645096311733429e-07
12 0 9 7.9168963547861987e-06
12 0 10 0.00023415952293630787
12 0 11 0.0034084174186936856
12 0 12 0.01504044701315119
12 0 13 0.018004237995916602
12 0 14 0.0222179407360555
12 0 15 0.0059447242002510893
12 0 16 0.00034703162840477882
12 0 17 1.8047890929358867e-09
12 0 18 2.1719442607716092e-14
12 0 19 4.87763297393124e-16
12 0 20 0.0
13 0 -20 0.0
13 0 -19 0.0
13 0 -18 0.0
13 0 -17 2.8844333164321183e-13
13 0 -16 1.347710427628334e-08
13 0 -15 0.00060083675833568493
13 0 -14 0.0083138297950366494
13 0 -13 0.017153109678288102
13 0 -12 0.016383348152752213
13 0 -11 0.013621817115566889
13 0 -10 0.010266993951878129
13 0 -9 0.0064803361298533856
13 0 -8 0.0029484948037763539
13 0 -7 0.0012042764463442654
13 0 -6 0.00015017304261489772
13 0 -5 7.2030419728911227e-08
13 0 -4 1.2769430320836262e-14
13 0 -3 5.8073048490640906e-17
13 0 -2 2.5290467375144757e-05
13 0 -1 0.17521618775773407
13 0 0 0.92900352369719408
13 0 1 0.13910779894885478
13 0 2 2.5779116244073349e-06
13 0 3 5.0557002315919864e-16
13 0 4 1.8431502358131765e-11
13 0 5 3.0673741229889076e-06
13 0 6 0.00036120874038408679
13 0 7 0.001797158155688583
13 0 8 0.0035048118733483958
13 0 9 0.005842554813006889
13 0 10 0.0085371820562924194
13 0 11 0.013403521858390879
13 0 12 0.01769151227930553
13 0 13 0.018999820464856456
13 0 14 0.0088380757588472931
13 0 15 0.00078292334444675154
13 0 16 4.7397266585278527e-08
13 0 17 2.8825354000193175e-14
13 0 18 4.5785340298659993e-15
13 0 19 0.0
14 0 -20 0.0
14 0 -19 0.0
14 0 -18 0.0
14 0 -17 1.3951486893871565e-15
14 0 -16 3.8268918795425569e-13
14 0 -15 1.5687503831075777e-07
14 0 -14 0.00097399290046694029
14 0 -13 0.0085468684149912471
14 0 -12 0.021900088225317627
14 0 -11 0.021604737666316952
14 0 -10 0.021262400006407677
14 0 -9 0.020893673383999431
14 0 -8 0.046323930757256118
14 0 -7 0.011814576945455351
14 0 -6 0.0063081719744954422
14 0 -5 0.0011511545361808017
14 0 -4 2.4035982296190782e-06
14 0 -3 1.5482553075398641e-10
14 0 -2 0.00010034773639198222
14 0 -1 0.66968492879290042
14 0 0 0.86991256285570362
14 0 1 0.63741219336506927
14 0 2 1.0513113573442074e-05
14 0 3 4.3863976311010536e-09
14 0 4 0.00025701126968087802
14 0 5 0.0030432806625210356
14 0 6 0.010065105400567046
14 0 7 0.014337430514200125
14 0 8 0.033920351823424039
14 0 9 0.025350921625109449
14 0 10 0.027429006109923392
14 0 11 0.018585521185522404
14 0 12 0.020786717933268809
14 0 13 0.0096269489508547731
14 0 14 0.0010227037866523626
14 0 15 2.1929960345957091e-07
14 0 16 9.5925699673331496e-15
14 0 17 1.5564790556533664e-14
14 0 18 0.0
14 0 19 0.0
15 0 -19 0.0
15 0 -18 0.0
15 0 -17 0.0
15 0 -16 1.9605774538600207e-15
15 0 -15 4.9707927546581004e-13
15 0 -14 2.2465643795352611e-07
15 0 -13 0.00078403927434007956
15 0 -12 0.0059857339293477767
15 0 -11 0.023289677641480253
15 0 -10 0.023447226246313391
15 0 -9 0.023000190475872168
15 0 -8 0.022054328068744484
15 0 -7 0.020745403399816845
15 0 -6 0.019624427248014692
15 0 -5 0.0093955037858787071
15 0 -4 0.0019906392631937114
15 0 -3 0.00034790482934070728
15 0 -2 1.0223800605448062e-05
15 0 -1 0.062884538896664927
15 0 0 0.54660292929149101
15 0 1 0.05539278593480592
15 0 2 3.1684415515568768e-07
15 0 3 0.00081312445863163108
15 0 4 0.0071059400326741627
15 0 5 0.01300628649326566
15 0 6 0.024139216560851565
15 0 7 0.025639826937559822
15 0 8 0.02677994235046002
15 0 9 0.027240507862414224
15 0 10 0.026873444484149765
15 0 11 0.025956658510781421
15 0 12 0.0066000130451427785
15 0 13 0.00082151862059851532
15 0 14 1.6609607867251697e-07
15 0 15 2.5495768624924262e-13
15 0 16 1.5459025700551401e-14
15 0 17 0.0
15 0 18 0.0
16 0 -18 0.0
16 0 -17 0.0
16 0 -16 0.0
16 0 -15 2.1767144739696552e-15
16 0 -14 1.9648499032188684e-13
16 0 -13 4.7600284688799835e-08
16 0 -12 0.00034924002613128969
16 0 -11 0.0037241034850702907
16 0 -10 -1.4900524403229989
16 0 -9 0.024073955819846983
16 0 -8 0.023585308200369234
16 0 -7 0.022830416253390738
16 0 -6 0.021680469032971432
16 0 -5 0.019817748657112097
16 0 -4 0.0015762282926288492
16 0 -3 0.0067597876321290329
16 0 -2 0.0021697556760311306
16 0 -1 0.001514928542639315
16 0 0 0.000390664546699538
16 0 1 0.00016091108974814223
16 0 2 0.00131382765674519
16 0 3 0.0098036072963761933
16 0 4 0.027090613469914055
16 0 5 0.02531830917194056
16 0 6 0.027330639515846845
16 0 7 0.028627506352002431
16 0 8 0.029340875273488182
16 0 9 0.029390360570334634
16 0 10 -0.018718999565427139
16 0 11 0.0041236423636656023
16 0 12 0.00035653666571876041
16 0 13 2.3247000089027778e-08
16 0 14 1.3509622277748643e-13
16 0 15 1.3185922020381634e-14
16 0 16 1.7677672061906047e-15
16 0 17 0.0
17 0 -17 0.0
17 0 -16 0.0
17 0 -15 2.8100000000000001e-18
17 0 -14 3.2828851165832321e-15
17 0 -13 1.1134984004787446e-13
17 0 -12 1.766575493397565e-09
17 0 -11 4.5211329122292989e-05
17 0 -10 0.0017396403216857648
17 0 -9 0.0059363225341545894
17 0 -8 0.025518713128456525
17 0 -7 0.023639318553984993
17 0 -6 0.023272296228689156
17 0 -5 0.022045669360397029
17 0 -4 0.019828820487558109
17 0 -3 0.021393689119933477
17 0 -2 0.011287360881327391
17 0 -1 0.010041671628927155
17 0 0 0.0048463198168785717
17 0 1 0.0040271187986172683
17 0 2 0.011234489075853032
17 0 3 0.025035869489212565
17 0 4 0.025519707516242
17 0 5 0.027931880052797481
17 0 6 0.029264215975189228
17 0 7 0.02980071289736564
17 0 8 0.03254829324631725
17 0 9 0.007252137247540996
17 0 10 0.0019566554385619188
17 0 11 4.593261291462367e-05
17 0 12 2.4787304705921429e-10
17 0 13 1.1671674206891209e-13
17 0 14 1.1469194137659903e-14
17 0 15 4.2599999999998752e-15
17 0 16 0.0
18 0 -16 0.0
18 0 -15 0.0
18 0 -14 0.0
18 0 -13 7.4134135658569402e-16
18 0 -12 3.68075998126653e-14
18 0 -11 3.5245314883137484e-12
18 0 -10 1.7072397509959665e-07
18 0 -9 0.00021453309913981532
18 0 -8 0.0019125939247898582
18 0 -7 0.0047542537791358712
18 0 -6 0.0051637399577009191
18 0 -5 0.023026522699210881
18 0 -4 0.021124884788242163
18 0 -3 0.018687920787516656
18 0 -2 0.014449025708454468
18 0 -1 0.013692539086129694
18 0 0 0.01253290287160456
18 0 1 0.014352910480318783
18 0 2 0.026157143023903987
18 0 3 0.024373509824006347
18 0 4 0.02710877016514078
18 0 5 0.029048301193752818
18 0 6 0.0044496205208676256
18 0 7 0.0058728950376586266
18 0 8 0.0022560090618723725
18 0 9 0.00025170706076752664
18 0 10 6.9600505157262222e-08
18 0 11 6.7566924975444364e-13
18 0 12 1.4733411690553326e-14
18 0 13 7.7640099466711511e-15
18 0 14 0.0
18 0 15 0.0
19 0 -15 0.0
19 0 -14 0.0
19 0 -13 0.0
19 0 -12 7.5406274088594037e-16
19 0 -11 4.6549032940498286e-16
19 0 -10 1.1302862128372645e-13
19 0 -9 1.1451523951067149e-11
19 0 -8 4.5318681382099022e-08
19 0 -7 3.4248923683369383e-05
19 0 -6 0.00067667724578379792
19 0 -5 0.0020635992572402579
19 0 -4 0.0029909648208759467
19 0 -3 0.0045129799173182373
19 0 -2 0.0073125119224141865
19 0 -1 0.010773216118418898
19 0 0 0.011911104173796129
19 0 1 0.01209789817335199
19 0 2 0.0096077994413317595
19 0 3 0.0060588839856901295
19 0 4 0.0037545694735730659
19 0 5 0.0024795495287310123
19 0 6 0.0008487878701468163
19 0 7 4.4102873723917027e-05
19 0 8 1.880187315699682e-08
19 0 9 2.2584816747333716e-12
19 0 10 1.3941038930078533e-13
19 0 11 8.3861918438343456e-15
19 0 12 7.0343060531781356e-15
19 0 13 0.0
19 0 14 0.0
20 0 -13 0.0
20 0 -12 0.0
20 0 -11 0.0
20 0 -10 2.0222549166574973e-15
20 0 -9 1.4224442479635796e-15
20 0 -8 1.0638321630891841e-13
20 0 -7 3.8452609097751313e-13
20 0 -6 2.0294463028048334e-11
20 0 -5 5.5342732120038097e-09
20 0 -4 7.5928686919654117e-07
20 0 -3 1.4702601401710244e-05
20 0 -2 8.1078437301045417e-05
20 0 -1 0.00021330141155586726
20 0 0 0.00026182394778333023
20 0 1 0.00024774881833054016
20 0 2 0.0001257972272663304
20 0 3 2.5354829596064213e-05
20 0 4 1.1636242060043219e-06
20 0 5 4.1061013250230727e-09
20 0 6 7.6447139954315262e-12
20 0 7 1.2057472967992289e-12
20 0 8 1.9987382153640711e-13
20 0 9 7.1466267408204703e-15
20 0 10 1.1660794910695974e-14
20 0 11 0.0
20 0 12 0.0
21 0 -11 0.0
21 0 -10 0.0
21 0 -9 0.0
21 0 -8 7.2009910413463175e-15
21 0 -7 4.1479072256956101e-15
21 0 -6 2.026272021632435e-15
21 0 -5 1.1374151852029875e-13
21 0 -4 7.1615935713768453e-13
21 0 -3 2.5311326520799338e-12
21 0 -2 4.7516459387936817e-12
21 0 -1 7.6989205052550465e-12
21 0 0 7.9883707279250337e-12
21 0 1 6.4836594815247514e-12
21 0 2 5.6648301891232328e-12
21 0 3 2.9175379841650955e-12
21 0 4 1.299915080860263e-12
21 0 5 3.5250111214627472e-13
21 0 6 1.1105308522417477e-14
21 0 7 1.5949373716798301e-14
21 0 8 2.3715459313226019e-14
21 0 9 0.0
21 0 10 0.0
22 0 -9 0.0
22 0 -8 0.0
22 0 -7 0.0
22 0 -6 0.0
22 0 -5 2.38319300638874e-14
22 0 -4 1.2612553759447501e-14
22 0 -3 3.2833566882914148e-15
22 0 -2 2.4358149857551354e-15
22 0 -1 3.7378434435056657e-15
22 0 0 1.0133674127898574e-14
22 0 1 1.494930922130488e-14
22 0 2 1.2187985840429334e-14
22 0 3 1.8483504817305687e-14
22 0 4 2.3209401580550089e-14
22 0 5 2.2031686491897339e-14
22 0 6 0.0
22 0 7 0.0
22 0 8 0.0
