 #X, RHO, VEL, PRESS, TEMP
      0.002500        1.176829        0.000000   101325.000000      300.000031
      0.007500        1.176829        0.000000   101325.000000      300.000031
      0.012500        1.176829        0.000000   101325.000000      300.000031
      0.017500        1.176829        0.000000   101325.000000      300.000031
      0.022500        1.176829        0.000000   101325.000000      300.000031
      0.027500        1.176829        0.000000   101325.000000      300.000031
      0.032500        1.176829        0.000000   101325.000000      300.000031
      0.037500        1.176829        0.000000   101325.000000      300.000031
      0.042500        1.176829        0.000000   101325.000000      300.000031
      0.047500        1.176829        0.000000   101325.000000      300.000031
      0.052500        1.176829        0.000000   101325.000000      300.000031
      0.057500        1.176829        0.000000   101325.000000      300.000031
      0.062500        1.176829        0.000000   101325.000000      300.000031
      0.067500        1.176829        0.000000   101325.000000      300.000031
      0.072500        1.176829        0.000000   101325.000000      300.000031
      0.077500        1.176829        0.000000   101325.000000      300.000031
      0.082500        1.176829        0.000000   101325.000000      300.000031
      0.087500        1.176829        0.000000   101325.000000      300.000031
      0.092500        1.176829        0.000000   101325.000000      300.000031
      0.097500        1.176829        0.000000   101325.000000      300.000031
      0.102500        1.176829        0.000000   101325.000000      300.000031
      0.107500        1.176829        0.000000   101325.000000      300.000031
      0.112500        1.176829        0.000000   101325.000000      300.000031
      0.117500        1.176829        0.000000   101325.000000      300.000031
      0.122500        1.176829        0.000000   101325.000000      300.000031
      0.127500        1.176829        0.000000   101325.000000      300.000031
      0.132500        1.176829        0.000000   101325.000000      300.000031
      0.137500        1.176829        0.000000   101325.000000      300.000031
      0.142500        1.176829        0.000000   101325.000000      300.000031
      0.147500        1.176829        0.000000   101325.000000      300.000031
      0.152500        1.176829        0.000000   101325.000000      300.000031
      0.157500        1.176829        0.000000   101325.000000      300.000031
      0.162500        1.176829        0.000000   101325.000000      300.000031
      0.167500        1.176829        0.000000   101325.000000      300.000031
      0.172500        1.176829        0.000000   101325.000000      300.000031
      0.177500        1.176829        0.000000   101325.000000      300.000031
      0.182500        1.176829        0.000000   101325.000000      300.000031
      0.187500        1.176829        0.000000   101325.000000      300.000031
      0.192500        1.176829        0.000000   101325.000000      300.000031
      0.197500        1.176829        0.000000   101325.000000      300.000031
      0.202500        1.176829        0.000000   101325.000000      300.000031
      0.207500        1.176829        0.000000   101325.000000      300.000031
      0.212500        1.176829        0.000000   101325.000000      300.000031
      0.217500        1.176829        0.000000   101325.000000      300.000031
      0.222500        1.176829        0.000000   101325.000000      300.000031
      0.227500        1.176829        0.000000   101325.000000      300.000031
      0.232500        1.176829        0.000000   101325.000000      300.000031
      0.237500        1.176829        0.000000   101325.000000      300.000031
      0.242500        1.176829        0.000000   101325.000000      300.000031
      0.247500        1.176829        0.000000   101325.000000      300.000031
      0.252500        1.176829        0.000000   101325.000000      300.000031
      0.257500        1.176829        0.000000   101325.000000      300.000031
      0.262500        1.176829        0.000000   101325.000000      300.000031
      0.267500        1.176829        0.000000   101325.000000      300.000031
      0.272500        1.176829        0.000000   101325.000000      300.000031
      0.277500        1.176829        0.000000   101325.000000      300.000031
      0.282500        1.176829        0.000000   101325.000000      300.000031
      0.287500        1.176829        0.000000   101325.000000      300.000031
      0.292500        1.176829        0.000000   101325.000000      300.000031
      0.297500        1.176829        0.000000   101325.000000      300.000031
      0.302500        1.176829        0.000000   101325.000000      300.000031
      0.307500        1.176829        0.000000   101325.000000      300.000031
      0.312500        1.176829        0.000000   101325.000000      300.000031
      0.317500        1.176829        0.000000   101325.000000      300.000031
      0.322500        1.176829        0.000000   101325.000000      300.000031
      0.327500        1.170659        1.823934   100582.054688      299.369904
      0.332500        1.142800       10.157242    97247.023438      296.499573
      0.337500        1.115475       18.490625    94007.265625      293.643127
      0.342500        1.088673       26.823959    90860.351563      290.800354
      0.347500        1.062390       35.157265    87804.242188      287.971527
      0.352500        1.036617       43.490601    84836.664063      285.156555
      0.357500        1.011346       51.823933    81955.437500      282.355286
      0.362500        0.986571       60.157242    79158.531250      279.567902
      0.367500        0.962284       68.490570    76443.843750      276.794403
      0.372500        0.938477       76.823944    73809.312500      274.034637
      0.377500        0.915145       85.157265    71253.023438      271.288727
      0.382500        0.892278       93.490601    68773.007813      268.556702
      0.387500        0.869870      101.823921    66367.312500      265.838440
      0.392500        0.847916      110.157242    64034.140625      263.134033
      0.397500        0.826407      118.490570    61771.628906      260.443420
      0.402500        0.805336      126.823944    59577.941406      257.766663
      0.407500        0.784697      135.157257    57451.410156      255.103683
      0.412500        0.764484      143.490601    55390.281250      252.454605
      0.417500        0.744689      151.823914    53392.839844      249.819290
      0.422500        0.725307      160.157242    51457.476563      247.197845
      0.427500        0.706331      168.490570    49582.558594      244.590225
      0.432500        0.687753      176.823944    47766.484375      241.996399
      0.437500        0.669569      185.157257    46007.750000      239.416443
      0.442500        0.651771      193.490601    44304.812500      236.850327
      0.447500        0.634354      201.823914    42656.167969      234.297943
      0.452500        0.617311      210.157242    41060.410156      231.759445
      0.457500        0.600636      218.490570    39516.101563      229.234818
      0.462500        0.584324      226.823883    38021.808594      226.723923
      0.467500        0.568368      235.157257    36576.246094      224.226898
      0.472500        0.552763      243.490601    35178.070313      221.743759
      0.477500        0.537502      251.823929    33825.910156      219.274353
      0.482500        0.522580      260.157227    32518.576172      216.818832
      0.487500        0.507991      268.490570    31254.792969      214.377136
      0.492500        0.493730      276.823914    30033.328125      211.949234
      0.497500        0.479862      285.114563    28858.984375      209.547546
      0.502500        0.479862      285.114563    28858.984375      209.547546
      0.507500        0.479862      285.114563    28858.984375      209.547546
      0.512500        0.479862      285.114563    28858.984375      209.547546
      0.517500        0.479862      285.114563    28858.984375      209.547546
      0.522500        0.479862      285.114563    28858.984375      209.547546
      0.527500        0.479862      285.114563    28858.984375      209.547546
      0.532500        0.479862      285.114563    28858.984375      209.547546
      0.537500        0.479862      285.114563    28858.984375      209.547546
      0.542500        0.479862      285.114563    28858.984375      209.547546
      0.547500        0.479862      285.114563    28858.984375      209.547546
      0.552500        0.479862      285.114563    28858.984375      209.547546
      0.557500        0.479862      285.114563    28858.984375      209.547546
      0.562500        0.479862      285.114563    28858.984375      209.547546
      0.567500        0.479862      285.114563    28858.984375      209.547546
      0.572500        0.479862      285.114563    28858.984375      209.547546
      0.577500        0.479862      285.114563    28858.984375      209.547546
      0.582500        0.479862      285.114563    28858.984375      209.547546
      0.587500        0.479862      285.114563    28858.984375      209.547546
      0.592500        0.479862      285.114563    28858.984375      209.547546
      0.597500        0.479862      285.114563    28858.984375      209.547546
      0.602500        0.479862      285.114563    28858.984375      209.547546
      0.607500        0.479862      285.114563    28858.984375      209.547546
      0.612500        0.479862      285.114563    28858.984375      209.547546
      0.617500        0.479862      285.114563    28858.984375      209.547546
      0.622500        0.479862      285.114563    28858.984375      209.547546
      0.627500        0.479862      285.114563    28858.984375      209.547546
      0.632500        0.479862      285.114563    28858.984375      209.547546
      0.637500        0.479862      285.114563    28858.984375      209.547546
      0.642500        0.479862      285.114563    28858.984375      209.547546
      0.647500        0.240588      285.114563    28858.984375      417.950714
      0.652500        0.240588      285.114563    28858.984375      417.950714
      0.657500        0.240588      285.114563    28858.984375      417.950714
      0.662500        0.240588      285.114563    28858.984375      417.950714
      0.667500        0.240588      285.114563    28858.984375      417.950714
      0.672500        0.240588      285.114563    28858.984375      417.950714
      0.677500        0.240588      285.114563    28858.984375      417.950714
      0.682500        0.240588      285.114563    28858.984375      417.950714
      0.687500        0.240588      285.114563    28858.984375      417.950714
      0.692500        0.240588      285.114563    28858.984375      417.950714
      0.697500        0.240588      285.114563    28858.984375      417.950714
      0.702500        0.240588      285.114563    28858.984375      417.950714
      0.707500        0.240588      285.114563    28858.984375      417.950714
      0.712500        0.240588      285.114563    28858.984375      417.950714
      0.717500        0.240588      285.114563    28858.984375      417.950714
      0.722500        0.240588      285.114563    28858.984375      417.950714
      0.727500        0.240588      285.114563    28858.984375      417.950714
      0.732500        0.240588      285.114563    28858.984375      417.950714
      0.737500        0.240588      285.114563    28858.984375      417.950714
      0.742500        0.240588      285.114563    28858.984375      417.950714
      0.747500        0.240588      285.114563    28858.984375      417.950714
      0.752500        0.240588      285.114563    28858.984375      417.950714
      0.757500        0.240588      285.114563    28858.984375      417.950714
      0.762500        0.240588      285.114563    28858.984375      417.950714
      0.767500        0.240588      285.114563    28858.984375      417.950714
      0.772500        0.240588      285.114563    28858.984375      417.950714
      0.777500        0.240588      285.114563    28858.984375      417.950714
      0.782500        0.117683        0.000000    10132.500000      300.000061
      0.787500        0.117683        0.000000    10132.500000      300.000061
      0.792500        0.117683        0.000000    10132.500000      300.000061
      0.797500        0.117683        0.000000    10132.500000      300.000061
      0.802500        0.117683        0.000000    10132.500000      300.000061
      0.807500        0.117683        0.000000    10132.500000      300.000061
      0.812500        0.117683        0.000000    10132.500000      300.000061
      0.817500        0.117683        0.000000    10132.500000      300.000061
      0.822500        0.117683        0.000000    10132.500000      300.000061
      0.827500        0.117683        0.000000    10132.500000      300.000061
      0.832500        0.117683        0.000000    10132.500000      300.000061
      0.837500        0.117683        0.000000    10132.500000      300.000061
      0.842500        0.117683        0.000000    10132.500000      300.000061
      0.847500        0.117683        0.000000    10132.500000      300.000061
      0.852500        0.117683        0.000000    10132.500000      300.000061
      0.857500        0.117683        0.000000    10132.500000      300.000061
      0.862500        0.117683        0.000000    10132.500000      300.000061
      0.867500        0.117683        0.000000    10132.500000      300.000061
      0.872500        0.117683        0.000000    10132.500000      300.000061
      0.877500        0.117683        0.000000    10132.500000      300.000061
      0.882500        0.117683        0.000000    10132.500000      300.000061
      0.887500        0.117683        0.000000    10132.500000      300.000061
      0.892500        0.117683        0.000000    10132.500000      300.000061
      0.897500        0.117683        0.000000    10132.500000      300.000061
      0.902500        0.117683        0.000000    10132.500000      300.000061
      0.907500        0.117683        0.000000    10132.500000      300.000061
      0.912500        0.117683        0.000000    10132.500000      300.000061
      0.917500        0.117683        0.000000    10132.500000      300.000061
      0.922500        0.117683        0.000000    10132.500000      300.000061
      0.927500        0.117683        0.000000    10132.500000      300.000061
      0.932500        0.117683        0.000000    10132.500000      300.000061
      0.937500        0.117683        0.000000    10132.500000      300.000061
      0.942500        0.117683        0.000000    10132.500000      300.000061
      0.947500        0.117683        0.000000    10132.500000      300.000061
      0.952500        0.117683        0.000000    10132.500000      300.000061
      0.957500        0.117683        0.000000    10132.500000      300.000061
      0.962500        0.117683        0.000000    10132.500000      300.000061
      0.967500        0.117683        0.000000    10132.500000      300.000061
      0.972500        0.117683        0.000000    10132.500000      300.000061
      0.977500        0.117683        0.000000    10132.500000      300.000061
      0.982500        0.117683        0.000000    10132.500000      300.000061
      0.987500        0.117683        0.000000    10132.500000      300.000061
      0.992500        0.117683        0.000000    10132.500000      300.000061
      0.997500        0.117683        0.000000    10132.500000      300.000061
