# vtk DataFile Version 2.0
Three-D cube surface heat flux and Q display
ASCII
DATASET UNSTRUCTURED_GRID

POINTS 602 FLOAT 
 -0.5 -0.5 -0.5
 -0.4 -0.5 -0.5
 -0.3 -0.5 -0.5
 -0.2 -0.5 -0.5
 -0.1 -0.5 -0.5
 0 -0.5 -0.5
 0.1 -0.5 -0.5
 0.2 -0.5 -0.5
 0.3 -0.5 -0.5
 0.4 -0.5 -0.5
 0.5 -0.5 -0.5
 -0.5 -0.4 -0.5
 -0.4 -0.4 -0.5
 -0.3 -0.4 -0.5
 -0.2 -0.4 -0.5
 -0.1 -0.4 -0.5
 0 -0.4 -0.5
 0.1 -0.4 -0.5
 0.2 -0.4 -0.5
 0.3 -0.4 -0.5
 0.4 -0.4 -0.5
 0.5 -0.4 -0.5
 -0.5 -0.3 -0.5
 -0.4 -0.3 -0.5
 -0.3 -0.3 -0.5
 -0.2 -0.3 -0.5
 -0.1 -0.3 -0.5
 0 -0.3 -0.5
 0.1 -0.3 -0.5
 0.2 -0.3 -0.5
 0.3 -0.3 -0.5
 0.4 -0.3 -0.5
 0.5 -0.3 -0.5
 -0.5 -0.2 -0.5
 -0.4 -0.2 -0.5
 -0.3 -0.2 -0.5
 -0.2 -0.2 -0.5
 -0.1 -0.2 -0.5
 0 -0.2 -0.5
 0.1 -0.2 -0.5
 0.2 -0.2 -0.5
 0.3 -0.2 -0.5
 0.4 -0.2 -0.5
 0.5 -0.2 -0.5
 -0.5 -0.1 -0.5
 -0.4 -0.1 -0.5
 -0.3 -0.1 -0.5
 -0.2 -0.1 -0.5
 -0.1 -0.1 -0.5
 0 -0.1 -0.5
 0.1 -0.1 -0.5
 0.2 -0.1 -0.5
 0.3 -0.1 -0.5
 0.4 -0.1 -0.5
 0.5 -0.1 -0.5
 -0.5 0 -0.5
 -0.4 0 -0.5
 -0.3 0 -0.5
 -0.2 0 -0.5
 -0.1 0 -0.5
 0 0 -0.5
 0.1 0 -0.5
 0.2 0 -0.5
 0.3 0 -0.5
 0.4 0 -0.5
 0.5 0 -0.5
 -0.5 0.1 -0.5
 -0.4 0.1 -0.5
 -0.3 0.1 -0.5
 -0.2 0.1 -0.5
 -0.1 0.1 -0.5
 0 0.1 -0.5
 0.1 0.1 -0.5
 0.2 0.1 -0.5
 0.3 0.1 -0.5
 0.4 0.1 -0.5
 0.5 0.1 -0.5
 -0.5 0.2 -0.5
 -0.4 0.2 -0.5
 -0.3 0.2 -0.5
 -0.2 0.2 -0.5
 -0.1 0.2 -0.5
 0 0.2 -0.5
 0.1 0.2 -0.5
 0.2 0.2 -0.5
 0.3 0.2 -0.5
 0.4 0.2 -0.5
 0.5 0.2 -0.5
 -0.5 0.3 -0.5
 -0.4 0.3 -0.5
 -0.3 0.3 -0.5
 -0.2 0.3 -0.5
 -0.1 0.3 -0.5
 0 0.3 -0.5
 0.1 0.3 -0.5
 0.2 0.3 -0.5
 0.3 0.3 -0.5
 0.4 0.3 -0.5
 0.5 0.3 -0.5
 -0.5 0.4 -0.5
 -0.4 0.4 -0.5
 -0.3 0.4 -0.5
 -0.2 0.4 -0.5
 -0.1 0.4 -0.5
 0 0.4 -0.5
 0.1 0.4 -0.5
 0.2 0.4 -0.5
 0.3 0.4 -0.5
 0.4 0.4 -0.5
 0.5 0.4 -0.5
 -0.5 0.5 -0.5
 -0.4 0.5 -0.5
 -0.3 0.5 -0.5
 -0.2 0.5 -0.5
 -0.1 0.5 -0.5
 0 0.5 -0.5
 0.1 0.5 -0.5
 0.2 0.5 -0.5
 0.3 0.5 -0.5
 0.4 0.5 -0.5
 0.5 0.5 -0.5
 -0.5 -0.5 0.5
 -0.4 -0.5 0.5
 -0.3 -0.5 0.5
 -0.2 -0.5 0.5
 -0.1 -0.5 0.5
 0 -0.5 0.5
 0.1 -0.5 0.5
 0.2 -0.5 0.5
 0.3 -0.5 0.5
 0.4 -0.5 0.5
 0.5 -0.5 0.5
 -0.5 -0.4 0.5
 -0.4 -0.4 0.5
 -0.3 -0.4 0.5
 -0.2 -0.4 0.5
 -0.1 -0.4 0.5
 0 -0.4 0.5
 0.1 -0.4 0.5
 0.2 -0.4 0.5
 0.3 -0.4 0.5
 0.4 -0.4 0.5
 0.5 -0.4 0.5
 -0.5 -0.3 0.5
 -0.4 -0.3 0.5
 -0.3 -0.3 0.5
 -0.2 -0.3 0.5
 -0.1 -0.3 0.5
 0 -0.3 0.5
 0.1 -0.3 0.5
 0.2 -0.3 0.5
 0.3 -0.3 0.5
 0.4 -0.3 0.5
 0.5 -0.3 0.5
 -0.5 -0.2 0.5
 -0.4 -0.2 0.5
 -0.3 -0.2 0.5
 -0.2 -0.2 0.5
 -0.1 -0.2 0.5
 0 -0.2 0.5
 0.1 -0.2 0.5
 0.2 -0.2 0.5
 0.3 -0.2 0.5
 0.4 -0.2 0.5
 0.5 -0.2 0.5
 -0.5 -0.1 0.5
 -0.4 -0.1 0.5
 -0.3 -0.1 0.5
 -0.2 -0.1 0.5
 -0.1 -0.1 0.5
 0 -0.1 0.5
 0.1 -0.1 0.5
 0.2 -0.1 0.5
 0.3 -0.1 0.5
 0.4 -0.1 0.5
 0.5 -0.1 0.5
 -0.5 0 0.5
 -0.4 0 0.5
 -0.3 0 0.5
 -0.2 0 0.5
 -0.1 0 0.5
 0 0 0.5
 0.1 0 0.5
 0.2 0 0.5
 0.3 0 0.5
 0.4 0 0.5
 0.5 0 0.5
 -0.5 0.1 0.5
 -0.4 0.1 0.5
 -0.3 0.1 0.5
 -0.2 0.1 0.5
 -0.1 0.1 0.5
 0 0.1 0.5
 0.1 0.1 0.5
 0.2 0.1 0.5
 0.3 0.1 0.5
 0.4 0.1 0.5
 0.5 0.1 0.5
 -0.5 0.2 0.5
 -0.4 0.2 0.5
 -0.3 0.2 0.5
 -0.2 0.2 0.5
 -0.1 0.2 0.5
 0 0.2 0.5
 0.1 0.2 0.5
 0.2 0.2 0.5
 0.3 0.2 0.5
 0.4 0.2 0.5
 0.5 0.2 0.5
 -0.5 0.3 0.5
 -0.4 0.3 0.5
 -0.3 0.3 0.5
 -0.2 0.3 0.5
 -0.1 0.3 0.5
 0 0.3 0.5
 0.1 0.3 0.5
 0.2 0.3 0.5
 0.3 0.3 0.5
 0.4 0.3 0.5
 0.5 0.3 0.5
 -0.5 0.4 0.5
 -0.4 0.4 0.5
 -0.3 0.4 0.5
 -0.2 0.4 0.5
 -0.1 0.4 0.5
 0 0.4 0.5
 0.1 0.4 0.5
 0.2 0.4 0.5
 0.3 0.4 0.5
 0.4 0.4 0.5
 0.5 0.4 0.5
 -0.5 0.5 0.5
 -0.4 0.5 0.5
 -0.3 0.5 0.5
 -0.2 0.5 0.5
 -0.1 0.5 0.5
 0 0.5 0.5
 0.1 0.5 0.5
 0.2 0.5 0.5
 0.3 0.5 0.5
 0.4 0.5 0.5
 0.5 0.5 0.5
 -0.5 0.5 -0.4
 -0.4 0.5 -0.4
 -0.3 0.5 -0.4
 -0.2 0.5 -0.4
 -0.1 0.5 -0.4
 0 0.5 -0.4
 0.1 0.5 -0.4
 0.2 0.5 -0.4
 0.3 0.5 -0.4
 0.4 0.5 -0.4
 0.5 0.5 -0.4
 -0.5 0.5 -0.3
 -0.4 0.5 -0.3
 -0.3 0.5 -0.3
 -0.2 0.5 -0.3
 -0.1 0.5 -0.3
 0 0.5 -0.3
 0.1 0.5 -0.3
 0.2 0.5 -0.3
 0.3 0.5 -0.3
 0.4 0.5 -0.3
 0.5 0.5 -0.3
 -0.5 0.5 -0.2
 -0.4 0.5 -0.2
 -0.3 0.5 -0.2
 -0.2 0.5 -0.2
 -0.1 0.5 -0.2
 0 0.5 -0.2
 0.1 0.5 -0.2
 0.2 0.5 -0.2
 0.3 0.5 -0.2
 0.4 0.5 -0.2
 0.5 0.5 -0.2
 -0.5 0.5 -0.1
 -0.4 0.5 -0.1
 -0.3 0.5 -0.1
 -0.2 0.5 -0.1
 -0.1 0.5 -0.1
 0 0.5 -0.1
 0.1 0.5 -0.1
 0.2 0.5 -0.1
 0.3 0.5 -0.1
 0.4 0.5 -0.1
 0.5 0.5 -0.1
 -0.5 0.5 0
 -0.4 0.5 0
 -0.3 0.5 0
 -0.2 0.5 0
 -0.1 0.5 0
 0 0.5 0
 0.1 0.5 0
 0.2 0.5 0
 0.3 0.5 0
 0.4 0.5 0
 0.5 0.5 0
 -0.5 0.5 0.1
 -0.4 0.5 0.1
 -0.3 0.5 0.1
 -0.2 0.5 0.1
 -0.1 0.5 0.1
 0 0.5 0.1
 0.1 0.5 0.1
 0.2 0.5 0.1
 0.3 0.5 0.1
 0.4 0.5 0.1
 0.5 0.5 0.1
 -0.5 0.5 0.2
 -0.4 0.5 0.2
 -0.3 0.5 0.2
 -0.2 0.5 0.2
 -0.1 0.5 0.2
 0 0.5 0.2
 0.1 0.5 0.2
 0.2 0.5 0.2
 0.3 0.5 0.2
 0.4 0.5 0.2
 0.5 0.5 0.2
 -0.5 0.5 0.3
 -0.4 0.5 0.3
 -0.3 0.5 0.3
 -0.2 0.5 0.3
 -0.1 0.5 0.3
 0 0.5 0.3
 0.1 0.5 0.3
 0.2 0.5 0.3
 0.3 0.5 0.3
 0.4 0.5 0.3
 0.5 0.5 0.3
 -0.5 0.5 0.4
 -0.4 0.5 0.4
 -0.3 0.5 0.4
 -0.2 0.5 0.4
 -0.1 0.5 0.4
 0 0.5 0.4
 0.1 0.5 0.4
 0.2 0.5 0.4
 0.3 0.5 0.4
 0.4 0.5 0.4
 0.5 0.5 0.4
 -0.5 -0.5 -0.4
 -0.4 -0.5 -0.4
 -0.3 -0.5 -0.4
 -0.2 -0.5 -0.4
 -0.1 -0.5 -0.4
 0 -0.5 -0.4
 0.1 -0.5 -0.4
 0.2 -0.5 -0.4
 0.3 -0.5 -0.4
 0.4 -0.5 -0.4
 0.5 -0.5 -0.4
 -0.5 -0.5 -0.3
 -0.4 -0.5 -0.3
 -0.3 -0.5 -0.3
 -0.2 -0.5 -0.3
 -0.1 -0.5 -0.3
 0 -0.5 -0.3
 0.1 -0.5 -0.3
 0.2 -0.5 -0.3
 0.3 -0.5 -0.3
 0.4 -0.5 -0.3
 0.5 -0.5 -0.3
 -0.5 -0.5 -0.2
 -0.4 -0.5 -0.2
 -0.3 -0.5 -0.2
 -0.2 -0.5 -0.2
 -0.1 -0.5 -0.2
 0 -0.5 -0.2
 0.1 -0.5 -0.2
 0.2 -0.5 -0.2
 0.3 -0.5 -0.2
 0.4 -0.5 -0.2
 0.5 -0.5 -0.2
 -0.5 -0.5 -0.1
 -0.4 -0.5 -0.1
 -0.3 -0.5 -0.1
 -0.2 -0.5 -0.1
 -0.1 -0.5 -0.1
 0 -0.5 -0.1
 0.1 -0.5 -0.1
 0.2 -0.5 -0.1
 0.3 -0.5 -0.1
 0.4 -0.5 -0.1
 0.5 -0.5 -0.1
 -0.5 -0.5 0
 -0.4 -0.5 0
 -0.3 -0.5 0
 -0.2 -0.5 0
 -0.1 -0.5 0
 0 -0.5 0
 0.1 -0.5 0
 0.2 -0.5 0
 0.3 -0.5 0
 0.4 -0.5 0
 0.5 -0.5 0
 -0.5 -0.5 0.1
 -0.4 -0.5 0.1
 -0.3 -0.5 0.1
 -0.2 -0.5 0.1
 -0.1 -0.5 0.1
 0 -0.5 0.1
 0.1 -0.5 0.1
 0.2 -0.5 0.1
 0.3 -0.5 0.1
 0.4 -0.5 0.1
 0.5 -0.5 0.1
 -0.5 -0.5 0.2
 -0.4 -0.5 0.2
 -0.3 -0.5 0.2
 -0.2 -0.5 0.2
 -0.1 -0.5 0.2
 0 -0.5 0.2
 0.1 -0.5 0.2
 0.2 -0.5 0.2
 0.3 -0.5 0.2
 0.4 -0.5 0.2
 0.5 -0.5 0.2
 -0.5 -0.5 0.3
 -0.4 -0.5 0.3
 -0.3 -0.5 0.3
 -0.2 -0.5 0.3
 -0.1 -0.5 0.3
 0 -0.5 0.3
 0.1 -0.5 0.3
 0.2 -0.5 0.3
 0.3 -0.5 0.3
 0.4 -0.5 0.3
 0.5 -0.5 0.3
 -0.5 -0.5 0.4
 -0.4 -0.5 0.4
 -0.3 -0.5 0.4
 -0.2 -0.5 0.4
 -0.1 -0.5 0.4
 0 -0.5 0.4
 0.1 -0.5 0.4
 0.2 -0.5 0.4
 0.3 -0.5 0.4
 0.4 -0.5 0.4
 0.5 -0.5 0.4
 -0.5 -0.4 -0.4
 -0.5 -0.3 -0.4
 -0.5 -0.2 -0.4
 -0.5 -0.1 -0.4
 -0.5 0 -0.4
 -0.5 0.1 -0.4
 -0.5 0.2 -0.4
 -0.5 0.3 -0.4
 -0.5 0.4 -0.4
 -0.5 -0.4 -0.3
 -0.5 -0.3 -0.3
 -0.5 -0.2 -0.3
 -0.5 -0.1 -0.3
 -0.5 0 -0.3
 -0.5 0.1 -0.3
 -0.5 0.2 -0.3
 -0.5 0.3 -0.3
 -0.5 0.4 -0.3
 -0.5 -0.4 -0.2
 -0.5 -0.3 -0.2
 -0.5 -0.2 -0.2
 -0.5 -0.1 -0.2
 -0.5 0 -0.2
 -0.5 0.1 -0.2
 -0.5 0.2 -0.2
 -0.5 0.3 -0.2
 -0.5 0.4 -0.2
 -0.5 -0.4 -0.1
 -0.5 -0.3 -0.1
 -0.5 -0.2 -0.1
 -0.5 -0.1 -0.1
 -0.5 0 -0.1
 -0.5 0.1 -0.1
 -0.5 0.2 -0.1
 -0.5 0.3 -0.1
 -0.5 0.4 -0.1
 -0.5 -0.4 0
 -0.5 -0.3 0
 -0.5 -0.2 0
 -0.5 -0.1 0
 -0.5 0 0
 -0.5 0.1 0
 -0.5 0.2 0
 -0.5 0.3 0
 -0.5 0.4 0
 -0.5 -0.4 0.1
 -0.5 -0.3 0.1
 -0.5 -0.2 0.1
 -0.5 -0.1 0.1
 -0.5 0 0.1
 -0.5 0.1 0.1
 -0.5 0.2 0.1
 -0.5 0.3 0.1
 -0.5 0.4 0.1
 -0.5 -0.4 0.2
 -0.5 -0.3 0.2
 -0.5 -0.2 0.2
 -0.5 -0.1 0.2
 -0.5 0 0.2
 -0.5 0.1 0.2
 -0.5 0.2 0.2
 -0.5 0.3 0.2
 -0.5 0.4 0.2
 -0.5 -0.4 0.3
 -0.5 -0.3 0.3
 -0.5 -0.2 0.3
 -0.5 -0.1 0.3
 -0.5 0 0.3
 -0.5 0.1 0.3
 -0.5 0.2 0.3
 -0.5 0.3 0.3
 -0.5 0.4 0.3
 -0.5 -0.4 0.4
 -0.5 -0.3 0.4
 -0.5 -0.2 0.4
 -0.5 -0.1 0.4
 -0.5 0 0.4
 -0.5 0.1 0.4
 -0.5 0.2 0.4
 -0.5 0.3 0.4
 -0.5 0.4 0.4
 0.5 -0.4 -0.4
 0.5 -0.3 -0.4
 0.5 -0.2 -0.4
 0.5 -0.1 -0.4
 0.5 0 -0.4
 0.5 0.1 -0.4
 0.5 0.2 -0.4
 0.5 0.3 -0.4
 0.5 0.4 -0.4
 0.5 -0.4 -0.3
 0.5 -0.3 -0.3
 0.5 -0.2 -0.3
 0.5 -0.1 -0.3
 0.5 0 -0.3
 0.5 0.1 -0.3
 0.5 0.2 -0.3
 0.5 0.3 -0.3
 0.5 0.4 -0.3
 0.5 -0.4 -0.2
 0.5 -0.3 -0.2
 0.5 -0.2 -0.2
 0.5 -0.1 -0.2
 0.5 0 -0.2
 0.5 0.1 -0.2
 0.5 0.2 -0.2
 0.5 0.3 -0.2
 0.5 0.4 -0.2
 0.5 -0.4 -0.1
 0.5 -0.3 -0.1
 0.5 -0.2 -0.1
 0.5 -0.1 -0.1
 0.5 0 -0.1
 0.5 0.1 -0.1
 0.5 0.2 -0.1
 0.5 0.3 -0.1
 0.5 0.4 -0.1
 0.5 -0.4 0
 0.5 -0.3 0
 0.5 -0.2 0
 0.5 -0.1 0
 0.5 0 0
 0.5 0.1 0
 0.5 0.2 0
 0.5 0.3 0
 0.5 0.4 0
 0.5 -0.4 0.1
 0.5 -0.3 0.1
 0.5 -0.2 0.1
 0.5 -0.1 0.1
 0.5 0 0.1
 0.5 0.1 0.1
 0.5 0.2 0.1
 0.5 0.3 0.1
 0.5 0.4 0.1
 0.5 -0.4 0.2
 0.5 -0.3 0.2
 0.5 -0.2 0.2
 0.5 -0.1 0.2
 0.5 0 0.2
 0.5 0.1 0.2
 0.5 0.2 0.2
 0.5 0.3 0.2
 0.5 0.4 0.2
 0.5 -0.4 0.3
 0.5 -0.3 0.3
 0.5 -0.2 0.3
 0.5 -0.1 0.3
 0.5 0 0.3
 0.5 0.1 0.3
 0.5 0.2 0.3
 0.5 0.3 0.3
 0.5 0.4 0.3
 0.5 -0.4 0.4
 0.5 -0.3 0.4
 0.5 -0.2 0.4
 0.5 -0.1 0.4
 0.5 0 0.4
 0.5 0.1 0.4
 0.5 0.2 0.4
 0.5 0.3 0.4
 0.5 0.4 0.4

CELLS 600 3000
 4 0 1 12 11
 4 1 2 13 12
 4 2 3 14 13
 4 3 4 15 14
 4 4 5 16 15
 4 5 6 17 16
 4 6 7 18 17
 4 7 8 19 18
 4 8 9 20 19
 4 9 10 21 20
 4 11 12 23 22
 4 12 13 24 23
 4 13 14 25 24
 4 14 15 26 25
 4 15 16 27 26
 4 16 17 28 27
 4 17 18 29 28
 4 18 19 30 29
 4 19 20 31 30
 4 20 21 32 31
 4 22 23 34 33
 4 23 24 35 34
 4 24 25 36 35
 4 25 26 37 36
 4 26 27 38 37
 4 27 28 39 38
 4 28 29 40 39
 4 29 30 41 40
 4 30 31 42 41
 4 31 32 43 42
 4 33 34 45 44
 4 34 35 46 45
 4 35 36 47 46
 4 36 37 48 47
 4 37 38 49 48
 4 38 39 50 49
 4 39 40 51 50
 4 40 41 52 51
 4 41 42 53 52
 4 42 43 54 53
 4 44 45 56 55
 4 45 46 57 56
 4 46 47 58 57
 4 47 48 59 58
 4 48 49 60 59
 4 49 50 61 60
 4 50 51 62 61
 4 51 52 63 62
 4 52 53 64 63
 4 53 54 65 64
 4 55 56 67 66
 4 56 57 68 67
 4 57 58 69 68
 4 58 59 70 69
 4 59 60 71 70
 4 60 61 72 71
 4 61 62 73 72
 4 62 63 74 73
 4 63 64 75 74
 4 64 65 76 75
 4 66 67 78 77
 4 67 68 79 78
 4 68 69 80 79
 4 69 70 81 80
 4 70 71 82 81
 4 71 72 83 82
 4 72 73 84 83
 4 73 74 85 84
 4 74 75 86 85
 4 75 76 87 86
 4 77 78 89 88
 4 78 79 90 89
 4 79 80 91 90
 4 80 81 92 91
 4 81 82 93 92
 4 82 83 94 93
 4 83 84 95 94
 4 84 85 96 95
 4 85 86 97 96
 4 86 87 98 97
 4 88 89 100 99
 4 89 90 101 100
 4 90 91 102 101
 4 91 92 103 102
 4 92 93 104 103
 4 93 94 105 104
 4 94 95 106 105
 4 95 96 107 106
 4 96 97 108 107
 4 97 98 109 108
 4 99 100 111 110
 4 100 101 112 111
 4 101 102 113 112
 4 102 103 114 113
 4 103 104 115 114
 4 104 105 116 115
 4 105 106 117 116
 4 106 107 118 117
 4 107 108 119 118
 4 108 109 120 119
 4 121 122 133 132
 4 122 123 134 133
 4 123 124 135 134
 4 124 125 136 135
 4 125 126 137 136
 4 126 127 138 137
 4 127 128 139 138
 4 128 129 140 139
 4 129 130 141 140
 4 130 131 142 141
 4 132 133 144 143
 4 133 134 145 144
 4 134 135 146 145
 4 135 136 147 146
 4 136 137 148 147
 4 137 138 149 148
 4 138 139 150 149
 4 139 140 151 150
 4 140 141 152 151
 4 141 142 153 152
 4 143 144 155 154
 4 144 145 156 155
 4 145 146 157 156
 4 146 147 158 157
 4 147 148 159 158
 4 148 149 160 159
 4 149 150 161 160
 4 150 151 162 161
 4 151 152 163 162
 4 152 153 164 163
 4 154 155 166 165
 4 155 156 167 166
 4 156 157 168 167
 4 157 158 169 168
 4 158 159 170 169
 4 159 160 171 170
 4 160 161 172 171
 4 161 162 173 172
 4 162 163 174 173
 4 163 164 175 174
 4 165 166 177 176
 4 166 167 178 177
 4 167 168 179 178
 4 168 169 180 179
 4 169 170 181 180
 4 170 171 182 181
 4 171 172 183 182
 4 172 173 184 183
 4 173 174 185 184
 4 174 175 186 185
 4 176 177 188 187
 4 177 178 189 188
 4 178 179 190 189
 4 179 180 191 190
 4 180 181 192 191
 4 181 182 193 192
 4 182 183 194 193
 4 183 184 195 194
 4 184 185 196 195
 4 185 186 197 196
 4 187 188 199 198
 4 188 189 200 199
 4 189 190 201 200
 4 190 191 202 201
 4 191 192 203 202
 4 192 193 204 203
 4 193 194 205 204
 4 194 195 206 205
 4 195 196 207 206
 4 196 197 208 207
 4 198 199 210 209
 4 199 200 211 210
 4 200 201 212 211
 4 201 202 213 212
 4 202 203 214 213
 4 203 204 215 214
 4 204 205 216 215
 4 205 206 217 216
 4 206 207 218 217
 4 207 208 219 218
 4 209 210 221 220
 4 210 211 222 221
 4 211 212 223 222
 4 212 213 224 223
 4 213 214 225 224
 4 214 215 226 225
 4 215 216 227 226
 4 216 217 228 227
 4 217 218 229 228
 4 218 219 230 229
 4 220 221 232 231
 4 221 222 233 232
 4 222 223 234 233
 4 223 224 235 234
 4 224 225 236 235
 4 225 226 237 236
 4 226 227 238 237
 4 227 228 239 238
 4 228 229 240 239
 4 229 230 241 240
 4 110 111 243 242
 4 111 112 244 243
 4 112 113 245 244
 4 113 114 246 245
 4 114 115 247 246
 4 115 116 248 247
 4 116 117 249 248
 4 117 118 250 249
 4 118 119 251 250
 4 119 120 252 251
 4 242 243 254 253
 4 243 244 255 254
 4 244 245 256 255
 4 245 246 257 256
 4 246 247 258 257
 4 247 248 259 258
 4 248 249 260 259
 4 249 250 261 260
 4 250 251 262 261
 4 251 252 263 262
 4 253 254 265 264
 4 254 255 266 265
 4 255 256 267 266
 4 256 257 268 267
 4 257 258 269 268
 4 258 259 270 269
 4 259 260 271 270
 4 260 261 272 271
 4 261 262 273 272
 4 262 263 274 273
 4 264 265 276 275
 4 265 266 277 276
 4 266 267 278 277
 4 267 268 279 278
 4 268 269 280 279
 4 269 270 281 280
 4 270 271 282 281
 4 271 272 283 282
 4 272 273 284 283
 4 273 274 285 284
 4 275 276 287 286
 4 276 277 288 287
 4 277 278 289 288
 4 278 279 290 289
 4 279 280 291 290
 4 280 281 292 291
 4 281 282 293 292
 4 282 283 294 293
 4 283 284 295 294
 4 284 285 296 295
 4 286 287 298 297
 4 287 288 299 298
 4 288 289 300 299
 4 289 290 301 300
 4 290 291 302 301
 4 291 292 303 302
 4 292 293 304 303
 4 293 294 305 304
 4 294 295 306 305
 4 295 296 307 306
 4 297 298 309 308
 4 298 299 310 309
 4 299 300 311 310
 4 300 301 312 311
 4 301 302 313 312
 4 302 303 314 313
 4 303 304 315 314
 4 304 305 316 315
 4 305 306 317 316
 4 306 307 318 317
 4 308 309 320 319
 4 309 310 321 320
 4 310 311 322 321
 4 311 312 323 322
 4 312 313 324 323
 4 313 314 325 324
 4 314 315 326 325
 4 315 316 327 326
 4 316 317 328 327
 4 317 318 329 328
 4 319 320 331 330
 4 320 321 332 331
 4 321 322 333 332
 4 322 323 334 333
 4 323 324 335 334
 4 324 325 336 335
 4 325 326 337 336
 4 326 327 338 337
 4 327 328 339 338
 4 328 329 340 339
 4 330 331 232 231
 4 331 332 233 232
 4 332 333 234 233
 4 333 334 235 234
 4 334 335 236 235
 4 335 336 237 236
 4 336 337 238 237
 4 337 338 239 238
 4 338 339 240 239
 4 339 340 241 240
 4 0 1 342 341
 4 1 2 343 342
 4 2 3 344 343
 4 3 4 345 344
 4 4 5 346 345
 4 5 6 347 346
 4 6 7 348 347
 4 7 8 349 348
 4 8 9 350 349
 4 9 10 351 350
 4 341 342 353 352
 4 342 343 354 353
 4 343 344 355 354
 4 344 345 356 355
 4 345 346 357 356
 4 346 347 358 357
 4 347 348 359 358
 4 348 349 360 359
 4 349 350 361 360
 4 350 351 362 361
 4 352 353 364 363
 4 353 354 365 364
 4 354 355 366 365
 4 355 356 367 366
 4 356 357 368 367
 4 357 358 369 368
 4 358 359 370 369
 4 359 360 371 370
 4 360 361 372 371
 4 361 362 373 372
 4 363 364 375 374
 4 364 365 376 375
 4 365 366 377 376
 4 366 367 378 377
 4 367 368 379 378
 4 368 369 380 379
 4 369 370 381 380
 4 370 371 382 381
 4 371 372 383 382
 4 372 373 384 383
 4 374 375 386 385
 4 375 376 387 386
 4 376 377 388 387
 4 377 378 389 388
 4 378 379 390 389
 4 379 380 391 390
 4 380 381 392 391
 4 381 382 393 392
 4 382 383 394 393
 4 383 384 395 394
 4 385 386 397 396
 4 386 387 398 397
 4 387 388 399 398
 4 388 389 400 399
 4 389 390 401 400
 4 390 391 402 401
 4 391 392 403 402
 4 392 393 404 403
 4 393 394 405 404
 4 394 395 406 405
 4 396 397 408 407
 4 397 398 409 408
 4 398 399 410 409
 4 399 400 411 410
 4 400 401 412 411
 4 401 402 413 412
 4 402 403 414 413
 4 403 404 415 414
 4 404 405 416 415
 4 405 406 417 416
 4 407 408 419 418
 4 408 409 420 419
 4 409 410 421 420
 4 410 411 422 421
 4 411 412 423 422
 4 412 413 424 423
 4 413 414 425 424
 4 414 415 426 425
 4 415 416 427 426
 4 416 417 428 427
 4 418 419 430 429
 4 419 420 431 430
 4 420 421 432 431
 4 421 422 433 432
 4 422 423 434 433
 4 423 424 435 434
 4 424 425 436 435
 4 425 426 437 436
 4 426 427 438 437
 4 427 428 439 438
 4 429 430 122 121
 4 430 431 123 122
 4 431 432 124 123
 4 432 433 125 124
 4 433 434 126 125
 4 434 435 127 126
 4 435 436 128 127
 4 436 437 129 128
 4 437 438 130 129
 4 438 439 131 130
 4 0 11 440 341
 4 11 22 441 440
 4 22 33 442 441
 4 33 44 443 442
 4 44 55 444 443
 4 55 66 445 444
 4 66 77 446 445
 4 77 88 447 446
 4 88 99 448 447
 4 99 110 242 448
 4 341 440 449 352
 4 440 441 450 449
 4 441 442 451 450
 4 442 443 452 451
 4 443 444 453 452
 4 444 445 454 453
 4 445 446 455 454
 4 446 447 456 455
 4 447 448 457 456
 4 448 242 253 457
 4 352 449 458 363
 4 449 450 459 458
 4 450 451 460 459
 4 451 452 461 460
 4 452 453 462 461
 4 453 454 463 462
 4 454 455 464 463
 4 455 456 465 464
 4 456 457 466 465
 4 457 253 264 466
 4 363 458 467 374
 4 458 459 468 467
 4 459 460 469 468
 4 460 461 470 469
 4 461 462 471 470
 4 462 463 472 471
 4 463 464 473 472
 4 464 465 474 473
 4 465 466 475 474
 4 466 264 275 475
 4 374 467 476 385
 4 467 468 477 476
 4 468 469 478 477
 4 469 470 479 478
 4 470 471 480 479
 4 471 472 481 480
 4 472 473 482 481
 4 473 474 483 482
 4 474 475 484 483
 4 475 275 286 484
 4 385 476 485 396
 4 476 477 486 485
 4 477 478 487 486
 4 478 479 488 487
 4 479 480 489 488
 4 480 481 490 489
 4 481 482 491 490
 4 482 483 492 491
 4 483 484 493 492
 4 484 286 297 493
 4 396 485 494 407
 4 485 486 495 494
 4 486 487 496 495
 4 487 488 497 496
 4 488 489 498 497
 4 489 490 499 498
 4 490 491 500 499
 4 491 492 501 500
 4 492 493 502 501
 4 493 297 308 502
 4 407 494 503 418
 4 494 495 504 503
 4 495 496 505 504
 4 496 497 506 505
 4 497 498 507 506
 4 498 499 508 507
 4 499 500 509 508
 4 500 501 510 509
 4 501 502 511 510
 4 502 308 319 511
 4 418 503 512 429
 4 503 504 513 512
 4 504 505 514 513
 4 505 506 515 514
 4 506 507 516 515
 4 507 508 517 516
 4 508 509 518 517
 4 509 510 519 518
 4 510 511 520 519
 4 511 319 330 520
 4 429 512 132 121
 4 512 513 143 132
 4 513 514 154 143
 4 514 515 165 154
 4 515 516 176 165
 4 516 517 187 176
 4 517 518 198 187
 4 518 519 209 198
 4 519 520 220 209
 4 520 330 231 220
 4 10 21 521 351
 4 21 32 522 521
 4 32 43 523 522
 4 43 54 524 523
 4 54 65 525 524
 4 65 76 526 525
 4 76 87 527 526
 4 87 98 528 527
 4 98 109 529 528
 4 109 120 252 529
 4 351 521 530 362
 4 521 522 531 530
 4 522 523 532 531
 4 523 524 533 532
 4 524 525 534 533
 4 525 526 535 534
 4 526 527 536 535
 4 527 528 537 536
 4 528 529 538 537
 4 529 252 263 538
 4 362 530 539 373
 4 530 531 540 539
 4 531 532 541 540
 4 532 533 542 541
 4 533 534 543 542
 4 534 535 544 543
 4 535 536 545 544
 4 536 537 546 545
 4 537 538 547 546
 4 538 263 274 547
 4 373 539 548 384
 4 539 540 549 548
 4 540 541 550 549
 4 541 542 551 550
 4 542 543 552 551
 4 543 544 553 552
 4 544 545 554 553
 4 545 546 555 554
 4 546 547 556 555
 4 547 274 285 556
 4 384 548 557 395
 4 548 549 558 557
 4 549 550 559 558
 4 550 551 560 559
 4 551 552 561 560
 4 552 553 562 561
 4 553 554 563 562
 4 554 555 564 563
 4 555 556 565 564
 4 556 285 296 565
 4 395 557 566 406
 4 557 558 567 566
 4 558 559 568 567
 4 559 560 569 568
 4 560 561 570 569
 4 561 562 571 570
 4 562 563 572 571
 4 563 564 573 572
 4 564 565 574 573
 4 565 296 307 574
 4 406 566 575 417
 4 566 567 576 575
 4 567 568 577 576
 4 568 569 578 577
 4 569 570 579 578
 4 570 571 580 579
 4 571 572 581 580
 4 572 573 582 581
 4 573 574 583 582
 4 574 307 318 583
 4 417 575 584 428
 4 575 576 585 584
 4 576 577 586 585
 4 577 578 587 586
 4 578 579 588 587
 4 579 580 589 588
 4 580 581 590 589
 4 581 582 591 590
 4 582 583 592 591
 4 583 318 329 592
 4 428 584 593 439
 4 584 585 594 593
 4 585 586 595 594
 4 586 587 596 595
 4 587 588 597 596
 4 588 589 598 597
 4 589 590 599 598
 4 590 591 600 599
 4 591 592 601 600
 4 592 329 340 601
 4 439 593 142 131
 4 593 594 153 142
 4 594 595 164 153
 4 595 596 175 164
 4 596 597 186 175
 4 597 598 197 186
 4 598 599 208 197
 4 599 600 219 208
 4 600 601 230 219
 4 601 340 241 230

CELL_TYPES 600
 9
 9
 9
 9
 9
 9
 9
 9
 9
 9
 9
 9
 9
 9
 9
 9
 9
 9
 9
 9
 9
 9
 9
 9
 9
 9
 9
 9
 9
 9
 9
 9
 9
 9
 9
 9
 9
 9
 9
 9
 9
 9
 9
 9
 9
 9
 9
 9
 9
 9
 9
 9
 9
 9
 9
 9
 9
 9
 9
 9
 9
 9
 9
 9
 9
 9
 9
 9
 9
 9
 9
 9
 9
 9
 9
 9
 9
 9
 9
 9
 9
 9
 9
 9
 9
 9
 9
 9
 9
 9
 9
 9
 9
 9
 9
 9
 9
 9
 9
 9
 9
 9
 9
 9
 9
 9
 9
 9
 9
 9
 9
 9
 9
 9
 9
 9
 9
 9
 9
 9
 9
 9
 9
 9
 9
 9
 9
 9
 9
 9
 9
 9
 9
 9
 9
 9
 9
 9
 9
 9
 9
 9
 9
 9
 9
 9
 9
 9
 9
 9
 9
 9
 9
 9
 9
 9
 9
 9
 9
 9
 9
 9
 9
 9
 9
 9
 9
 9
 9
 9
 9
 9
 9
 9
 9
 9
 9
 9
 9
 9
 9
 9
 9
 9
 9
 9
 9
 9
 9
 9
 9
 9
 9
 9
 9
 9
 9
 9
 9
 9
 9
 9
 9
 9
 9
 9
 9
 9
 9
 9
 9
 9
 9
 9
 9
 9
 9
 9
 9
 9
 9
 9
 9
 9
 9
 9
 9
 9
 9
 9
 9
 9
 9
 9
 9
 9
 9
 9
 9
 9
 9
 9
 9
 9
 9
 9
 9
 9
 9
 9
 9
 9
 9
 9
 9
 9
 9
 9
 9
 9
 9
 9
 9
 9
 9
 9
 9
 9
 9
 9
 9
 9
 9
 9
 9
 9
 9
 9
 9
 9
 9
 9
 9
 9
 9
 9
 9
 9
 9
 9
 9
 9
 9
 9
 9
 9
 9
 9
 9
 9
 9
 9
 9
 9
 9
 9
 9
 9
 9
 9
 9
 9
 9
 9
 9
 9
 9
 9
 9
 9
 9
 9
 9
 9
 9
 9
 9
 9
 9
 9
 9
 9
 9
 9
 9
 9
 9
 9
 9
 9
 9
 9
 9
 9
 9
 9
 9
 9
 9
 9
 9
 9
 9
 9
 9
 9
 9
 9
 9
 9
 9
 9
 9
 9
 9
 9
 9
 9
 9
 9
 9
 9
 9
 9
 9
 9
 9
 9
 9
 9
 9
 9
 9
 9
 9
 9
 9
 9
 9
 9
 9
 9
 9
 9
 9
 9
 9
 9
 9
 9
 9
 9
 9
 9
 9
 9
 9
 9
 9
 9
 9
 9
 9
 9
 9
 9
 9
 9
 9
 9
 9
 9
 9
 9
 9
 9
 9
 9
 9
 9
 9
 9
 9
 9
 9
 9
 9
 9
 9
 9
 9
 9
 9
 9
 9
 9
 9
 9
 9
 9
 9
 9
 9
 9
 9
 9
 9
 9
 9
 9
 9
 9
 9
 9
 9
 9
 9
 9
 9
 9
 9
 9
 9
 9
 9
 9
 9
 9
 9
 9
 9
 9
 9
 9
 9
 9
 9
 9
 9
 9
 9
 9
 9
 9
 9
 9
 9
 9
 9
 9
 9
 9
 9
 9
 9
 9
 9
 9
 9
 9
 9
 9
 9
 9
 9
 9
 9
 9
 9
 9
 9
 9
 9
 9
 9
 9
 9
 9
 9
 9
 9
 9
 9
 9
 9
 9
 9
 9
 9
 9
 9
 9
 9
 9
 9
 9
 9
 9
 9
 9
 9
 9
 9
 9
 9
 9
 9
 9
 9
 9
 9
 9
 9
 9
 9
 9
 9
 9
 9
 9
 9
 9
 9
 9
 9
 9
 9
 9
 9
 9
 9
 9
 9
 9
 9
 9
 9
 9
 9
 9
 9
 9
 9
 9
 9
 9
 9
 9
 9
 9

CELL_DATA 600
FIELD DOMAIN 2
SurfaceElement_HEAT_FLUX_q 1 600 FLOAT
 0.646582
 0.611409
 0.600881
 0.605296
 0.564393
 0.573068
 0.594319
 0.617836
 0.621887
 0.66967
 0.63984
 0.621606
 0.593954
 0.592704
 0.582393
 0.561539
 0.593629
 0.596513
 0.60935
 0.637958
 0.650805
 0.636391
 0.613883
 0.613553
 0.559358
 0.598812
 0.596004
 0.60349
 0.624954
 0.635288
 0.622058
 0.621945
 0.614507
 0.601757
 0.573956
 0.580374
 0.592157
 0.57019
 0.608682
 0.640546
 0.674811
 0.61948
 0.594667
 0.581972
 0.584072
 0.597541
 0.574416
 0.59417
 0.635298
 0.651317
 0.649501
 0.622196
 0.588686
 0.583176
 0.57589
 0.576123
 0.573057
 0.609604
 0.607503
 0.642003
 0.637556
 0.602454
 0.584184
 0.614665
 0.571915
 0.562596
 0.590154
 0.591307
 0.594671
 0.652
 0.642416
 0.613069
 0.603333
 0.626539
 0.602197
 0.576739
 0.581269
 0.606654
 0.610247
 0.655757
 0.616883
 0.618618
 0.585923
 0.566386
 0.580639
 0.5696
 0.565152
 0.592717
 0.596552
 0.645561
 0.632654
 0.630557
 0.591503
 0.573844
 0.585865
 0.549419
 0.603764
 0.587742
 0.630207
 0.6616
 0.632327
 0.626731
 0.583961
 0.58908
 0.579922
 0.589983
 0.580327
 0.591722
 0.61951
 0.654404
 0.610347
 0.606086
 0.602318
 0.587912
 0.560379
 0.577886
 0.566727
 0.610539
 0.593619
 0.632426
 0.646878
 0.639882
 0.614655
 0.579852
 0.587866
 0.558419
 0.586721
 0.6054
 0.638339
 0.667045
 0.621007
 0.587958
 0.574525
 0.591199
 0.584529
 0.590396
 0.595563
 0.576481
 0.631828
 0.651566
 0.660842
 0.621937
 0.595729
 0.556459
 0.562423
 0.570351
 0.572559
 0.601938
 0.608861
 0.628736
 0.654078
 0.596197
 0.608496
 0.551818
 0.575152
 0.579022
 0.553427
 0.602929
 0.626558
 0.660606
 0.653953
 0.601726
 0.597493
 0.58873
 0.563351
 0.56087
 0.564195
 0.59678
 0.618573
 0.64774
 0.616135
 0.603126
 0.597749
 0.57303
 0.588503
 0.576937
 0.574382
 0.598618
 0.624319
 0.670391
 0.660707
 0.62306
 0.62761
 0.591669
 0.560746
 0.559347
 0.581625
 0.599155
 0.617268
 0.628686
 0.650719
 0.63846
 0.578942
 0.599576
 0.600725
 0.566978
 0.55099
 0.580365
 0.630389
 0.665095
 0
 0
 0
 0
 0
 0
 0
 0
 0
 0
 0
 0
 0
 0
 0
 0
 0
 0
 0
 0
 0
 0
 0
 0
 0
 0
 0
 0
 0
 0
 0
 0
 0
 0
 0
 0
 0
 0
 0
 0
 0
 0
 0
 0
 0
 0
 0
 0
 0
 0
 0
 0
 0
 0
 0
 0
 0
 0
 0
 0
 0
 0
 0
 0
 0
 0
 0
 0
 0
 0
 0
 0
 0
 0
 0
 0
 0
 0
 0
 0
 0
 0
 0
 0
 0
 0
 0
 0
 0
 0
 0
 0
 0
 0
 0
 0
 0
 0
 0
 0
 0
 0
 0
 0
 0
 0
 0
 0
 0
 0
 0
 0
 0
 0
 0
 0
 0
 0
 0
 0
 0
 0
 0
 0
 0
 0
 0
 0
 0
 0
 0
 0
 0
 0
 0
 0
 0
 0
 0
 0
 0
 0
 0
 0
 0
 0
 0
 0
 0
 0
 0
 0
 0
 0
 0
 0
 0
 0
 0
 0
 0
 0
 0
 0
 0
 0
 0
 0
 0
 0
 0
 0
 0
 0
 0
 0
 0
 0
 0
 0
 0
 0
 0
 0
 0
 0
 0
 0
 0
 0
 0
 0
 0
 0
 0
 0
 0
 0
 0
 0
 -0.663063
 -0.65205
 -0.620462
 -0.624131
 -0.643636
 -0.648826
 -0.634145
 -0.665277
 -0.659067
 -0.63983
 -0.613242
 -0.62083
 -0.645788
 -0.609221
 -0.623274
 -0.61811
 -0.608463
 -0.611862
 -0.614249
 -0.632703
 -0.569261
 -0.611489
 -0.59828
 -0.591706
 -0.592882
 -0.580939
 -0.603375
 -0.602117
 -0.624298
 -0.588192
 -0.580023
 -0.572556
 -0.611235
 -0.577506
 -0.558885
 -0.594214
 -0.572366
 -0.597683
 -0.591116
 -0.568809
 -0.572949
 -0.571796
 -0.577435
 -0.589169
 -0.584716
 -0.571484
 -0.595254
 -0.568652
 -0.583313
 -0.581841
 -0.57109
 -0.591884
 -0.566726
 -0.597816
 -0.557324
 -0.561903
 -0.587452
 -0.582245
 -0.558955
 -0.585199
 -0.572687
 -0.601676
 -0.569003
 -0.573267
 -0.574965
 -0.567903
 -0.564452
 -0.59808
 -0.571407
 -0.610998
 -0.58455
 -0.588481
 -0.597147
 -0.605838
 -0.601539
 -0.591132
 -0.571261
 -0.623834
 -0.609083
 -0.616713
 -0.609134
 -0.65036
 -0.628177
 -0.611374
 -0.652628
 -0.618813
 -0.610263
 -0.625337
 -0.627013
 -0.619328
 -0.6784
 -0.664279
 -0.657323
 -0.642199
 -0.646976
 -0.668522
 -0.65443
 -0.668408
 -0.647332
 -0.637285
 -0.661344
 -0.631945
 -0.632977
 -0.646753
 -0.66523
 -0.639442
 -0.6596
 -0.646868
 -0.646565
 -0.649774
 -0.611949
 -0.627334
 -0.639706
 -0.607394
 -0.605208
 -0.616039
 -0.624025
 -0.639948
 -0.651675
 -0.642037
 -0.586268
 -0.625863
 -0.604449
 -0.591515
 -0.581258
 -0.606313
 -0.600001
 -0.614512
 -0.611691
 -0.619716
 -0.590702
 -0.588595
 -0.573094
 -0.596823
 -0.578475
 -0.574564
 -0.588276
 -0.60418
 -0.586632
 -0.571703
 -0.557152
 -0.5716
 -0.579468
 -0.603022
 -0.578626
 -0.576898
 -0.577515
 -0.602894
 -0.562071
 -0.560754
 -0.571879
 -0.580952
 -0.584573
 -0.557162
 -0.569916
 -0.564727
 -0.564899
 -0.5522
 -0.552252
 -0.562881
 -0.590393
 -0.562235
 -0.585453
 -0.591911
 -0.575727
 -0.561729
 -0.596485
 -0.553453
 -0.587458
 -0.57689
 -0.580084
 -0.561423
 -0.60909
 -0.579063
 -0.594387
 -0.604661
 -0.606151
 -0.584124
 -0.593658
 -0.608437
 -0.616743
 -0.635352
 -0.617927
 -0.634546
 -0.597008
 -0.624898
 -0.617542
 -0.616238
 -0.62078
 -0.617513
 -0.614755
 -0.613819
 -0.654172
 -0.661201
 -0.636406
 -0.651414
 -0.652003
 -0.644538
 -0.656514
 -0.646883

SurfaceElement_HEAT_Q 1 600 FLOAT 
 0.00646582
 0.00611409
 0.00600881
 0.00605296
 0.00564393
 0.00573068
 0.00594319
 0.00617836
 0.00621887
 0.0066967
 0.0063984
 0.00621606
 0.00593954
 0.00592704
 0.00582393
 0.00561539
 0.00593629
 0.00596513
 0.0060935
 0.00637958
 0.00650805
 0.00636391
 0.00613883
 0.00613553
 0.00559358
 0.00598812
 0.00596004
 0.0060349
 0.00624954
 0.00635288
 0.00622058
 0.00621945
 0.00614507
 0.00601757
 0.00573956
 0.00580374
 0.00592157
 0.0057019
 0.00608682
 0.00640546
 0.00674811
 0.0061948
 0.00594667
 0.00581972
 0.00584072
 0.00597541
 0.00574416
 0.0059417
 0.00635298
 0.00651317
 0.00649501
 0.00622196
 0.00588686
 0.00583176
 0.0057589
 0.00576123
 0.00573057
 0.00609604
 0.00607503
 0.00642003
 0.00637556
 0.00602454
 0.00584184
 0.00614665
 0.00571915
 0.00562596
 0.00590154
 0.00591307
 0.00594671
 0.00652
 0.00642416
 0.00613069
 0.00603333
 0.00626539
 0.00602197
 0.00576739
 0.00581269
 0.00606654
 0.00610247
 0.00655757
 0.00616883
 0.00618618
 0.00585923
 0.00566386
 0.00580639
 0.005696
 0.00565152
 0.00592717
 0.00596552
 0.00645561
 0.00632654
 0.00630557
 0.00591503
 0.00573844
 0.00585865
 0.00549419
 0.00603764
 0.00587742
 0.00630207
 0.006616
 0.00632327
 0.00626731
 0.00583961
 0.0058908
 0.00579922
 0.00589983
 0.00580327
 0.00591722
 0.0061951
 0.00654404
 0.00610347
 0.00606086
 0.00602318
 0.00587912
 0.00560379
 0.00577886
 0.00566727
 0.00610539
 0.00593619
 0.00632426
 0.00646878
 0.00639882
 0.00614655
 0.00579852
 0.00587866
 0.00558419
 0.00586721
 0.006054
 0.00638339
 0.00667045
 0.00621007
 0.00587958
 0.00574525
 0.00591199
 0.00584529
 0.00590396
 0.00595563
 0.00576481
 0.00631828
 0.00651566
 0.00660842
 0.00621937
 0.00595729
 0.00556459
 0.00562423
 0.00570351
 0.00572559
 0.00601938
 0.00608861
 0.00628736
 0.00654078
 0.00596197
 0.00608496
 0.00551818
 0.00575152
 0.00579022
 0.00553427
 0.00602929
 0.00626558
 0.00660606
 0.00653953
 0.00601726
 0.00597493
 0.0058873
 0.00563351
 0.0056087
 0.00564195
 0.0059678
 0.00618573
 0.0064774
 0.00616135
 0.00603126
 0.00597749
 0.0057303
 0.00588503
 0.00576937
 0.00574382
 0.00598618
 0.00624319
 0.00670391
 0.00660707
 0.0062306
 0.0062761
 0.00591669
 0.00560746
 0.00559347
 0.00581625
 0.00599155
 0.00617268
 0.00628686
 0.00650719
 0.0063846
 0.00578942
 0.00599576
 0.00600725
 0.00566978
 0.0055099
 0.00580365
 0.00630389
 0.00665095
 0
 0
 0
 0
 0
 0
 0
 0
 0
 0
 0
 0
 0
 0
 0
 0
 0
 0
 0
 0
 0
 0
 0
 0
 0
 0
 0
 0
 0
 0
 0
 0
 0
 0
 0
 0
 0
 0
 0
 0
 0
 0
 0
 0
 0
 0
 0
 0
 0
 0
 0
 0
 0
 0
 0
 0
 0
 0
 0
 0
 0
 0
 0
 0
 0
 0
 0
 0
 0
 0
 0
 0
 0
 0
 0
 0
 0
 0
 0
 0
 0
 0
 0
 0
 0
 0
 0
 0
 0
 0
 0
 0
 0
 0
 0
 0
 0
 0
 0
 0
 0
 0
 0
 0
 0
 0
 0
 0
 0
 0
 0
 0
 0
 0
 0
 0
 0
 0
 0
 0
 0
 0
 0
 0
 0
 0
 0
 0
 0
 0
 0
 0
 0
 0
 0
 0
 0
 0
 0
 0
 0
 0
 0
 0
 0
 0
 0
 0
 0
 0
 0
 0
 0
 0
 0
 0
 0
 0
 0
 0
 0
 0
 0
 0
 0
 0
 0
 0
 0
 0
 0
 0
 0
 0
 0
 0
 0
 0
 0
 0
 0
 0
 0
 0
 0
 0
 0
 0
 0
 0
 0
 0
 0
 0
 0
 0
 0
 0
 0
 0
 -0.00663063
 -0.0065205
 -0.00620462
 -0.00624131
 -0.00643636
 -0.00648826
 -0.00634145
 -0.00665277
 -0.00659067
 -0.0063983
 -0.00613242
 -0.0062083
 -0.00645788
 -0.00609221
 -0.00623274
 -0.0061811
 -0.00608463
 -0.00611862
 -0.00614249
 -0.00632703
 -0.00569261
 -0.00611489
 -0.0059828
 -0.00591706
 -0.00592882
 -0.00580939
 -0.00603375
 -0.00602117
 -0.00624298
 -0.00588192
 -0.00580023
 -0.00572556
 -0.00611235
 -0.00577506
 -0.00558885
 -0.00594214
 -0.00572366
 -0.00597683
 -0.00591116
 -0.00568809
 -0.00572949
 -0.00571796
 -0.00577435
 -0.00589169
 -0.00584716
 -0.00571484
 -0.00595254
 -0.00568652
 -0.00583313
 -0.00581841
 -0.0057109
 -0.00591884
 -0.00566726
 -0.00597816
 -0.00557324
 -0.00561903
 -0.00587452
 -0.00582245
 -0.00558955
 -0.00585199
 -0.00572687
 -0.00601676
 -0.00569003
 -0.00573267
 -0.00574965
 -0.00567903
 -0.00564452
 -0.0059808
 -0.00571407
 -0.00610998
 -0.0058455
 -0.00588481
 -0.00597147
 -0.00605838
 -0.00601539
 -0.00591132
 -0.00571261
 -0.00623834
 -0.00609083
 -0.00616713
 -0.00609134
 -0.0065036
 -0.00628177
 -0.00611374
 -0.00652628
 -0.00618813
 -0.00610263
 -0.00625337
 -0.00627013
 -0.00619328
 -0.006784
 -0.00664279
 -0.00657323
 -0.00642199
 -0.00646976
 -0.00668522
 -0.0065443
 -0.00668408
 -0.00647332
 -0.00637285
 -0.00661344
 -0.00631945
 -0.00632977
 -0.00646753
 -0.0066523
 -0.00639442
 -0.006596
 -0.00646868
 -0.00646565
 -0.00649774
 -0.00611949
 -0.00627334
 -0.00639706
 -0.00607394
 -0.00605208
 -0.00616039
 -0.00624025
 -0.00639948
 -0.00651675
 -0.00642037
 -0.00586268
 -0.00625863
 -0.00604449
 -0.00591515
 -0.00581258
 -0.00606313
 -0.00600001
 -0.00614512
 -0.00611691
 -0.00619716
 -0.00590702
 -0.00588595
 -0.00573094
 -0.00596823
 -0.00578475
 -0.00574564
 -0.00588276
 -0.0060418
 -0.00586632
 -0.00571703
 -0.00557152
 -0.005716
 -0.00579468
 -0.00603022
 -0.00578626
 -0.00576898
 -0.00577515
 -0.00602894
 -0.00562071
 -0.00560754
 -0.00571879
 -0.00580952
 -0.00584573
 -0.00557162
 -0.00569916
 -0.00564727
 -0.00564899
 -0.005522
 -0.00552252
 -0.00562881
 -0.00590393
 -0.00562235
 -0.00585453
 -0.00591911
 -0.00575727
 -0.00561729
 -0.00596485
 -0.00553453
 -0.00587458
 -0.0057689
 -0.00580084
 -0.00561423
 -0.0060909
 -0.00579063
 -0.00594387
 -0.00604661
 -0.00606151
 -0.00584124
 -0.00593658
 -0.00608437
 -0.00616743
 -0.00635352
 -0.00617927
 -0.00634546
 -0.00597008
 -0.00624898
 -0.00617542
 -0.00616238
 -0.0062078
 -0.00617513
 -0.00614755
 -0.00613819
 -0.00654172
 -0.00661201
 -0.00636406
 -0.00651414
 -0.00652003
 -0.00644538
 -0.00656514
 -0.00646883
