POUNET
ndim
2
npartition
16
nbasis
1
float_type
float64
transform_power
1.0
transform_shift
0.0
transform_sign_shift
0.0
ivar_center
-4.28271797663656e-03
-6.44101791292176e-02
ivar_scale
8.13228160703956e-02
7.67906052866197e-02
centers
9.85942574606940e-02
-4.25449167227885e-03
1.37787116365181e-01
3.31184640037661e-01
1.42788464062504e-01
2.91633309086285e-01
2.59857053592339e-01
4.91161120754359e-01
2.11056049748294e-01
6.21955152903649e-01
-7.38642905850170e-02
6.86786241517026e-01
-5.62513360789577e-02
8.28524553461820e-01
1.36407496424767e-01
7.89060172127315e-01
1.27198477700405e-01
8.55611222641720e-01
1.56213550698309e-01
8.99516418771468e-01
2.31947333683092e-01
8.98483297055703e-01
3.34275552156328e-01
8.78365749372053e-01
4.64881050989462e-01
8.46973371874422e-01
5.02078927158781e-01
9.20748349863727e-01
7.31136516739192e-01
9.58441738414427e-01
7.53682260160876e-01
8.26382963839405e-01
shapes
1.60400733355848e+01
1.60999471878749e+01
1.61633198770882e+01
1.57983067157375e+01
1.60772069723219e+01
1.59585922037309e+01
1.62537781364034e+01
1.59283056174698e+01
1.62595517186831e+01
1.59801165047803e+01
1.61460389616387e+01
1.58552547188849e+01
1.62156684821510e+01
1.58936276924685e+01
1.59432550298873e+01
1.57966228990416e+01
1.60826421104285e+01
1.59509597238395e+01
1.59778533685657e+01
1.59552294656881e+01
1.59335335372923e+01
1.59941011980649e+01
1.58879531068277e+01
1.60921207478018e+01
1.58466736514345e+01
1.61048961564251e+01
1.58685491795529e+01
1.60884013526528e+01
1.59209163076137e+01
1.59860276818291e+01
1.59472920791780e+01
1.60759081974160e+01
coeffs
7.22555762351458e-02
-4.56666349671393e+00
2.19179955996534e-01
7.21683341218596e-02
6.78009433864814e-01
-9.12998453605209e-02
7.25088946859861e-02
4.88197828547077e+00
-3.41406781351386e-01
-3.91500402548347e-01
-8.53328534581298e+00
1.40852475825564e+00
3.32294076344840e-02
2.18860663083555e+00
-1.07068503080422e-01
7.01815519996285e-02
6.28710972626780e-02
-5.17025038652516e-02
1.06548378827219e-01
-7.87971499102385e-01
-5.27705851935887e-02
6.57786645253336e-02
8.00776751161835e-02
-4.66307592353770e-02
7.44492513283833e-02
6.88314993663860e-02
-5.47602744414736e-02
6.80513160103914e-02
5.28434304235861e-02
-4.37771323654542e-02
6.66699892247145e-02
5.86020617717563e-02
-4.30868150404230e-02
6.90225256369374e-02
6.00558008400711e-02
-4.59454268239001e-02
7.74898571669906e-02
5.54939301768760e-02
-5.32654887490967e-02
7.15837234168012e-02
5.84245566774758e-02
-4.77881742990158e-02
6.99521056672314e-02
5.87161177532300e-02
-4.61267557106268e-02
3.53661584358565e+00
4.90876470762178e-01
-4.00080110017844e+00
