5
100
H2O
40
296  0.531804  1.90173e-05  0.00147912
318  0.45339  2.34092e-05  0.00148402
337  0.400578  2.67182e-05  0.00150023
350  0.370422  2.86498e-05  0.00151613
357  0.355827  2.95686e-05  0.00152593
378  0.317702  3.18188e-05  0.00155912
400  0.284977  3.3436e-05  0.00159804
424  0.255514  3.44778e-05  0.00164313
450  0.229044  3.48972e-05  0.00169373
475  0.207606  3.46909e-05  0.00174326
500  0.189197  3.39289e-05  0.00179284
533  0.168496  3.21793e-05  0.0018559
565  0.151488  2.97708e-05  0.00191107
600  0.135601  2.64759e-05  0.00196164
634  0.12235  2.28131e-05  0.00199953
650  0.116742  2.10178e-05  0.00201353
672  0.109602  1.85364e-05  0.00202892
700  0.101365  1.54994e-05  0.00204251
711  0.098363  1.43621e-05  0.00204617
754  0.0877304  1.04174e-05  0.00205258
800  0.0780086  7.16829e-06  0.00204784
846  0.0696685  4.8497e-06  0.00203396
900  0.0612976  3.06254e-06  0.00200891
949  0.0547809  2.08432e-06  0.00197989
1000  0.0488938  1.42366e-06  0.00194472
1064  0.0425761  9.10695e-07  0.00189487
1100  0.0394692  7.185e-07  0.00186456
1128  0.0372491  6.01991e-07  0.00184
1200  0.0322407  3.91624e-07  0.00177357
1265  0.0284748  2.73065e-07  0.00171038
1300  0.0267052  2.27279e-07  0.00167541
1400  0.0224985  1.39365e-07  0.0015732
1500  0.0208875  1.10025e-07  0.00149808
1600  0.0169502  5.99944e-08  0.00136703
1800  0.0137836  2.86268e-08  0.00117116
2000  0.0117998  1.33963e-08  0.000944738
2200  0.0103171  9.22599e-09  0.000839748
2400  0.00902666  6.17609e-09  0.000707142
2600  0.00782281  4.45766e-09  0.000594702
2900  0.00616344  2.67489e-09  0.000458392
CO2
46
296  0.262707  8.84334e-10  0.000322415
320  0.251636  1.4801e-09  0.000341346
340  0.247699  1.33729e-09  0.000356856
350  0.24741  9.94026e-10  0.000364422
357  0.247812  1.31314e-09  0.00036962
378  0.251639  1.59163e-09  0.000384695
400  0.258977  1.95154e-09  0.000399507
424  0.269492  2.14593e-09  0.000414217
449  0.281756  2.25504e-09  0.000427619
475  0.294544  2.59217e-09  0.000439348
500  0.305855  2.47163e-09  0.000448562
533  0.317208  2.94737e-09  0.000457469
565  0.326004  3.39301e-09  0.000464106
600  0.33211  3.47892e-09  0.000469188
634  0.334371  5.15199e-09  0.000472134
650  0.334226  5.08417e-09  0.000472901
672  0.332841  4.93052e-09  0.000473373
700  0.329258  4.74657e-09  0.000473089
711  0.327343  4.66566e-09  0.000472729
754  0.317511  4.55696e-09  0.000470088
800  0.303685  4.75012e-09  0.000465171
846  0.28752  4.78577e-09  0.000458171
900  0.266816  4.55299e-09  0.000447545
949  0.247359  4.46315e-09  0.000436067
1000  0.227168  4.52877e-09  0.000422796
1064  0.202682  3.92088e-09  0.000405019
1100  0.189557  3.63746e-09  0.000394782
1128  0.179732  3.39982e-09  0.000386811
1200  0.156158  2.99767e-09  0.000366635
1300  0.127615  2.32867e-09  0.000340241
1400  0.103789  2.35184e-09  0.000316482
1500  0.0841925  1.84299e-09  0.00029561
1600  0.0663793  1.46784e-09  0.000278197
1700  0.0533248  1.27879e-09  0.000262999
1800  0.0428413  1.14543e-09  0.000249886
1900  0.0343916  1.0287e-09  0.000238424
2000  0.0275894  7.34141e-10  0.000217657
2100  0.0221295  7.23073e-10  0.000218644
2200  0.0177602  6.21964e-10  0.000209514
2300  0.0142718  5.66551e-10  0.000200485
2400  0.0114905  5.16648e-10  0.000191376
2500  0.00927369  4.73589e-10  0.000182094
2600  0.00750592  4.67774e-10  0.000172624
2700  0.00609435  4.67351e-10  0.000163005
2800  0.00496501  4.59029e-10  0.000153316
2900  0.00405927  4.51233e-10  0.000143654
CO
41
296  0.00628064  1.37623e-08  9.81444e-06
318  0.00901066  1.67638e-08  1.30932e-05
337  0.0116379  1.86776e-08  1.6968e-05
357  0.0154044  1.6974e-06  2.54071e-05
378  0.0197531  1.54872e-06  2.89378e-05
400  0.0246733  9.42391e-07  3.31034e-05
424  0.0302796  1.10635e-06  3.82153e-05
449  0.0361668  8.1946e-07  4.42431e-05
475  0.029845  5.75318e-09  7.21057e-05
504  0.0322666  5.54687e-09  8.79114e-05
533  0.0340669  5.63468e-09  0.000104209
565  0.035366  5.20904e-09  0.000122314
600  0.0360576  4.89584e-09  0.000141197
634  0.0361182  6.34542e-09  0.000157898
672  0.0356205  7.71239e-09  0.000173748
711  0.0346422  4.45751e-09  0.000185386
754  0.0331813  5.16125e-09  0.000193832
800  0.0313394  6.68595e-09  0.000199738
846  0.0293466  6.48417e-09  0.000202957
900  0.0269484  4.67168e-09  0.000203545
950  0.0247611  3.72736e-09  0.000202024
1000  0.0226617  3.53531e-09  0.00019886
1064  0.0201517  3.31546e-09  0.000192881
1128  0.0178674  3.56427e-09  0.000185378
1200  0.0155749  4.09026e-09  0.000175854
1265  0.0137474  4.43919e-09  0.000166718
1340  0.0119019  4.94506e-09  0.000155976
1420  0.0102111  5.27873e-09  0.000144807
1500  0.00876973  5.49541e-09  0.000134071
1600  0.00726209  5.99122e-09  0.000121615
1687  0.00618522  5.37677e-09  0.000111651
1787  0.00515951  5.34927e-09  0.000101229
1900  0.00422173  5.42327e-09  9.08552e-05
2000  0.00354861  5.63141e-09  8.27259e-05
2125  0.00287046  5.91347e-09  7.37969e-05
2250  0.00233472  6.37872e-09  6.61146e-05
2382  0.00188798  6.65809e-09  5.91666e-05
2525  0.00150962  7.24659e-09  5.27568e-05
2675  0.00120217  7.5109e-09  4.70837e-05
2832  0.000953993  7.87723e-09  4.20544e-05
3000  0.000750614  8.1474e-09  3.75328e-05
OH
40
296  0.346795  1.1926e-09  0.000206087
320  0.277943  1.03146e-09  0.000177478
337  0.23991  2.24905e-09  0.00016011
357  0.20363  1.39109e-09  0.000142544
378  0.173098  8.2244e-10  0.000126821
400  0.147437  1.36901e-09  0.000113162
425  0.124224  9.53236e-10  0.000100575
475  0.0910063  1.45537e-09  8.34557e-05
500  0.0790098  7.21395e-10  7.81338e-05
533  0.0659143  1.15616e-09  7.36904e-05
565  0.0560346  8.6784e-10  7.17456e-05
600  0.0474743  8.60207e-10  7.16488e-05
634  0.0408517  7.3754e-10  7.30317e-05
672  0.0349348  5.6586e-10  7.5736e-05
711  0.0300928  5.56441e-10  7.93317e-05
754  0.0258355  4.12721e-10  8.38668e-05
800  0.0222174  4.45879e-10  8.89954e-05
846  0.0193199  4.1788e-10  9.39769e-05
900  0.0165988  3.78889e-10  9.93366e-05
950  0.0145683  3.17766e-10  0.000103632
1000  0.0128919  3.08626e-10  0.000107209
1064  0.0111369  2.9919e-10  0.000110749
1128  0.00971267  2.662e-10  0.000113306
1200  0.00840515  2.56426e-10  0.000115245
1265  0.00742903  2.27164e-10  0.000116341
1340  0.00648796  2.19725e-10  0.000117053
1420  0.00565458  2.33695e-10  0.000117313
1500  0.00495874  2.11833e-10  0.000117231
1600  0.00424012  2.35161e-10  0.000116794
1687  0.00372224  2.36585e-10  0.000116248
1787  0.00322409  2.4115e-10  0.000115509
1900  0.00276032  2.79751e-10  0.000114626
2000  0.00241958  2.92467e-10  0.000113848
2125  0.00206632  3.32649e-10  0.00011296
2250  0.00177705  3.60305e-10  0.000112208
2382  0.00152605  3.97922e-10  0.000111583
2525  0.00130363  4.45579e-10  0.000111108
2675  0.00111352  5.35798e-10  0.000110812
2832  0.000951418  6.18856e-10  0.000110699
3000  0.000810377  7.65288e-10  0.000110743
NO
40
296  0.00708796  8.45794e-09  2.93327e-05
318  0.00926118  8.11595e-09  3.40503e-05
337  0.0111467  6.95058e-09  4.00145e-05
357  0.0130554  5.22494e-09  4.79794e-05
378  0.0149062  5.11903e-09  5.79624e-05
400  0.016623  4.36074e-09  6.99052e-05
425  0.0182602  3.57749e-09  8.48491e-05
475  0.0205157  3.03289e-09  0.000116842
500  0.0211774  2.72145e-09  0.00013278
533  0.0214844  2.00051e-09  0.000153169
565  0.0214222  2.07179e-09  0.000171157
600  0.0210052  1.62359e-09  0.000188395
634  0.0203443  1.64593e-09  0.000202411
672  0.0194041  1.97026e-09  0.000214849
711  0.0183049  1.96257e-09  0.000224251
754  0.0170178  1.49915e-09  0.000231166
800  0.0156255  1.25284e-09  0.000235174
846  0.0142691  1.19928e-09  0.000236314
900  0.012765  1.04981e-09  0.000234802
950  0.0114792  9.87508e-10  0.000231336
1000  0.0103049  9.53088e-10  0.000226468
1064  0.00896398  8.07463e-10  0.000218837
1128  0.00779546  7.56473e-10  0.000210261
1200  0.00666706  6.43042e-10  0.000199999
1265  0.0057974  5.80261e-10  0.000190562
1340  0.00494505  4.78086e-10  0.00017986
1420  0.00418666  4.54206e-10  0.000168906
1500  0.00355737  4.16687e-10  0.000158616
1600  0.0029003  3.47313e-10  0.000146641
1687  0.00245279  3.01392e-10  0.000137329
1787  0.00203547  2.84787e-10  0.000127714
1900  0.00166175  2.84626e-10  0.000118138
2000  0.00139827  2.83709e-10  0.000110694
2125  0.00113689  2.99272e-10  0.000102574
2250  0.000933148  3.38768e-10  9.55926e-05
2382  0.000764932  4.44984e-10  8.92606e-05
2525  0.000623352  5.77218e-10  8.34039e-05
2675  0.00050854  7.23655e-10  7.81838e-05
2832  0.000415616  9.04871e-10  7.35457e-05
3000  0.000338854  1.08886e-09  6.93361e-05
