   0.0000000e+00   0.0000000e+00   0.0000000e+00   0.0000000e+00
   2.5000000e-02   6.1803399e-02   0.0000000e+00   0.0000000e+00
   5.0000000e-02   1.1755705e-01   0.0000000e+00   0.0000000e+00
   7.5000000e-02   1.6180340e-01   0.0000000e+00   0.0000000e+00
   1.0000000e-01   1.9021130e-01   0.0000000e+00   0.0000000e+00
   1.2500000e-01   2.0000000e-01   0.0000000e+00   0.0000000e+00
   1.5000000e-01   1.9021130e-01   0.0000000e+00   0.0000000e+00
   1.7500000e-01   1.6180340e-01   0.0000000e+00   0.0000000e+00
   2.0000000e-01   1.1755705e-01   0.0000000e+00   0.0000000e+00
   2.2500000e-01   6.1803399e-02   0.0000000e+00   0.0000000e+00
   2.5000000e-01   2.4492936e-17   0.0000000e+00   0.0000000e+00
   2.7500000e-01  -6.1803399e-02  -0.0000000e+00  -0.0000000e+00
   3.0000000e-01  -1.1755705e-01  -0.0000000e+00  -0.0000000e+00
   3.2500000e-01  -1.6180340e-01  -0.0000000e+00  -0.0000000e+00
   3.5000000e-01  -1.9021130e-01  -0.0000000e+00  -0.0000000e+00
   3.7500000e-01  -2.0000000e-01  -0.0000000e+00  -0.0000000e+00
   4.0000000e-01  -1.9021130e-01  -0.0000000e+00  -0.0000000e+00
   4.2500000e-01  -1.6180340e-01  -0.0000000e+00  -0.0000000e+00
   4.5000000e-01  -1.1755705e-01  -0.0000000e+00  -0.0000000e+00
   4.7500000e-01  -6.1803399e-02  -0.0000000e+00  -0.0000000e+00
   5.0000000e-01  -4.8985872e-17  -0.0000000e+00  -0.0000000e+00
   5.2500000e-01   6.1803399e-02   0.0000000e+00   0.0000000e+00
   5.5000000e-01   1.1755705e-01   0.0000000e+00   0.0000000e+00
   5.7500000e-01   1.6180340e-01   0.0000000e+00   0.0000000e+00
   6.0000000e-01   1.9021130e-01   0.0000000e+00   0.0000000e+00
   6.2500000e-01   2.0000000e-01   0.0000000e+00   0.0000000e+00
   6.5000000e-01   1.9021130e-01   0.0000000e+00   0.0000000e+00
   6.7500000e-01   1.6180340e-01   0.0000000e+00   0.0000000e+00
   7.0000000e-01   1.1755705e-01   0.0000000e+00   0.0000000e+00
   7.2500000e-01   6.1803399e-02   0.0000000e+00   0.0000000e+00
   7.5000000e-01   7.3478808e-17   0.0000000e+00   0.0000000e+00
   7.7500000e-01  -6.1803399e-02  -0.0000000e+00  -0.0000000e+00
   8.0000000e-01  -1.1755705e-01  -0.0000000e+00  -0.0000000e+00
   8.2500000e-01  -1.6180340e-01  -0.0000000e+00  -0.0000000e+00
   8.5000000e-01  -1.9021130e-01  -0.0000000e+00  -0.0000000e+00
   8.7500000e-01  -2.0000000e-01  -0.0000000e+00  -0.0000000e+00
   9.0000000e-01  -1.9021130e-01  -0.0000000e+00  -0.0000000e+00
   9.2500000e-01  -1.6180340e-01  -0.0000000e+00  -0.0000000e+00
   9.5000000e-01  -1.1755705e-01  -0.0000000e+00  -0.0000000e+00
   9.7500000e-01  -6.1803399e-02  -0.0000000e+00  -0.0000000e+00
   1.0000000e+00  -9.7971744e-17  -0.0000000e+00  -0.0000000e+00
   1.0250000e+00   6.1803399e-02   0.0000000e+00   0.0000000e+00
   1.0500000e+00   1.1755705e-01   0.0000000e+00   0.0000000e+00
   1.0750000e+00   1.6180340e-01   0.0000000e+00   0.0000000e+00
   1.1000000e+00   1.9021130e-01   0.0000000e+00   0.0000000e+00
   1.1250000e+00   2.0000000e-01   0.0000000e+00   0.0000000e+00
   1.1500000e+00   1.9021130e-01   0.0000000e+00   0.0000000e+00
   1.1750000e+00   1.6180340e-01   0.0000000e+00   0.0000000e+00
   1.2000000e+00   1.1755705e-01   0.0000000e+00   0.0000000e+00
   1.2250000e+00   6.1803399e-02   0.0000000e+00   0.0000000e+00
   1.2500000e+00   1.2246468e-16   0.0000000e+00   0.0000000e+00
   1.2750000e+00  -6.1803399e-02  -0.0000000e+00  -0.0000000e+00
   1.3000000e+00  -1.1755705e-01  -0.0000000e+00  -0.0000000e+00
   1.3250000e+00  -1.6180340e-01  -0.0000000e+00  -0.0000000e+00
   1.3500000e+00  -1.9021130e-01  -0.0000000e+00  -0.0000000e+00
   1.3750000e+00  -2.0000000e-01  -0.0000000e+00  -0.0000000e+00
   1.4000000e+00  -1.9021130e-01  -0.0000000e+00  -0.0000000e+00
   1.4250000e+00  -1.6180340e-01  -0.0000000e+00  -0.0000000e+00
   1.4500000e+00  -1.1755705e-01  -0.0000000e+00  -0.0000000e+00
   1.4750000e+00  -6.1803399e-02  -0.0000000e+00  -0.0000000e+00
   1.5000000e+00  -1.4695762e-16  -0.0000000e+00  -0.0000000e+00
   1.5250000e+00   6.1803399e-02   0.0000000e+00   0.0000000e+00
   1.5500000e+00   1.1755705e-01   0.0000000e+00   0.0000000e+00
   1.5750000e+00   1.6180340e-01   0.0000000e+00   0.0000000e+00
   1.6000000e+00   1.9021130e-01   0.0000000e+00   0.0000000e+00
   1.6250000e+00   2.0000000e-01   0.0000000e+00   0.0000000e+00
   1.6500000e+00   1.9021130e-01   0.0000000e+00   0.0000000e+00
   1.6750000e+00   1.6180340e-01   0.0000000e+00   0.0000000e+00
   1.7000000e+00   1.1755705e-01   0.0000000e+00   0.0000000e+00
   1.7250000e+00   6.1803399e-02   0.0000000e+00   0.0000000e+00
   1.7500000e+00   1.7145055e-16   0.0000000e+00   0.0000000e+00
   1.7750000e+00  -6.1803399e-02  -0.0000000e+00  -0.0000000e+00
   1.8000000e+00  -1.1755705e-01  -0.0000000e+00  -0.0000000e+00
   1.8250000e+00  -1.6180340e-01  -0.0000000e+00  -0.0000000e+00
   1.8500000e+00  -1.9021130e-01  -0.0000000e+00  -0.0000000e+00
   1.8750000e+00  -2.0000000e-01  -0.0000000e+00  -0.0000000e+00
   1.9000000e+00  -1.9021130e-01  -0.0000000e+00  -0.0000000e+00
   1.9250000e+00  -1.6180340e-01  -0.0000000e+00  -0.0000000e+00
   1.9500000e+00  -1.1755705e-01  -0.0000000e+00  -0.0000000e+00
   1.9750000e+00  -6.1803399e-02  -0.0000000e+00  -0.0000000e+00
   2.0000000e+00  -1.9594349e-16  -0.0000000e+00  -0.0000000e+00
   2.0250000e+00   6.1803399e-02   0.0000000e+00   0.0000000e+00
   2.0500000e+00   1.1755705e-01   0.0000000e+00   0.0000000e+00
   2.0750000e+00   1.6180340e-01   0.0000000e+00   0.0000000e+00
   2.1000000e+00   1.9021130e-01   0.0000000e+00   0.0000000e+00
   2.1250000e+00   2.0000000e-01   0.0000000e+00   0.0000000e+00
   2.1500000e+00   1.9021130e-01   0.0000000e+00   0.0000000e+00
   2.1750000e+00   1.6180340e-01   0.0000000e+00   0.0000000e+00
   2.2000000e+00   1.1755705e-01   0.0000000e+00   0.0000000e+00
   2.2250000e+00   6.1803399e-02   0.0000000e+00   0.0000000e+00
   2.2500000e+00   2.2043642e-16   0.0000000e+00   0.0000000e+00
   2.2750000e+00  -6.1803399e-02  -0.0000000e+00  -0.0000000e+00
   2.3000000e+00  -1.1755705e-01  -0.0000000e+00  -0.0000000e+00
   2.3250000e+00  -1.6180340e-01  -0.0000000e+00  -0.0000000e+00
   2.3500000e+00  -1.9021130e-01  -0.0000000e+00  -0.0000000e+00
   2.3750000e+00  -2.0000000e-01  -0.0000000e+00  -0.0000000e+00
   2.4000000e+00  -1.9021130e-01  -0.0000000e+00  -0.0000000e+00
   2.4250000e+00  -1.6180340e-01  -0.0000000e+00  -0.0000000e+00
   2.4500000e+00  -1.1755705e-01  -0.0000000e+00  -0.0000000e+00
   2.4750000e+00  -6.1803399e-02  -0.0000000e+00  -0.0000000e+00
   2.5000000e+00  -2.4492936e-16  -0.0000000e+00  -0.0000000e+00
   2.5250000e+00   6.1803399e-02   0.0000000e+00   0.0000000e+00
   2.5500000e+00   1.1755705e-01   0.0000000e+00   0.0000000e+00
   2.5750000e+00   1.6180340e-01   0.0000000e+00   0.0000000e+00
   2.6000000e+00   1.9021130e-01   0.0000000e+00   0.0000000e+00
   2.6250000e+00   2.0000000e-01   0.0000000e+00   0.0000000e+00
   2.6500000e+00   1.9021130e-01   0.0000000e+00   0.0000000e+00
   2.6750000e+00   1.6180340e-01   0.0000000e+00   0.0000000e+00
   2.7000000e+00   1.1755705e-01   0.0000000e+00   0.0000000e+00
   2.7250000e+00   6.1803399e-02   0.0000000e+00   0.0000000e+00
   2.7500000e+00   9.7996503e-16   0.0000000e+00   0.0000000e+00
   2.7750000e+00  -6.1803399e-02  -0.0000000e+00  -0.0000000e+00
   2.8000000e+00  -1.1755705e-01  -0.0000000e+00  -0.0000000e+00
   2.8250000e+00  -1.6180340e-01  -0.0000000e+00  -0.0000000e+00
   2.8500000e+00  -1.9021130e-01  -0.0000000e+00  -0.0000000e+00
   2.8750000e+00  -2.0000000e-01  -0.0000000e+00  -0.0000000e+00
   2.9000000e+00  -1.9021130e-01  -0.0000000e+00  -0.0000000e+00
   2.9250000e+00  -1.6180340e-01  -0.0000000e+00  -0.0000000e+00
   2.9500000e+00  -1.1755705e-01  -0.0000000e+00  -0.0000000e+00
   2.9750000e+00  -6.1803399e-02  -0.0000000e+00  -0.0000000e+00
   3.0000000e+00  -2.9391523e-16  -0.0000000e+00  -0.0000000e+00
   3.0250000e+00   6.1803399e-02   0.0000000e+00   0.0000000e+00
   3.0500000e+00   1.1755705e-01   0.0000000e+00   0.0000000e+00
   3.0750000e+00   1.6180340e-01   0.0000000e+00   0.0000000e+00
   3.1000000e+00   1.9021130e-01   0.0000000e+00   0.0000000e+00
   3.1250000e+00   2.0000000e-01   0.0000000e+00   0.0000000e+00
   3.1500000e+00   1.9021130e-01   0.0000000e+00   0.0000000e+00
   3.1750000e+00   1.6180340e-01   0.0000000e+00   0.0000000e+00
   3.2000000e+00   1.1755705e-01   0.0000000e+00   0.0000000e+00
   3.2250000e+00   6.1803399e-02   0.0000000e+00   0.0000000e+00
   3.2500000e+00  -3.9213457e-16  -0.0000000e+00  -0.0000000e+00
   3.2750000e+00  -6.1803399e-02  -0.0000000e+00  -0.0000000e+00
   3.3000000e+00  -1.1755705e-01  -0.0000000e+00  -0.0000000e+00
   3.3250000e+00  -1.6180340e-01  -0.0000000e+00  -0.0000000e+00
   3.3500000e+00  -1.9021130e-01  -0.0000000e+00  -0.0000000e+00
   3.3750000e+00  -2.0000000e-01  -0.0000000e+00  -0.0000000e+00
   3.4000000e+00  -1.9021130e-01  -0.0000000e+00  -0.0000000e+00
   3.4250000e+00  -1.6180340e-01  -0.0000000e+00  -0.0000000e+00
   3.4500000e+00  -1.1755705e-01  -0.0000000e+00  -0.0000000e+00
   3.4750000e+00  -6.1803399e-02  -0.0000000e+00  -0.0000000e+00
   3.5000000e+00  -3.4290110e-16  -0.0000000e+00  -0.0000000e+00
   3.5250000e+00   6.1803399e-02   0.0000000e+00   0.0000000e+00
   3.5500000e+00   1.1755705e-01   0.0000000e+00   0.0000000e+00
   3.5750000e+00   1.6180340e-01   0.0000000e+00   0.0000000e+00
   3.6000000e+00   1.9021130e-01   0.0000000e+00   0.0000000e+00
   3.6250000e+00   2.0000000e-01   0.0000000e+00   0.0000000e+00
   3.6500000e+00   1.9021130e-01   0.0000000e+00   0.0000000e+00
   3.6750000e+00   1.6180340e-01   0.0000000e+00   0.0000000e+00
   3.7000000e+00   1.1755705e-01   0.0000000e+00   0.0000000e+00
   3.7250000e+00   6.1803399e-02   0.0000000e+00   0.0000000e+00
   3.7500000e+00   1.0779368e-15   0.0000000e+00   0.0000000e+00
   3.7750000e+00  -6.1803399e-02  -0.0000000e+00  -0.0000000e+00
   3.8000000e+00  -1.1755705e-01  -0.0000000e+00  -0.0000000e+00
   3.8250000e+00  -1.6180340e-01  -0.0000000e+00  -0.0000000e+00
   3.8500000e+00  -1.9021130e-01  -0.0000000e+00  -0.0000000e+00
   3.8750000e+00  -2.0000000e-01  -0.0000000e+00  -0.0000000e+00
   3.9000000e+00  -1.9021130e-01  -0.0000000e+00  -0.0000000e+00
   3.9250000e+00  -1.6180340e-01  -0.0000000e+00  -0.0000000e+00
   3.9500000e+00  -1.1755705e-01  -0.0000000e+00  -0.0000000e+00
   3.9750000e+00  -6.1803399e-02  -0.0000000e+00  -0.0000000e+00
   4.0000000e+00  -3.9188698e-16  -0.0000000e+00  -0.0000000e+00
   4.0250000e+00   6.1803399e-02   0.0000000e+00   0.0000000e+00
   4.0500000e+00   1.1755705e-01   0.0000000e+00   0.0000000e+00
   4.0750000e+00   1.6180340e-01   0.0000000e+00   0.0000000e+00
   4.1000000e+00   1.9021130e-01   0.0000000e+00   0.0000000e+00
   4.1250000e+00   2.0000000e-01   0.0000000e+00   0.0000000e+00
   4.1500000e+00   1.9021130e-01   0.0000000e+00   0.0000000e+00
   4.1750000e+00   1.6180340e-01   0.0000000e+00   0.0000000e+00
   4.2000000e+00   1.1755705e-01   0.0000000e+00   0.0000000e+00
   4.2250000e+00   6.1803399e-02   0.0000000e+00   0.0000000e+00
   4.2500000e+00  -2.9416282e-16  -0.0000000e+00  -0.0000000e+00
   4.2750000e+00  -6.1803399e-02  -0.0000000e+00  -0.0000000e+00
   4.3000000e+00  -1.1755705e-01  -0.0000000e+00  -0.0000000e+00
   4.3250000e+00  -1.6180340e-01  -0.0000000e+00  -0.0000000e+00
   4.3500000e+00  -1.9021130e-01  -0.0000000e+00  -0.0000000e+00
   4.3750000e+00  -2.0000000e-01  -0.0000000e+00  -0.0000000e+00
   4.4000000e+00  -1.9021130e-01  -0.0000000e+00  -0.0000000e+00
   4.4250000e+00  -1.6180340e-01  -0.0000000e+00  -0.0000000e+00
   4.4500000e+00  -1.1755705e-01  -0.0000000e+00  -0.0000000e+00
   4.4750000e+00  -6.1803399e-02  -0.0000000e+00  -0.0000000e+00
   4.5000000e+00  -4.4087285e-16  -0.0000000e+00  -0.0000000e+00
   4.5250000e+00   6.1803399e-02   0.0000000e+00   0.0000000e+00
   4.5500000e+00   1.1755705e-01   0.0000000e+00   0.0000000e+00
   4.5750000e+00   1.6180340e-01   0.0000000e+00   0.0000000e+00
   4.6000000e+00   1.9021130e-01   0.0000000e+00   0.0000000e+00
   4.6250000e+00   2.0000000e-01   0.0000000e+00   0.0000000e+00
   4.6500000e+00   1.9021130e-01   0.0000000e+00   0.0000000e+00
   4.6750000e+00   1.6180340e-01   0.0000000e+00   0.0000000e+00
   4.7000000e+00   1.1755705e-01   0.0000000e+00   0.0000000e+00
   4.7250000e+00   6.1803399e-02   0.0000000e+00   0.0000000e+00
   4.7500000e+00   1.1759085e-15   0.0000000e+00   0.0000000e+00
   4.7750000e+00  -6.1803399e-02  -0.0000000e+00  -0.0000000e+00
   4.8000000e+00  -1.1755705e-01  -0.0000000e+00  -0.0000000e+00
   4.8250000e+00  -1.6180340e-01  -0.0000000e+00  -0.0000000e+00
   4.8500000e+00  -1.9021130e-01  -0.0000000e+00  -0.0000000e+00
   4.8750000e+00  -2.0000000e-01  -0.0000000e+00  -0.0000000e+00
   4.9000000e+00  -1.9021130e-01  -0.0000000e+00  -0.0000000e+00
   4.9250000e+00  -1.6180340e-01  -0.0000000e+00  -0.0000000e+00
   4.9500000e+00  -1.1755705e-01  -0.0000000e+00  -0.0000000e+00
   4.9750000e+00  -6.1803399e-02  -0.0000000e+00  -0.0000000e+00
   5.0000000e+00  -4.8985872e-16  -0.0000000e+00  -0.0000000e+00
