POUNET
ndim
2
npartition
16
nbasis
1
float_type
float64
transform_power
1.0
transform_shift
0.0
transform_sign_shift
0.0
ivar_center
-5.92697124713353e-02
-8.91390191472302e-01
ivar_scale
1.00000000000000e+00
1.04311002185903e+00
centers
-1.30418065411249e-01
4.95903224279946e-02
2.48470476985761e-01
9.49689571459437e-03
-1.28373877054439e-01
3.34162118869038e-02
1.65570098716799e-01
4.45253701168204e-02
2.49996644093352e-01
5.32071338930091e-02
2.10781527028349e-01
6.14150866099205e-02
1.50377388532157e-01
2.10293649387227e-02
-1.88266729905709e-01
-5.75315167599465e-01
5.35110995090179e-01
3.69587472482175e-01
5.19005560176408e-01
-1.95724277042036e-01
5.49250397648095e-01
1.45608161843008e+00
5.42657347598787e-01
3.74208888411296e-01
5.54586429010722e-01
-4.58923217878351e-02
5.72423601357950e-01
-1.21817639353046e-01
5.77098712396521e-01
-4.95147207392671e-01
5.31979899625694e-01
1.47037695338427e+00
shapes
2.58912466642078e+01
1.60025221081246e+01
1.58813025257848e+01
1.52343250295432e+01
2.87251924095369e+01
1.50219333084306e+01
2.00675448608805e+01
1.64638755197682e+01
1.55289156618302e+01
1.63394209491890e+01
1.55194997415422e+01
1.63261862712106e+01
2.28645703814633e+01
1.60405628182647e+01
4.44738822138477e+00
9.52046357663991e+00
1.75513496221039e+01
2.19887725144991e+01
1.52535085881349e+01
1.21809480244007e+01
1.75712589368317e+01
3.08272868589348e+01
1.72484883649047e+01
2.21619001778734e+01
1.52516505406282e+01
1.38022777003891e+01
1.74133468051073e+01
1.23557622773613e+01
1.52914322584888e+01
9.71157937320412e+00
1.45874130165863e+01
3.05848232221607e+01
coeffs
1.38216871813929e+00
2.74311690306607e+02
-1.81173590823549e+01
3.12962881434756e-03
-1.65799363711769e-02
2.60152356706214e-03
-1.99298544928357e+00
4.99954321761575e+02
-4.36898783809544e+01
-9.12630650831888e-02
-3.50193863669172e+00
4.44391921826839e-01
-1.78586767392423e+00
2.46753265186561e+00
3.13388989860688e+00
-5.34038838340501e-04
-5.95474598602589e-02
8.88916597441726e-03
-7.87624511064666e-01
7.97632891918905e+00
6.29243496527080e+00
4.62919735182487e-03
-1.23802704090623e-02
4.53075821382385e-04
-6.76604145056511e-03
-4.37756313644489e-03
8.35561653341095e-03
1.37253085082704e+03
-9.69317852810738e+01
-1.36368456692492e+03
4.57704407699545e+01
1.56276934329660e-01
-4.58349777870717e+01
3.13296560826933e-03
-8.74585937719476e-03
4.27639991916136e-03
-6.88852365472875e+01
-6.84305424551697e+01
1.26621320123056e+02
5.28793156006530e-03
-1.09509251857540e-03
-4.09159552420838e-03
3.24619689196902e+02
-5.25347635296036e+00
-3.17860839936519e+02
7.17483913938596e+01
4.63466487375832e-01
-7.18492607498537e+01
