POUNET
ndim
2
npartition
16
nbasis
1
float_type
float64
transform_power
1.0
transform_shift
0.0
transform_sign_shift
0.0
ivar_center
-5.92697124713353e-02
-8.91390191472302e-01
ivar_scale
1.00000000000000e+00
1.04311002185903e+00
centers
-1.19803827323180e-01
6.12555021938720e-02
2.09686440105979e-01
2.71283912139927e-03
-1.15819466487759e-01
3.92803265131335e-02
1.55067193206982e-01
7.08199427868245e-02
2.58370956276623e-01
5.66107221104529e-02
2.21789190856275e-01
6.12466905792746e-02
1.15468121512381e-01
2.50921608586416e-02
-1.20219652126438e-01
-5.67787818067768e-01
5.30918533054299e-01
3.70209674210306e-01
5.25110301060700e-01
-1.78306624954126e-01
5.46025792550334e-01
1.45516027601737e+00
5.38402036399401e-01
3.76834124205011e-01
5.64251122327306e-01
-3.36879302709943e-02
5.59816643683227e-01
-1.26119360957815e-01
5.94444417574768e-01
-4.67564552189828e-01
5.06852932625669e-01
1.46650914295606e+00
shapes
2.58759213382692e+01
1.60272512798043e+01
1.58516691135233e+01
1.52390592517379e+01
2.87575188240976e+01
1.50854526227200e+01
2.00602734564424e+01
1.64527847056142e+01
1.55324036952326e+01
1.63336010864546e+01
1.55216797489827e+01
1.63060144525178e+01
2.28401133190562e+01
1.60231673336623e+01
4.36859129350962e+00
9.50598333068757e+00
1.75106589574717e+01
2.19709702654639e+01
1.52684009197241e+01
1.21860668096528e+01
1.75666581961430e+01
3.08263251927367e+01
1.72970149699693e+01
2.21794192388280e+01
1.52638991728416e+01
1.37885995066685e+01
1.74131915311895e+01
1.23576123446028e+01
1.52886639103435e+01
9.68608661855415e+00
1.46062537227385e+01
3.05809560212428e+01
coeffs
9.41160022303169e+00
4.86760538488434e+02
-3.27976122283718e+01
-3.24622209029852e-02
1.14609478820703e-01
5.15906401260023e-02
1.35973159508078e+00
-8.92241430374187e+02
6.49303684885091e+01
4.58636189140644e-02
1.45833604147697e-01
-4.04419439024169e-02
-7.44302102804069e+01
6.14345440230013e+02
-2.67488711628194e+01
1.30601876596175e+00
-5.56215378459771e+00
-3.32950309929931e-01
-2.36701573726391e-01
9.23246462589124e+01
-5.98507025156416e+00
3.79270402968930e-02
2.87582298102117e-02
-1.02166992339360e-02
6.00427854508368e-02
1.63528190962589e-02
-2.94630790553521e-02
1.22295549033578e+02
1.49028514999615e+01
-1.25478196003025e+02
3.08506218694016e+02
2.14462888590680e-01
-3.08429197880739e+02
4.00731679817534e-02
5.06631758435868e-02
-1.76375956944855e-02
-4.76095575279223e+01
5.32719805935873e+00
4.40203405308630e+01
5.12950817655003e-01
9.69129292902805e-02
-5.29206265499711e-01
-3.87420404823857e-01
1.43943700156234e-01
3.23744132976222e-01
1.01751981491202e+00
2.89617929966692e-02
-9.90177249475594e-01
