POUNET
ndim
2
npartition
16
nbasis
1
float_type
float64
transform_power
1.0
transform_shift
0.0
transform_sign_shift
0.0
ivar_center
-5.92697124713353e-02
-8.91390191472302e-01
ivar_scale
1.00000000000000e+00
1.04311002185903e+00
centers
-1.24526824703776e-01
5.38712837582280e-02
2.06504165916146e-01
-9.72125944972256e-03
-1.37881233124194e-01
5.01509205347622e-02
1.67788122612591e-01
5.20244579487931e-02
2.46296229917817e-01
5.51915659908538e-02
2.07790082571265e-01
7.16379329068476e-02
9.06725857663612e-02
1.90047857827375e-02
-1.37711369449496e-01
-6.21283180096123e-01
5.39736772544996e-01
3.67989537738063e-01
5.28889553424098e-01
-1.96229910487465e-01
5.48637608512324e-01
1.45728285048919e+00
5.33799095703035e-01
3.71812523300490e-01
5.52145827494255e-01
-5.00930211225548e-02
5.66528598688674e-01
-1.20958162821189e-01
5.78667375186463e-01
-5.06615214127121e-01
5.19386442405900e-01
1.46544984433790e+00
shapes
2.58876325724795e+01
1.61226474630930e+01
1.58419703425720e+01
1.52521759128742e+01
2.87628131433783e+01
1.50547958759319e+01
2.00695127874182e+01
1.64579584657114e+01
1.55240077362737e+01
1.63411446611870e+01
1.55174567044957e+01
1.63226025153592e+01
2.28202051193817e+01
1.60407677271456e+01
4.38361244709504e+00
9.56795015993706e+00
1.74892650381426e+01
2.19831351540295e+01
1.53069244500162e+01
1.21777216274512e+01
1.75540325059968e+01
3.08287367725137e+01
1.72978360878471e+01
2.21702683645246e+01
1.52540667453530e+01
1.38051356897255e+01
1.74231974388142e+01
1.23539383999943e+01
1.52895081036286e+01
9.72326925598258e+00
1.46016028918312e+01
3.05804391895060e+01
coeffs
-1.84747513821564e-01
-2.17842582001652e+01
1.37938242468076e+00
-8.79493315410199e-03
9.22335699759973e-02
1.20841435560594e-03
4.53159716556595e+00
3.12745599599968e+02
-2.93007347557082e+01
-1.61337788974322e-05
-6.17163544833968e-02
1.85287122092852e-02
-1.22428581716649e-01
9.78004744683640e-01
1.19993266690999e-03
9.29450537953233e-05
-3.12671606364229e-04
1.55102161816829e-05
2.52251178142651e-04
-3.69370199992026e-02
2.79058184310521e-03
-7.84993931640238e+01
-4.12816205696213e+01
8.51311262697084e+01
1.55435023067855e-04
-5.23071847592663e-05
-8.75825871643954e-05
-1.63002700598274e+02
-2.41451768551554e+01
1.65327989308077e+02
2.07416099956623e+00
6.30174304979050e-04
-2.07350242509204e+00
6.59187147415743e-05
-2.10768247247173e-04
2.96541692930568e-05
7.35722673803861e+01
-1.76547860567848e+01
-5.87671207202553e+01
1.12363264694164e-04
-3.06311041337861e-05
-7.47936428803304e-05
1.54409254997060e+02
-7.62386433853803e+00
-1.45395817817864e+02
-7.14017559926466e-04
-1.76116661972190e-04
8.04905924301594e-04
