POUNET
ndim
2
npartition
16
nbasis
1
float_type
float64
transform_power
0.5
transform_shift
0.0001
transform_sign_shift
0.01
ivar_center
-5.92697124713353e-02
-8.91390191472302e-01
ivar_scale
1.00000000000000e+00
1.04311002185903e+00
centers
-1.25916033967400e-01
4.37477124579114e-02
2.58217927303555e-01
-1.63671334299672e-02
-1.39699250939628e-01
5.15977794395231e-02
1.90441630479510e-01
4.87994747220343e-02
2.40018379537907e-01
4.84332202367758e-02
2.33259487059209e-01
5.30399699351494e-02
1.47595219942634e-01
9.88052892737501e-03
-1.24203622178817e-01
-5.94226064263126e-01
5.45530103349792e-01
3.76757790261428e-01
4.97384666622038e-01
-1.50161425386719e-01
5.17209861214391e-01
1.43009304373991e+00
5.38753682081671e-01
3.66745187858594e-01
5.70832101640398e-01
3.24865589602034e-02
5.11939640569249e-01
-8.61915454665359e-02
5.73090721201756e-01
-3.89796735858360e-01
5.99698590875707e-01
1.43813955010505e+00
shapes
2.58774193974426e+01
1.59749578133520e+01
1.58842099386742e+01
1.52538472739321e+01
2.87122852653815e+01
1.49890010853320e+01
2.00881323509449e+01
1.64521878474910e+01
1.54916254830400e+01
1.63196127222736e+01
1.55346655903210e+01
1.63488847208556e+01
2.28842831608354e+01
1.60462777642200e+01
4.37130847588363e+00
9.48867174735434e+00
1.76119341281770e+01
2.19877466704516e+01
1.52603443162511e+01
1.21112677109161e+01
1.75565741928167e+01
3.07996285943273e+01
1.71641826114508e+01
2.21478248280235e+01
1.52442617875409e+01
1.37440274813224e+01
1.74169750338304e+01
1.23312636715572e+01
1.53119073883070e+01
9.61309442525918e+00
1.46706036463040e+01
3.05531802034081e+01
coeffs
2.02408050050190e+02
-1.49095069101386e+04
2.34891759490229e+03
5.00765131311315e+03
6.24016232641571e+04
-1.21743493781191e+04
-2.76369107967963e+02
-5.51800644880828e+03
7.29716812837413e+02
-1.66561266644101e+02
-6.06780145273741e+03
1.04965207547307e+03
4.70917139135068e+02
5.79536443951259e+03
-1.03472417180786e+03
-1.32087132376691e+02
-9.51975543342021e+02
2.24823200865659e+02
-3.09149413522727e+02
1.92541833735807e+05
-1.27062166884136e+04
1.01884334567335e+03
2.67273215721118e+03
-1.45115862348390e+03
2.85393347765509e+01
6.93931884899067e+00
-3.01179127773699e+01
5.82995870483629e+02
1.66530000926542e+03
-8.15681497549548e+02
1.92776946232838e+01
5.60800056846158e-02
-1.92871081654055e+01
1.99646611228237e+00
1.37734723813928e+02
-1.52941799778426e+01
2.64951843585567e+01
4.94614619681766e+00
-2.75174133288066e+01
2.50362261328060e+01
7.67285088330026e-02
-2.48491639660656e+01
-9.10279389876792e+02
-1.70315016823864e+01
9.10584257190171e+02
1.78797584813944e+02
1.82078686604936e-01
-1.79042253632691e+02
