
TEMPERATURE                =   298.00 K
DENSITY                    =  0.99800 G/C.C.
NUMBER OF MOLECULES        =      216
NUMBER OF PROCESSORS       =        2
TIME STEP                  = 1.50e-16 SEC
ORDER USED TO SOLVE F=MA   =        6 
NO. OF TIME STEPS          =       20 
FREQUENCY OF DATA SAVING   =       -1 
FREQUENCY TO WRITE RST FILE=     3000 
SPHERICAL CUTOFF RADIUS    =   9.3191 ANGSTROM
***** NEW RUN STARTING FROM REGULAR LATTICE *****
         1        0.76483      0.00211     -0.28144                           4.13034
            4.616        151.94660         -1.59494
         2        0.77993      0.00857     -0.26454                           4.09141
            4.615        153.44684         -1.72402
         3        0.80364      0.01966     -0.25699                           4.04929
            4.616        155.51698         -1.88908
         4        0.83396      0.03582     -0.25840                           4.00419
            4.616        158.05770         -2.09288
         5        0.86994      0.05753     -0.26903                           3.95713
            4.616        161.01187         -2.33138
         6        0.91012      0.08528     -0.28888                           3.90905
            4.616        164.31159         -2.60344
         7        0.95296      0.11952     -0.31698                           3.86005
            4.616        167.88454         -2.90675
         8        0.99700      0.16055     -0.35197                           3.80998
            4.616        171.65781         -3.23897
         9        1.04086      0.20847     -0.39289                           3.75912
            4.616        175.56075         -3.59735
        10        1.08340      0.26313     -0.43956                           3.70859
            4.616        179.52830         -3.97871
        11        1.12377      0.32406     -0.49039                           3.65813
            4.616        183.50344         -4.37965
        12        1.16140      0.39053     -0.54408                           3.60770
            4.616        187.43918         -4.79655
        13        1.19611      0.46151     -0.59983                           3.55778
            4.616        191.29975         -5.22550
        14        1.22797      0.53572     -0.65653                           3.50841
            4.616        195.06096         -5.66241
        15        1.25734      0.61173     -0.71390                           3.46039
            4.616        198.70970         -6.10300
        16        1.28476      0.68802     -0.77055                           3.41333
            4.616        202.24278         -6.54299
        17        1.31085      0.76310     -0.82610                           3.36771
            4.616        205.66513         -6.97807
        18        1.33625      0.83559     -0.87974                           3.32346
            4.616        208.98755         -7.40401
        19        1.36152      0.90431     -0.93092                           3.28066
            4.616        212.22440         -7.81672
        20        1.38705      0.96835     -0.97911                           3.23927
            4.616        215.39123         -8.21234
