3.31280E-01	1.76790E-01	6.05290E-05	1.00000E+00
2.46710E-01	4.63390E-01	8.42550E-04	1.00000E+00
1.70460E-01	6.70080E-01	3.97260E-03	1.00000E+00
1.14270E-01	8.10660E-01	1.34840E-02	1.00000E+00
6.77480E-02	8.99990E-01	4.28110E-02	1.00000E+00
3.91430E-02	9.52340E-01	1.43920E-01	1.00000E+00
1.85200E-02	9.80090E-01	3.59710E-01	1.00000E+00
8.39670E-03	9.93030E-01	7.98690E-01	1.00000E+00
2.66230E-03	9.98110E-01	1.93740E+00	1.00000E+00
7.30370E-04	9.99650E-01	4.69220E+00	1.00000E+00
8.40780E-05	9.99970E-01	7.71580E+00	1.00000E+00
3.47440E-06	1.00000E+00	1.95530E+01	1.00000E+00
