   4.2205715881897412e+14
   2.2491598931095947e+14
  -4.2129130799931844e+13
  -1.7757097324673747e+14
   1.2012599650135309e+14
   1.9813685876627772e+14
   6.5279837793077961e+13
   2.6562596798782478e+14
   2.1205041332773700e+14
   3.0183516162772319e+14
   1.2853033766166252e+14
   2.0512698060582000e+14
   4.0067181654225531e+13
   1.5654473209876205e+13
  -1.1166826252926911e+14
  -1.1643433366023462e+14
  -2.7628132562379272e+14
  -2.7562221390708616e+14
   1.4315721878103744e+14
   4.2194630373277325e+14
